Running for 86400.0 seconds (86400 samples at 1.0 second intervals).
Power measurements will start in 0 seconds time.

  Time    User  Nice   Sys  Idle    IO  Run Ctxt/s  IRQ/s Fork Exec Exit  Watts  uncore  pkg-0   core   psys   TCPU x86_pk INT340   SEN3 TCPU_P iwlwif acpitz   SEN2
21:20:11   0.0   0.0   0.1  99.8   0.0    1    319    531    0    0    0  12.42    0.00   2.85   0.21   9.36  56.05  56.00  20.00  43.05  56.00  70.00  45.05   0.00
21:20:12   0.0   0.0   0.0 100.0   0.0    1    271    172    0    0    0   7.30    0.00   1.63   0.07   5.60  55.05  55.00  20.00  43.05  55.00  60.00  45.05   0.00
21:20:13   0.1   0.0   0.1  99.8   0.0    2    428    200   14    6    8   8.92    0.00   2.05   0.19   6.68  56.05  56.00  20.00  43.05  56.00  57.00  45.05   0.00
21:20:14  14.2   0.0   0.8  85.0   0.0    6  49500   5847   35    0    0 102.36    0.00  28.85  22.85  50.66  70.05  70.00  20.00  43.05  70.00  57.00  45.05   0.00
21:20:15  12.5   0.0   1.0  86.4   0.0    5  24553   5123   75    9   46  81.84    0.00  22.36  16.04  43.44  61.05  61.00  20.00  43.05  61.00  68.00  45.05   0.00
21:20:16  24.6   0.0   1.6  73.8   0.0    5  69641  15306   32    0    9  94.36    0.00  26.62  20.37  47.38  61.05  61.00  20.00  43.05  61.00  68.00  45.05   0.00
21:20:17  13.3   0.0   1.0  85.6   0.0    2  47841   9421   35   40   27  74.74    0.00  20.22  13.81  40.72  60.05  60.00  20.00  43.05  60.00  63.00  45.05   0.00
21:20:18  15.9   0.0   0.7  83.4   0.0    5  54177   5941   25   34   28  85.44    0.00  23.33  16.68  45.43  65.05  65.00  20.00  43.05  65.00  63.00  45.05   0.00
21:20:19  53.5   0.0   1.4  45.0   0.0   22  65755   9731   27    0    0 117.05    0.00  33.63  26.85  56.57  62.05  62.00  20.00  43.05  62.00  68.00  45.05   0.00
21:20:20  70.3   0.0   0.7  29.1   0.0   20  30044  12685    0    0    1 105.43    0.00  30.28  23.71  51.44  62.05  62.00  20.00  43.05  62.00  68.00  45.05   0.00
21:20:21  74.1   0.0   0.8  25.1   0.0   20  21018   7550    0    0    2 104.42    0.00  29.89  23.22  51.31  61.05  61.00  20.00  43.05  61.00  68.00  45.05   0.00
21:20:22  74.8   0.0   0.5  24.6   0.0   20  17612   7059    0    0    0 105.37    0.00  30.18  23.38  51.80  63.05  63.00  20.00  43.05  63.00  68.00  45.05   0.00
21:20:23  63.4   0.0   0.5  36.0   0.0   16  16006   6347    0    0    0 103.80    0.00  29.62  22.82  51.35  62.05  62.00  20.00  43.05  62.00  62.00  45.05   0.00
21:20:24  35.8   0.0   0.3  63.9   0.0   20  17281   4893    1    0    1 108.56    0.00  30.89  24.40  53.27  68.05  68.00  20.00  43.05  68.00  65.00  45.05   0.00
21:20:25  18.5   0.0   0.2  81.4   0.0    4  10136   2599    0    0    3  82.66    0.00  22.91  16.90  42.86  75.05  75.00  20.00  43.05  75.00  65.00  45.05   0.00
21:20:26  16.3   0.0   0.5  83.3   0.0    5  11571   3106    1    0    1  94.69    0.00  26.78  20.55  47.36  74.05  74.00  20.00  43.05  74.00  70.00  45.05   0.00
21:20:27  53.3   0.0   0.5  46.1   0.0    6  23416   6924   37    0    0 113.35    0.00  32.62  26.22  54.52  70.05  70.00  20.00  43.05  70.00  70.00  45.05   0.00
21:20:28  97.6   0.0   0.3   2.1   0.0   28   8062   7884    0    0    0 107.31    0.00  30.92  24.56  51.83  62.05  62.00  20.00  43.05  62.00  66.00  45.05   0.00
21:20:29  98.1   0.0   0.4   1.5   0.0   28   4760   6824    0    0    0 105.68    0.00  30.38  23.98  51.32  62.05  62.00  20.00  43.05  62.00  66.00  45.05   0.00
21:20:30  78.9   0.0   1.2  19.8   0.0    6  24624  49510    0    0    4  99.16    0.00  28.24  21.66  49.26  67.05  67.00  20.00  43.05  67.00  63.00  45.05   0.00
21:20:31  75.9   0.0   0.9  23.2   0.0   26  37891   9454    2    0    0 110.51    0.00  31.89  25.36  53.26  63.05  63.00  20.00  43.05  63.00  63.00  45.05   0.00
21:20:32  94.9   0.0   0.7   4.4   0.0   23  13137   7140    0    0    0 104.59    0.00  29.98  23.32  51.28  63.05  63.00  20.00  43.05  63.00  63.00  45.05   0.00
21:20:33  84.8   0.0   0.9  14.3   0.0   27  27051   8515    0    0    0 103.16    0.00  29.56  22.90  50.70  62.05  62.00  20.00  43.05  62.00  64.00  45.05   0.00
21:20:34  96.3   0.0   0.7   3.0   0.0   29  12123   7927    0    0    0 104.03    0.00  29.79  23.07  51.17  62.05  62.00  20.00  43.05  62.00  63.00  45.05   0.00
21:20:35  96.3   0.0   0.8   2.9   0.0   30  11273   7751    0    0    0 104.03    0.00  29.79  23.04  51.20  63.05  63.00  20.00  43.05  63.00  63.00  45.05   0.00
21:20:36  96.0   0.0   0.5   3.4   0.0   26  13936   8172    0    0    0 104.09    0.00  29.81  23.06  51.22  61.05  61.00  20.00  43.05  61.00  63.00  45.05   0.00
21:20:37  96.5   0.0   0.5   3.0   0.0   28  10780   7646    0    0    0 104.79    0.00  29.87  22.90  52.03  63.05  63.00  20.00  43.05  63.00  63.00  45.05   0.00
21:20:38  94.3   0.0   1.0   4.7   0.0   32  11774   7589    0    0    0 104.27    0.00  29.81  22.97  51.48  63.05  63.00  20.00  43.05  63.00  64.00  45.05   0.00
21:20:39  95.2   0.0   0.4   4.4   0.0   28  11436   7455    0    0    0 104.67    0.00  29.94  23.10  51.62  63.05  63.00  20.00  43.05  63.00  64.00  45.05   0.00
21:20:40  95.6   0.0   0.4   4.0   0.0   19  10231   7097    0    0    0 104.24    0.00  29.81  23.01  51.42  63.05  63.00  20.00  43.05  63.00  63.00  45.05   0.00
21:20:41  95.0   0.0   0.8   4.2   0.0   29  11106   7584    0    0    0 106.32    0.00  30.27  23.19  52.86  62.05  62.00  20.00  43.05  62.00  63.00  45.05   0.00
21:20:42  87.6   0.0   0.4  12.0   0.0   28  12738  13117    0    0    1 100.98    0.00  28.87  22.19  49.92  64.05  64.00  20.00  43.05  64.00  63.00  45.05   0.00
21:20:43  96.9   0.0   0.3   2.8   0.0    7   8928   7428    0    0    2 104.69    0.00  29.98  23.16  51.56  63.05  62.00  20.00  43.05  62.00  64.00  45.05   0.00
21:20:44  95.8   0.0   0.3   3.8   0.0   28   8899   7268    0    0    1 105.51    0.00  30.07  23.05  52.38  63.05  63.00  20.00  43.05  63.00  64.00  45.05   0.00
21:20:45  32.7   0.0   0.2  67.0   0.0    5   7332   3178    0    0    0  90.57    0.00  25.28  19.03  46.26  75.05  75.00  20.00  43.05  75.00  64.00  45.05   0.00
21:20:46  18.4   0.0   0.1  81.5   0.0    5   8051   2135    0    0    0  94.58    0.00  26.33  19.96  48.30  76.05  76.00  20.00  43.05  76.00  76.00  45.05   0.00
-------- ----- ----- ----- ----- ----- ---- ------ ------ ---- ---- ---- ------  ------ ------ ------ ------ ------ ------ ------ ------ ------ ------ ------ ------
 Average  60.2   0.0   0.6  39.2   0.0 16.4 19825.0 7975.2  7.9  2.5  3.7  93.50    0.00  26.54  20.33  46.63  63.97  63.89  20.00  43.05  63.89  64.78  45.05   0.00
 GeoMean   0.0   0.0   0.0  18.5   0.0 11.2 12140.1 5503.5  0.0  0.0  0.0  82.57    0.00  23.01  14.42  42.55  63.78  63.70  20.00  43.05  63.70  64.68  45.05   0.00
  StdDev  36.0   0.0   0.4  36.1   0.0 10.8 17362.0 7740.8 16.5  8.6  9.6  26.76    0.00   7.87   6.66  12.31   4.96   4.97   0.00   0.00   4.97   3.60   0.00   0.00
-------- ----- ----- ----- ----- ----- ---- ------ ------ ---- ---- ---- ------  ------ ------ ------ ------ ------ ------ ------ ------ ------ ------ ------ ------
 Minimum   0.0   0.0   0.0   1.5   0.0  1.0  271.0  172.0  0.0  0.0  0.0   7.30    0.00   1.63   0.07   5.60  55.05  55.00  20.00  43.05  55.00  57.00  45.05   0.00
 Maximum  98.1   0.0   1.6 100.0   0.0 32.0 69641.0 49510.0 75.0 40.0 46.0 117.05    0.00  33.63  26.85  56.57  76.05  76.00  20.00  43.05  76.00  76.00  45.05   0.00
-------- ----- ----- ----- ----- ----- ---- ------ ------ ---- ---- ---- ------  ------ ------ ------ ------ ------ ------ ------ ------ ------ ------ ------ ------
Summary:
CPU:  93.50 Watts on average with standard deviation 26.76 
Note: power read from RAPL domains: uncore, pkg-0, core, psys.
These readings do not cover all the hardware in this device.

Histogram (of 36 power measurements)

  Range (Watts)   Count
  7.303 -  18.277     3 ######
 18.278 -  29.252     0 
 29.253 -  40.226     0 
 40.227 -  51.201     0 
 51.202 -  62.175     0 
 62.176 -  73.150     0 
 73.151 -  84.125     3 ######
 84.126 -  95.099     5 ##########
 95.100 - 106.074    19 ########################################
106.075 - 117.048     6 ############

Histogram (of 36 CPU utilization measurements)

 Range (%CPU)   Count
 0.000 -  9.848     3 #########
 9.849 - 19.698     7 #####################
19.699 - 29.547     1 ###
29.548 - 39.397     2 ######
39.398 - 49.246     0 
49.247 - 59.095     2 ######
59.096 - 68.945     1 ###
68.946 - 78.794     4 ############
78.795 - 88.643     3 #########
88.644 - 98.493    13 ########################################

Histogram (of 36 thermal zone TCPU readings)

 Range (째C)    Count
55.050 - 57.149     3 ######
57.150 - 59.249     0 
59.250 - 61.349     5 ###########
61.350 - 63.449    18 ########################################
63.450 - 65.549     2 ####
65.550 - 67.649     1 ##
67.650 - 69.749     1 ##
69.750 - 71.849     2 ####
71.850 - 73.949     0 
73.950 - 76.049     4 ########

Histogram (of 36 thermal zone x86_pkg_temp readings)

 Range (째C)    Count
55.000 - 57.099     3 ######
57.100 - 59.199     0 
59.200 - 61.299     5 ###########
61.300 - 63.399    18 ########################################
63.400 - 65.499     2 ####
65.500 - 67.599     1 ##
67.600 - 69.699     1 ##
69.700 - 71.799     2 ####
71.800 - 73.899     0 
73.900 - 75.999     4 ########

Range is zero, cannot produce histogram of thermal zone INT3400 Thermal

Range is zero, cannot produce histogram of thermal zone SEN3

Histogram (of 36 thermal zone TCPU_PCI readings)

 Range (째C)    Count
55.000 - 57.099     3 ######
57.100 - 59.199     0 
59.200 - 61.299     5 ###########
61.300 - 63.399    18 ########################################
63.400 - 65.499     2 ####
65.500 - 67.599     1 ##
67.600 - 69.699     1 ##
69.700 - 71.799     2 ####
71.800 - 73.899     0 
73.900 - 75.999     4 ########

Histogram (of 36 thermal zone iwlwifi_1 readings)

 Range (째C)    Count
57.000 - 58.899     2 ####
58.900 - 60.799     1 ##
60.800 - 62.699     1 ##
62.700 - 64.599    18 ########################################
64.600 - 66.499     4 ########
66.500 - 68.399     6 #############
68.400 - 70.299     3 ######
70.300 - 72.199     0 
72.200 - 74.099     0 
74.100 - 75.999     1 ##

Range is zero, cannot produce histogram of thermal zone acpitz

Range is zero, cannot produce histogram of thermal zone SEN2
