Running for 86400.0 seconds (86400 samples at 1.0 second intervals).
Power measurements will start in 0 seconds time.

  Time    User  Nice   Sys  Idle    IO  Run Ctxt/s  IRQ/s Fork Exec Exit  Watts  uncore  pkg-0   core   psys   TCPU x86_pk INT340   SEN3 TCPU_P iwlwif acpitz   SEN2
20:09:57   0.0   0.0   0.0 100.0   0.0    1    161    227    0    0    0   4.64    0.00   1.23   0.18   3.23  55.05  56.00  20.00  44.05  56.00  68.00  45.05   0.00
20:09:58   0.0   0.0   0.0 100.0   0.0    1    177    115    0    0    0   4.77    0.00   1.31   0.08   3.39  55.05  55.00  20.00  44.05  55.00  68.00  45.05   0.00
20:09:59   0.0   0.0   0.2  99.8   0.0    3    292    143   14    6    8   2.76    0.00   0.77   0.18   1.82  54.05  54.00  20.00  44.05  54.00  60.00  45.05   0.00
20:10:00  17.6   0.0   0.7  81.6   0.0    6  37957   5791   37    0    0 103.34    0.00  30.25  24.69  48.39  73.05  73.00  20.00  44.05  73.00  60.00  45.05   0.00
20:10:01  19.1   0.0   0.6  80.3   0.0    6  30937   5009   45    7   28 104.06    0.00  30.38  24.54  49.14  68.05  68.00  20.00  44.05  68.00  65.00  45.05   0.00
20:10:02  13.0   0.0   1.1  85.9   0.1   11  36418   8809   79    2   44  80.32    0.00  22.93  16.88  40.51  73.05  73.00  20.00  44.05  73.00  65.00  45.05   0.00
20:10:03  20.8   0.0   1.2  78.0   0.0    5  83208  15116    4    0    8  82.80    0.00  24.15  18.52  40.13  73.05  73.00  20.00  44.05  73.00  64.00  45.05   0.00
20:10:04   9.2   0.0   1.0  89.7   0.0    3  16674   4140   69   90   68  71.07    0.00  19.84  13.27  37.96  61.05  61.00  20.00  44.05  59.00  64.00  45.05   0.00
20:10:05  17.1   0.0   0.3  82.5   0.0    3  24427   3838   14    0    0 108.02    0.00  31.78  26.03  50.21  69.05  69.00  20.00  44.05  69.00  64.00  45.05   0.00
20:10:06  62.2   0.0   1.5  36.3   0.0   16  64757  14204   19    0    2 111.57    0.00  33.10  26.90  51.56  63.05  63.00  20.00  44.05  63.00  64.00  45.05   0.00
20:10:07  75.7   0.0   0.8  23.5   0.0   20  23364   7410    0    0    0 103.16    0.00  30.43  24.08  48.66  63.05  63.00  20.00  44.05  63.00  69.00  45.05   0.00
20:10:08  71.9   0.0   0.5  27.6   0.0   19  18485   7083    0    0    2 101.98    0.00  29.92  23.32  48.74  62.05  62.00  20.00  44.05  62.00  69.00  45.05   0.00
20:10:09  71.4   0.0   0.5  28.1   0.0   15  16689   6823    0    0    0 100.98    0.00  29.76  23.19  48.03  66.05  66.00  20.00  44.05  66.00  65.00  45.05   0.00
20:10:10  46.3   0.0   0.6  53.1   0.0    5  17672   5509    1    0    1 101.54    0.00  29.65  23.28  48.60  71.05  71.00  20.00  44.05  71.00  65.00  45.05   0.00
20:10:11  37.1   0.0   0.4  62.4   0.0    5  15050   4427    0    0    2 102.38    0.00  29.90  23.79  48.69  79.05  79.00  20.00  44.05  79.00  64.00  45.05   0.00
20:10:12  40.8   0.0   0.5  58.7   0.0   27  22340   6140   12    0    1 109.15    0.00  32.11  25.89  51.16  65.05  64.00  20.00  44.05  64.00  64.00  45.05   0.00
20:10:13  64.4   0.0   0.7  34.9   0.0   30  19980  32169   24    0    0 101.59    0.00  30.08  24.00  47.51  65.05  65.00  20.00  44.05  65.00  73.00  45.05   0.00
20:10:14  85.6   0.0   0.2  14.2   0.0   33   8723   7152    0    0    0  97.68    0.00  28.83  22.83  46.01  75.05  75.00  20.00  44.05  75.00  73.00  45.05   0.00
20:10:15  41.0   0.0   0.5  58.5   0.0    5  52149   8372    0    0    0  93.45    0.00  27.11  20.85  45.50  68.05  68.00  20.00  44.05  68.00  73.00  45.05   0.00
20:10:16  37.6   0.0   0.4  62.0   0.0   31  37471   6930    0    0    0 102.29    0.00  29.89  23.75  48.65  65.05  65.00  20.00  44.05  66.00  65.00  45.05   0.00
20:10:17  84.5   0.0   0.7  14.8   0.0   33  10687   7198    0    0    0 101.94    0.00  30.07  23.58  48.28  65.05  65.00  20.00  44.05  65.00  69.00  45.05   0.00
20:10:18  96.1   0.0   0.8   3.1   0.0   26  11317   8044    0    0    0 100.84    0.00  29.74  23.36  47.75  63.05  63.00  20.00  44.05  63.00  69.00  45.05   0.00
20:10:19  96.9   0.0   0.3   2.8   0.0   32  12316   8232    0    0    0 101.50    0.00  29.96  23.56  47.98  63.05  63.00  20.00  44.05  63.00  65.00  45.05   0.00
20:10:20  96.6   0.0   0.6   2.7   0.0   30  13092   8573    0    0    0 100.99    0.00  29.79  23.39  47.81  64.05  64.00  20.00  44.05  65.00  65.00  46.05   0.00
20:10:21  96.1   0.0   0.5   3.4   0.0   28  13597   7959    0    0    0 101.84    0.00  30.03  23.59  48.22  63.05  63.00  20.00  44.05  65.00  64.00  46.05   0.00
20:10:22  95.5   0.0   0.7   3.7   0.0    4  11387   7599    0    0    0 101.02    0.00  29.76  23.32  47.94  63.05  63.00  20.00  44.05  63.00  64.00  46.05   0.00
20:10:23  84.5   0.0   0.7  14.8   0.0   28  14170  26361    0    0    0 100.87    0.00  29.65  23.22  48.00  65.05  65.00  20.00  44.05  64.00  65.00  46.05   0.00
20:10:24  69.7   0.0   0.5  29.8   0.0    5  14654   6898    0    0    0  96.96    0.00  27.96  21.64  47.36  76.05  76.00  20.00  44.05  76.00  65.00  46.05   0.00
20:10:25  17.8   0.0   0.4  81.8   0.0    5  12776   2516    0    0    0 104.23    0.00  29.90  24.06  50.27  81.05  81.00  20.00  44.05  81.00  65.00  46.05   0.00
20:10:26  10.2   0.0   0.7  89.1   0.0    1  11396   3094    5    4   46  67.47    0.00  19.05  14.01  34.42  58.05  58.00  20.00  44.05  58.00  65.00  46.05   0.00
-------- ----- ----- ----- ----- ----- ---- ------ ------ ---- ---- ---- ------  ------ ------ ------ ------ ------ ------ ------ ------ ------ ------ ------ ------
 Average  49.3   0.0   0.6  50.1   0.0 14.6 21744.1 7862.7 10.8  3.6  7.0  88.84    0.00  25.98  20.33  42.53  66.18  66.13  20.00  44.05  66.17  65.93  45.28   0.00
 GeoMean   0.0   0.0   0.0  31.7   0.0  8.9 12605.6 4977.8  0.0  0.0  0.0  70.82    0.00  20.54  13.38  35.17  65.85  65.81  20.00  44.05  65.84  65.86  45.28   0.00
  StdDev  33.8   0.0   0.3  33.8   0.0 11.8 18187.2 6644.3 20.4 16.1 16.5  29.94    0.00   8.87   7.39  13.76   6.63   6.58   0.00   0.00   6.62   3.19   0.42   0.00
-------- ----- ----- ----- ----- ----- ---- ------ ------ ---- ---- ---- ------  ------ ------ ------ ------ ------ ------ ------ ------ ------ ------ ------ ------
 Minimum   0.0   0.0   0.0   2.7   0.0  1.0  161.0  115.0  0.0  0.0  0.0   2.76    0.00   0.77   0.08   1.82  54.05  54.00  20.00  44.05  54.00  60.00  45.05   0.00
 Maximum  96.9   0.0   1.5 100.0   0.1 33.0 83208.0 32169.0 79.0 90.0 68.0 111.57    0.00  33.10  26.90  51.56  81.05  81.00  20.00  44.05  81.00  73.00  46.05   0.00
-------- ----- ----- ----- ----- ----- ---- ------ ------ ---- ---- ---- ------  ------ ------ ------ ------ ------ ------ ------ ------ ------ ------ ------ ------
Summary:
CPU:  88.84 Watts on average with standard deviation 29.94 
Note: power read from RAPL domains: uncore, pkg-0, core, psys.
These readings do not cover all the hardware in this device.

Histogram (of 30 power measurements)

  Range (Watts)   Count
  2.759 -  13.639     3 ######
 13.640 -  24.520     0 
 24.521 -  35.400     0 
 35.401 -  46.281     0 
 46.282 -  57.162     0 
 57.163 -  68.042     1 ##
 68.043 -  78.923     1 ##
 78.924 -  89.804     2 ####
 89.805 - 100.684     3 ######
100.685 - 111.565    20 ########################################

Histogram (of 30 CPU utilization measurements)

 Range (%CPU)   Count
 0.000 -  9.727     3 ####################
 9.728 - 19.455     6 ########################################
19.456 - 29.182     2 #############
29.183 - 38.910     2 #############
38.911 - 48.638     3 ####################
48.639 - 58.366     0 
58.367 - 68.094     2 #############
68.095 - 77.822     4 ##########################
77.823 - 87.549     3 ####################
87.550 - 97.277     5 #################################

Histogram (of 30 thermal zone TCPU readings)

 Range (°C)    Count
54.050 - 56.749     3 #################
56.750 - 59.449     1 #####
59.450 - 62.149     2 ###########
62.150 - 64.849     7 ########################################
64.850 - 67.549     6 ##################################
67.550 - 70.249     3 #################
70.250 - 72.949     1 #####
72.950 - 75.649     4 ######################
75.650 - 78.349     1 #####
78.350 - 81.049     2 ###########

Histogram (of 30 thermal zone x86_pkg_temp readings)

 Range (°C)    Count
54.000 - 56.699     3 ###############
56.700 - 59.399     1 #####
59.400 - 62.099     2 ##########
62.100 - 64.799     8 ########################################
64.800 - 67.499     5 #########################
67.500 - 70.199     3 ###############
70.200 - 72.899     1 #####
72.900 - 75.599     4 ####################
75.600 - 78.299     1 #####
78.300 - 80.999     2 ##########

Range is zero, cannot produce histogram of thermal zone INT3400 Thermal

Range is zero, cannot produce histogram of thermal zone SEN3

Histogram (of 30 thermal zone TCPU_PCI readings)

 Range (°C)    Count
54.000 - 56.699     3 #################
56.700 - 59.399     2 ###########
59.400 - 62.099     1 #####
62.100 - 64.799     7 ########################################
64.800 - 67.499     6 ##################################
67.500 - 70.199     3 #################
70.200 - 72.899     1 #####
72.900 - 75.599     4 ######################
75.600 - 78.299     1 #####
78.300 - 80.999     2 ###########

Histogram (of 30 thermal zone iwlwifi_1 readings)

 Range (°C)    Count
60.000 - 61.299     2 ####
61.300 - 62.599     0 
62.600 - 63.899     0 
63.900 - 65.199    19 ########################################
65.200 - 66.499     0 
66.500 - 67.799     0 
67.800 - 69.099     6 ############
69.100 - 70.399     0 
70.400 - 71.699     0 
71.700 - 72.999     3 ######

Histogram (of 30 thermal zone acpitz readings)

 Range (°C)    Count
45.050 - 45.149    23 ########################################
45.150 - 45.249     0 
45.250 - 45.349     0 
45.350 - 45.449     0 
45.450 - 45.549     0 
45.550 - 45.649     0 
45.650 - 45.749     0 
45.750 - 45.849     0 
45.850 - 45.949     0 
45.950 - 46.049     7 ############

Range is zero, cannot produce histogram of thermal zone SEN2
