Running for 86400.0 seconds (86400 samples at 1.0 second intervals).
Power measurements will start in 0 seconds time.

  Time    User  Nice   Sys  Idle    IO  Run Ctxt/s  IRQ/s Fork Exec Exit  Watts  uncore  pkg-0   core   psys   TCPU x86_pk INT340   SEN3 TCPU_P iwlwif acpitz   SEN2
19:49:23   0.0   0.0   0.1  99.8   0.0    1    560    554    0    0    0   8.16    0.00   2.15   0.31   5.70  49.05  49.00  20.00  39.05  49.00  50.00  40.05   0.00
19:49:24   0.0   0.0   0.0 100.0   0.0    1    187    107    0    0    0   1.84    0.00   0.46   0.06   1.31  49.05  49.00  20.00  39.05  49.00  52.00  40.05   0.00
19:49:25   0.0   0.0   0.1  99.8   0.0    2    220    122    4    4    4   2.70    0.00   0.68   0.12   1.89  48.05  48.00  20.00  39.05  48.00  52.00  40.05   0.00
19:49:26  18.2   0.0   0.9  80.9   0.0    6  53073   6566   49    2    4  94.81    0.00  27.00  21.17  46.64  64.05  64.00  20.00  39.05  64.00  51.00  40.05   0.00
19:49:27  19.6   0.0   0.8  79.6   0.0    6  45968   5745   41    7   28  97.37    0.00  28.32  22.51  46.55  62.05  62.00  20.00  39.05  62.00  51.00  40.05   0.00
19:49:28  12.5   0.0   1.0  86.4   0.1   12  37039   8318   78    2   40  80.05    0.00  22.86  17.02  40.16  68.05  68.00  20.00  39.05  66.00  51.00  40.05   0.00
19:49:29  21.3   0.0   1.5  77.2   0.0    5  53124  12949    4    0    8  83.80    0.00  24.39  19.01  40.39  59.05  59.00  20.00  39.05  59.00  64.00  40.05   0.00
19:49:30  10.1   0.0   0.8  89.1   0.0    2  16577   4156   68   90   67  79.04    0.00  22.15  15.71  41.19  57.05  57.00  20.00  39.05  57.00  61.00  40.05   0.00
19:49:31  17.3   0.0   0.5  82.2   0.0    4  26568   3616   15    0    0 108.21    0.00  31.81  26.36  50.04  67.05  67.00  20.00  39.05  67.00  61.00  40.05   0.00
19:49:32  66.9   0.0   2.3  30.8   0.0   24  72608  16279   19    0    2 111.48    0.00  33.12  27.03  51.33  58.05  58.00  20.00  39.05  58.00  63.00  40.05   0.00
19:49:33  77.3   0.0   0.7  22.0   0.0   19  21653   7923    0    0    0 100.92    0.00  29.72  23.48  47.72  58.05  58.00  20.00  39.05  58.00  63.00  40.05   0.00
19:49:34  73.5   0.0   0.7  25.7   0.0   19  21389   7439    0    0    1 103.11    0.00  30.29  23.76  49.06  58.05  58.00  20.00  39.05  58.00  59.00  40.05   0.00
19:49:35  78.1   0.0   0.8  21.1   0.0   20  13396   7123    0    0    0 101.93    0.00  30.00  23.49  48.44  59.05  59.00  20.00  39.05  59.00  59.00  40.05   0.00
19:49:36  43.2   0.0   0.3  56.5   0.0   20  23407   5869    1    0    1 101.10    0.00  29.56  23.53  48.02  60.05  60.00  20.00  39.05  60.00  59.00  40.05   0.00
19:49:37  30.2   0.0   0.4  69.3   0.1    6  23646   4472    0    0    2 100.46    0.00  29.21  23.14  48.11  70.05  70.00  20.00  39.05  70.00  59.00  40.05   0.00
19:49:38  71.3   0.0   1.1  27.6   0.0   28  24649   8654   34    0    0 108.12    0.00  31.94  25.77  50.41  60.05  60.00  20.00  39.05  60.00  59.00  40.05   0.00
19:49:39  89.8   0.0   0.6   9.6   0.0   28  10768  34613    0    0    1 101.20    0.00  30.01  24.11  47.08  58.05  58.00  20.00  39.05  58.00  62.00  40.05   0.00
19:49:40  67.0   0.0   0.6  32.4   0.0    5  32171   7699    0    0    0  97.58    0.00  28.76  22.87  45.95  60.05  60.00  20.00  39.05  60.00  59.00  40.05   0.00
19:49:41  61.3   0.0   0.7  38.0   0.0   24  45032   8399    0    0    0 106.56    0.00  31.31  25.13  50.12  58.05  58.00  20.00  39.05  58.00  59.00  40.05   0.00
19:49:42  88.0   0.0   0.3  11.7   0.0   19  11833   7626    0    0    1 100.63    0.00  29.77  23.57  47.28  58.05  58.00  20.00  39.05  58.00  62.00  40.05   0.00
19:49:43  96.8   0.0   0.7   2.5   0.0   32  13067   8592    0    0    0 101.12    0.00  29.84  23.66  47.62  58.05  58.00  20.00  39.05  58.00  62.00  40.05   0.00
19:49:44  97.0   0.0   0.8   2.2   0.0   30  12937   8856    0    0    0 101.67    0.00  30.00  23.78  47.89  58.05  58.00  20.00  39.05  58.00  59.00  40.05   0.00
19:49:45  96.6   0.0   0.8   2.6   0.0   29  15909   9165    0    0    0 101.29    0.00  29.88  23.63  47.79  58.05  58.00  20.00  39.05  58.00  59.00  40.05   0.00
19:49:46  95.8   0.0   0.7   3.5   0.0    4  13199   8050    0    0    0 101.57    0.00  29.96  23.67  47.94  59.05  59.00  20.00  39.05  59.00  59.00  40.05   0.00
19:49:47  95.2   0.0   0.8   4.0   0.0   28  13724   8181    0    0    0 101.59    0.00  29.82  23.37  48.39  61.05  61.00  20.00  39.05  61.00  59.00  40.05   0.00
19:49:48  79.1   0.0   1.0  19.8   0.0   33  14479   7307    0    0    0  99.11    0.00  29.19  23.01  46.91  61.05  61.00  20.00  39.05  61.00  59.00  40.05   0.00
19:49:49  52.1   0.0   0.4  47.5   0.0    5  17978  26572    0    0    0  92.83    0.00  26.90  20.97  44.97  72.05  72.00  20.00  39.05  72.00  59.00  40.05   0.00
19:49:50  17.6   0.0   0.2  82.2   0.0    5  10670   2465    0    0    0  84.78    0.00  23.72  18.10  42.96  73.05  73.00  20.00  39.05  73.00  59.00  40.05   0.00
19:49:51  12.3   0.0   0.2  87.5   0.0    4   7317   1847    0    0    0  64.62    0.00  17.96  12.41  34.25  61.05  61.00  20.00  39.05  61.00  59.00  40.05   0.00
19:49:52   8.1   0.0   0.3  91.6   0.0    1   6617   2567    5    4   47  49.42    0.00  13.79   8.75  26.88  53.05  54.00  20.00  39.05  53.00  61.00  40.05   0.00
-------- ----- ----- ----- ----- ----- ---- ------ ------ ---- ---- ---- ------  ------ ------ ------ ------ ------ ------ ------ ------ ------ ------ ------ ------
 Average  49.9   0.0   0.7  49.4   0.0 14.1 21992.2 8061.0 10.6  3.6  6.9  86.24    0.00  25.15  19.65  41.43  59.85  59.83  20.00  39.05  59.73  58.37  40.05   0.00
 GeoMean   0.0   0.0   0.0  30.0   0.0  8.7 13140.8 5045.1  0.0  0.0  0.0  67.59    0.00  19.43  12.81  33.83  59.56  59.55  20.00  39.05  59.45  58.23  40.05   0.00
  StdDev  35.0   0.0   0.4  35.2   0.0 11.1 17033.5 7040.4 21.0 16.1 16.1  30.23    0.00   9.01   7.58  13.75   5.86   5.83   0.00   0.00   5.78   3.89   0.00   0.00
-------- ----- ----- ----- ----- ----- ---- ------ ------ ---- ---- ---- ------  ------ ------ ------ ------ ------ ------ ------ ------ ------ ------ ------ ------
 Minimum   0.0   0.0   0.0   2.2   0.0  1.0  187.0  107.0  0.0  0.0  0.0   1.84    0.00   0.46   0.06   1.31  48.05  48.00  20.00  39.05  48.00  50.00  40.05   0.00
 Maximum  97.0   0.0   2.3 100.0   0.1 33.0 72608.0 34613.0 78.0 90.0 67.0 111.48    0.00  33.12  27.03  51.33  73.05  73.00  20.00  39.05  73.00  64.00  40.05   0.00
-------- ----- ----- ----- ----- ----- ---- ------ ------ ---- ---- ---- ------  ------ ------ ------ ------ ------ ------ ------ ------ ------ ------ ------ ------
Summary:
CPU:  86.24 Watts on average with standard deviation 30.23 
Note: power read from RAPL domains: uncore, pkg-0, core, psys.
These readings do not cover all the hardware in this device.

Histogram (of 30 power measurements)

  Range (Watts)   Count
  1.842 -  12.805     3 ########
 12.806 -  23.768     0 
 23.769 -  34.731     0 
 34.732 -  45.695     0 
 45.696 -  56.658     1 ##
 56.659 -  67.622     1 ##
 67.623 -  78.585     0 
 78.586 -  89.549     4 ##########
 89.550 - 100.512     6 ################
100.513 - 111.475    15 ########################################

Histogram (of 30 CPU utilization measurements)

 Range (%CPU)   Count
 0.000 -  9.778     4 ######################
 9.779 - 19.557     6 ##################################
19.558 - 29.337     2 ###########
29.338 - 39.116     1 #####
39.117 - 48.895     1 #####
48.896 - 58.674     1 #####
58.675 - 68.453     2 ###########
68.454 - 78.232     4 ######################
78.233 - 88.012     2 ###########
88.013 - 97.791     7 ########################################

Histogram (of 30 thermal zone TCPU readings)

 Range (째C)    Count
48.050 - 50.549     3 ############
50.550 - 53.049     1 ####
53.050 - 55.549     0 
55.550 - 58.049    10 ########################################
58.050 - 60.549     6 ########################
60.550 - 63.049     4 ################
63.050 - 65.549     1 ####
65.550 - 68.049     2 ########
68.050 - 70.549     1 ####
70.550 - 73.049     2 ########

Histogram (of 30 thermal zone x86_pkg_temp readings)

 Range (째C)    Count
48.000 - 50.499     3 ############
50.500 - 52.999     0 
53.000 - 55.499     1 ####
55.500 - 57.999    10 ########################################
58.000 - 60.499     6 ########################
60.500 - 62.999     4 ################
63.000 - 65.499     1 ####
65.500 - 67.999     2 ########
68.000 - 70.499     1 ####
70.500 - 72.999     2 ########

Range is zero, cannot produce histogram of thermal zone INT3400 Thermal

Range is zero, cannot produce histogram of thermal zone SEN3

Histogram (of 30 thermal zone TCPU_PCI readings)

 Range (째C)    Count
48.000 - 50.499     3 ############
50.500 - 52.999     1 ####
53.000 - 55.499     0 
55.500 - 57.999    10 ########################################
58.000 - 60.499     6 ########################
60.500 - 62.999     4 ################
63.000 - 65.499     1 ####
65.500 - 67.999     2 ########
68.000 - 70.499     1 ####
70.500 - 72.999     2 ########

Histogram (of 30 thermal zone iwlwifi_1 readings)

 Range (째C)    Count
50.000 - 51.399     4 ##########
51.400 - 52.799     2 #####
52.800 - 54.199     0 
54.200 - 55.599     0 
55.600 - 56.999     0 
57.000 - 58.399     0 
58.400 - 59.799    15 ########################################
59.800 - 61.199     3 ########
61.200 - 62.599     3 ########
62.600 - 63.999     3 ########

Range is zero, cannot produce histogram of thermal zone acpitz

Range is zero, cannot produce histogram of thermal zone SEN2
