Running for 86400.0 seconds (86400 samples at 1.0 second intervals).
Power measurements will start in 0 seconds time.

  Time    User  Nice   Sys  Idle    IO  Run Ctxt/s  IRQ/s Fork Exec Exit  Watts  uncore  pkg-0   core   psys   TCPU x86_pk   SEN2 INT340 TCPU_P iwlwif acpitz   SEN3
19:41:17   0.0   0.0   0.0 100.0   0.0    1    208    304    0    0    0   7.09    0.00   1.77   0.16   5.16  53.05  53.00  44.05  20.00  53.00  68.00  43.05   0.00
19:41:18   0.0   0.0   0.0 100.0   0.0    1    217    125    0    0    0   7.09    0.00   1.79   0.04   5.27  53.05  52.00  44.05  20.00  52.00  68.00  43.05   0.00
19:41:19   0.0   0.0   0.2  99.8   0.0    2    251    132    8    6    8   5.47    0.00   1.41   0.13   3.92  52.05  52.00  44.05  20.00  52.00  59.00  43.05   0.00
19:41:20  12.6   0.0   0.8  86.6   0.0    6  29486   4407   39    0    0  70.35    0.00  19.61  13.98  36.76  69.05  69.00  44.05  20.00  69.00  60.00  43.05   0.00
19:41:21  15.7   0.0   0.5  83.8   0.0    3  28195   3832    4    0    0  80.38    0.00  22.80  16.90  40.68  58.05  58.00  44.05  20.00  58.00  60.00  43.05   0.00
19:41:22  18.4   0.0   0.7  80.9   0.0    4  23145   5004   30    4   28  96.74    0.00  27.42  21.24  48.08  60.05  60.00  44.05  20.00  58.00  71.00  43.05   0.00
19:41:23  12.1   0.0   1.2  86.7   0.0   14  39023   6685   97    5   41  78.89    0.00  21.81  15.85  41.23  75.05  75.00  43.05  20.00  75.00  71.00  43.05   0.00
19:41:24  24.9   0.0   2.0  73.1   0.0    5  94514  19456    8    5   10 110.50    0.00  31.71  25.50  53.29  67.05  67.00  43.05  20.00  67.00  64.00  43.05   0.00
19:41:25  13.0   0.0   1.0  86.0   0.0    5  49017   5991   64   85   66  93.13    0.00  26.06  19.31  47.75  67.05  67.00  43.05  20.00  67.00  64.00  43.05   0.00
19:41:26  57.3   0.0   1.8  40.9   0.0   23  64815  10965   32    0    0 110.71    0.00  32.41  26.18  52.12  60.05  60.00  43.05  20.00  60.00  67.00  43.05   0.00
19:41:27  69.8   0.0   1.5  28.6   0.0   21  31019  13116    0    0    0 101.86    0.00  29.68  23.26  48.92  60.05  60.00  43.05  20.00  60.00  67.00  43.05   0.00
19:41:28  74.0   0.0   0.6  25.4   0.0   14  17186   6974    0    0    1 102.02    0.00  29.71  23.11  49.20  60.05  60.00  43.05  20.00  60.00  67.00  43.05   0.00
19:41:29  71.6   0.0   0.9  27.5   0.0   19  26683   8021    0    0    1 102.96    0.00  30.08  23.57  49.31  61.05  61.00  43.05  20.00  61.00  62.00  43.05   0.00
19:41:30  72.9   0.0   0.6  26.5   0.0   19  11410   6590    0    0    0 102.53    0.00  30.00  23.47  49.06  60.05  60.00  43.05  20.00  60.00  62.00  43.05   0.00
19:41:31  33.8   0.0   0.5  65.8   0.0    5  15817   4362    1    0    1  97.70    0.00  28.24  22.14  47.33  64.05  64.00  43.05  20.00  64.00  62.00  43.05   0.00
19:41:32  25.7   0.0   0.5  73.8   0.0    5  16090   3599    0    0    0  80.81    0.00  22.46  16.01  42.34  66.05  68.00  43.05  20.00  68.00  67.00  43.05   0.00
19:41:33  58.8   0.0   0.7  40.5   0.0   27  30219   8049   31    0    1 103.47    0.00  30.16  23.88  49.43  66.05  66.00  44.05  20.00  66.00  67.00  43.05   0.00
19:41:34  97.9   0.0   0.5   1.6   0.0   28   8630   8255    0    0    1 104.59    0.00  30.73  24.49  49.37  60.05  60.00  44.05  20.00  60.00  67.00  43.05   0.00
19:41:35  78.0   0.0   0.5  21.5   0.0    5  13922   7884    0    0    0  99.35    0.00  28.92  22.53  47.90  64.05  64.00  44.05  20.00  64.00  62.00  43.05   0.00
19:41:36  23.7   0.0   0.9  75.4   0.0    5  51404  43637    0    0    0 101.97    0.00  29.67  23.63  48.67  72.05  72.00  44.05  20.00  70.00  62.00  43.05   0.00
19:41:37  29.2   0.0   0.5  70.2   0.0   24  39419   7428    0    0    0 109.08    0.00  31.65  25.42  52.01  61.05  61.00  44.05  20.00  61.00  68.00  43.05   0.00
19:41:38  85.4   0.0   1.1  13.4   0.0   29  15516   7841    0    0    2 102.15    0.00  29.93  23.48  48.74  62.05  62.00  44.05  20.00  62.00  68.00  43.05   0.00
19:41:39  96.2   0.0   0.8   3.0   0.0   29  10577   7717    0    0    0 103.17    0.00  30.16  23.63  49.37  61.05  61.00  44.05  20.00  61.00  68.00  43.05   0.00
19:41:40  96.3   0.0   0.8   2.9   0.0   28  11809   7820    0    0    0 102.25    0.00  29.85  23.33  49.08  61.05  61.00  44.05  20.00  61.00  62.00  43.05   0.00
19:41:41  96.6   0.0   0.6   2.8   0.0   28  10961   8007    0    0    0 102.27    0.00  29.86  23.34  49.07  61.05  61.00  44.05  20.00  61.00  62.00  43.05   0.00
19:41:42  95.5   0.0   0.9   3.6   0.0   28  14602   8429    0    0    0 102.03    0.00  29.77  23.23  49.03  61.05  61.00  44.05  20.00  61.00  62.00  42.05   0.00
19:41:43  94.8   0.0   0.6   4.5   0.0   29  12392   7736    0    0    0 102.36    0.00  29.76  23.07  49.53  62.05  62.00  44.05  20.00  62.00  62.00  42.05   0.00
19:41:44  74.9   0.0   0.8  24.2   0.0   27  13203   6897    0    0    0 101.16    0.00  29.49  23.00  48.67  62.05  62.00  44.05  20.00  62.00  62.00  42.05   0.00
19:41:45  37.1   0.0   0.3  62.7   0.0    5  13840  15559    0    0    0  97.45    0.00  28.29  22.25  46.91  70.05  70.00  44.05  20.00  70.00  67.00  42.05   0.00
19:41:46  16.3   0.0   0.1  83.6   0.0    2   5641   1881    0    0    5  97.45    0.00  28.11  22.14  47.21  57.05  57.00  44.05  20.00  57.00  67.00  42.05   0.00
19:41:47  11.2   0.0   0.3  88.5   0.0    2   2988   1820    2    0    4  63.61    0.00  17.88  12.31  33.42  56.05  56.00  44.05  20.00  56.00  71.00  43.05   0.00
-------- ----- ----- ----- ----- ----- ---- ------ ------ ---- ---- ---- ------  ------ ------ ------ ------ ------ ------ ------ ------ ------ ------ ------ ------
 Average  48.2   0.0   0.7  51.1   0.0 14.3 22651.6 8016.9 10.2  3.4  5.5  88.41    0.00  25.52  19.69  43.19  62.02  62.00  43.73  20.00  61.87  65.03  42.89   0.00
 GeoMean   0.0   0.0   0.0  30.9   0.0  9.0 12462.1 4984.8  0.0  0.0  0.0  74.26    0.00  21.15  12.65  37.70  61.80  61.77  43.72  20.00  61.65  64.94  42.89   0.00
  StdDev  34.4   0.0   0.5  34.6   0.0 10.9 20261.0 7693.3 21.9 15.0 14.0  28.91    0.00   8.55   7.21  13.24   5.21   5.33   0.47   0.00   5.25   3.42   0.37   0.00
-------- ----- ----- ----- ----- ----- ---- ------ ------ ---- ---- ---- ------  ------ ------ ------ ------ ------ ------ ------ ------ ------ ------ ------ ------
 Minimum   0.0   0.0   0.0   1.6   0.0  1.0  208.0  125.0  0.0  0.0  0.0   5.47    0.00   1.41   0.04   3.92  52.05  52.00  43.05  20.00  52.00  59.00  42.05   0.00
 Maximum  97.9   0.0   2.0 100.0   0.0 29.0 94514.0 43637.0 97.0 85.0 66.0 110.71    0.00  32.41  26.18  53.29  75.05  75.00  44.05  20.00  75.00  71.00  43.05   0.00
-------- ----- ----- ----- ----- ----- ---- ------ ------ ---- ---- ---- ------  ------ ------ ------ ------ ------ ------ ------ ------ ------ ------ ------ ------
Summary:
CPU:  88.41 Watts on average with standard deviation 28.91 
Note: power read from RAPL domains: uncore, pkg-0, core, psys.
These readings do not cover all the hardware in this device.

Histogram (of 31 power measurements)

  Range (Watts)   Count
  5.468 -  15.991     3 #######
 15.992 -  26.515     0 
 26.516 -  37.038     0 
 37.039 -  47.562     0 
 47.563 -  58.086     0 
 58.087 -  68.609     1 ##
 68.610 -  79.133     2 ####
 79.134 -  89.657     2 ####
 89.658 - 100.180     6 ##############
100.181 - 110.704    17 ########################################

Histogram (of 31 CPU utilization measurements)

 Range (%CPU)   Count
 0.000 -  9.836     3 #################
 9.837 - 19.674     7 ########################################
19.675 - 29.511     3 #################
29.512 - 39.349     3 #################
39.350 - 49.186     0 
49.187 - 59.024     0 
59.025 - 68.861     2 ###########
68.862 - 78.699     6 ##################################
78.700 - 88.536     1 #####
88.537 - 98.373     6 ##################################

Histogram (of 31 thermal zone TCPU readings)

 Range (°C)    Count
52.050 - 54.349     3 ##########
54.350 - 56.649     1 ###
56.650 - 58.949     2 ######
58.950 - 61.249    12 ########################################
61.250 - 63.549     3 ##########
63.550 - 65.849     2 ######
65.850 - 68.149     4 #############
68.150 - 70.449     2 ######
70.450 - 72.749     1 ###
72.750 - 75.049     1 ###

Histogram (of 31 thermal zone x86_pkg_temp readings)

 Range (°C)    Count
52.000 - 54.299     3 ##########
54.300 - 56.599     1 ###
56.600 - 58.899     2 ######
58.900 - 61.199    12 ########################################
61.200 - 63.499     3 ##########
63.500 - 65.799     2 ######
65.800 - 68.099     4 #############
68.100 - 70.399     2 ######
70.400 - 72.699     1 ###
72.700 - 74.999     1 ###

Histogram (of 31 thermal zone SEN2 readings)

 Range (°C)    Count
43.050 - 43.149    10 ###################
43.150 - 43.249     0 
43.250 - 43.349     0 
43.350 - 43.449     0 
43.450 - 43.549     0 
43.550 - 43.649     0 
43.650 - 43.749     0 
43.750 - 43.849     0 
43.850 - 43.949     0 
43.950 - 44.049    21 ########################################

Range is zero, cannot produce histogram of thermal zone INT3400 Thermal

Histogram (of 31 thermal zone TCPU_PCI readings)

 Range (°C)    Count
52.000 - 54.299     3 ##########
54.300 - 56.599     1 ###
56.600 - 58.899     3 ##########
58.900 - 61.199    11 ########################################
61.200 - 63.499     3 ##########
63.500 - 65.799     2 #######
65.800 - 68.099     4 ##############
68.100 - 70.399     3 ##########
70.400 - 72.699     0 
72.700 - 74.999     1 ###

Histogram (of 31 thermal zone iwlwifi_1 readings)

 Range (°C)    Count
59.000 - 60.199     3 ############
60.200 - 61.399     0 
61.400 - 62.599    10 ########################################
62.600 - 63.799     0 
63.800 - 64.999     2 ########
65.000 - 66.199     0 
66.200 - 67.399     8 ################################
67.400 - 68.599     5 ####################
68.600 - 69.799     0 
69.800 - 70.999     3 ############

Histogram (of 31 thermal zone acpitz readings)

 Range (°C)    Count
42.050 - 42.149     5 #######
42.150 - 42.249     0 
42.250 - 42.349     0 
42.350 - 42.449     0 
42.450 - 42.549     0 
42.550 - 42.649     0 
42.650 - 42.749     0 
42.750 - 42.849     0 
42.850 - 42.949     0 
42.950 - 43.049    26 ########################################

Range is zero, cannot produce histogram of thermal zone SEN3
