Running for 86400.0 seconds (86400 samples at 1.0 second intervals).
Power measurements will start in 0 seconds time.

  Time    User  Nice   Sys  Idle    IO  Run Ctxt/s  IRQ/s Fork Exec Exit  Watts  uncore  pkg-0   core   psys   TCPU x86_pk   SEN2 INT340 TCPU_P iwlwif acpitz   SEN3
20:02:07   0.0   0.0   0.0 100.0   0.0    1    193    407    0    0    0   7.44    0.00   1.88   0.15   5.41  50.05  50.00  41.05  20.00  50.00  52.00  41.05   0.00
20:02:08   0.0   0.0   0.0 100.0   0.0    1    151     87    0    0    0   4.71    0.00   1.22   0.04   3.45  49.05  49.00  41.05  20.00  49.00  53.00  41.05   0.00
20:02:09   0.1   0.0   0.0  99.9   0.0    2    330    146    9    6    8   5.50    0.00   1.43   0.16   3.91  49.05  49.00  41.05  20.00  49.00  53.00  41.05   0.00
20:02:10  17.0   0.0   0.9  82.1   0.0    5  45517   6267   43    0    0 103.99    0.00  30.22  24.56  49.21  62.05  62.00  41.05  20.00  62.00  59.00  41.05   0.00
20:02:11  19.0   0.0   0.8  80.2   0.0    3  36593   5573   53    7   47  99.10    0.00  28.53  22.54  48.03  56.05  56.00  41.05  20.00  55.00  59.00  41.05   0.00
20:02:12  14.5   0.0   1.2  84.3   0.0    8  39000   8918   68    2   22  74.80    0.00  21.13  15.19  38.48  63.05  63.00  41.05  20.00  63.00  56.00  41.05   0.00
20:02:13  19.5   0.0   1.5  79.0   0.0    5  55561  13237    6    2    9  75.36    0.00  21.34  15.61  38.41  61.05  61.00  41.05  20.00  61.00  56.00  41.05   0.00
20:02:14  12.7   0.0   0.8  86.5   0.0    7  22017   4510   66   88   66  69.80    0.00  18.89  12.41  38.50  63.05  63.00  41.05  20.00  63.00  60.00  40.05   0.00
20:02:15  19.9   0.0   0.4  79.7   0.0   23  27942   5287   32    0    0  78.86    0.00  22.08  16.25  40.53  66.05  66.00  41.05  20.00  66.00  60.00  40.05   0.00
20:02:16  74.1   0.0   1.8  24.1   0.0   16  74557  18362    0    0    1 118.94    0.00  35.18  28.80  54.96  56.05  56.00  41.05  20.00  56.00  60.00  40.05   0.00
20:02:17  76.6   0.0   0.6  22.8   0.0   15  22491   7638    0    0    2 102.51    0.00  29.81  23.16  49.54  58.05  58.00  41.05  20.00  58.00  62.00  40.05   0.00
20:02:18  71.9   0.0   0.8  27.2   0.0    5  20410   7303    0    0    0 102.76    0.00  29.86  23.23  49.67  58.05  58.00  41.05  20.00  58.00  59.00  40.05   0.00
20:02:19  73.1   0.0   0.7  26.2   0.0   18  28666   8065    0    0    0 103.06    0.00  30.13  23.64  49.29  58.05  58.00  41.05  20.00  58.00  59.00  41.05   0.00
20:02:20  45.3   0.0   0.5  54.2   0.0    5  15730   5181    1    0    1  99.20    0.00  28.82  22.65  47.73  60.05  60.00  41.05  20.00  60.00  62.00  41.05   0.00
20:02:21  24.4   0.0   0.3  75.3   0.0    5  14667   3576    0    0    1  80.91    0.00  22.59  16.35  41.97  60.05  60.00  41.05  20.00  58.00  62.00  41.05   0.00
20:02:22  54.0   0.0   0.9  45.0   0.1    6  20128   6966   11    0    0  97.12    0.00  27.62  21.16  48.34  62.05  62.00  41.05  20.00  62.00  61.00  41.05   0.00
20:02:23  97.5   0.0   0.5   2.0   0.0   28  14987   9474   24    0    0 114.24    0.00  33.15  26.73  54.37  58.05  58.00  41.05  20.00  58.00  61.00  41.05   0.00
20:02:24  78.6   0.0   0.7  20.7   0.0    5  10864   7112    0    0    0 100.40    0.00  28.87  22.68  48.85  57.05  57.00  41.05  20.00  57.00  61.00  40.05   0.00
20:02:25  29.2   0.0   0.7  70.1   0.0   30  61822  43751    0    0    0 104.74    0.00  30.25  24.05  50.44  68.05  68.00  41.05  20.00  68.00  61.00  40.05   0.00
20:02:26  96.1   0.0   0.5   3.4   0.0   23  12368   7730    0    0    2 104.83    0.00  30.70  24.29  49.84  58.05  58.00  41.05  20.00  58.00  61.00  40.05   0.00
20:02:27  86.8   0.0   1.1  12.1   0.0   30  30649  10192    0    0    0 101.56    0.00  29.72  23.31  48.53  59.05  59.00  41.05  20.00  59.00  61.00  40.05   0.00
20:02:28  96.4   0.0   0.5   3.1   0.0   28  12331   8758    0    0    0 101.20    0.00  29.58  23.14  48.48  58.05  58.00  41.05  20.00  58.00  60.00  40.05   0.00
20:02:29  97.0   0.0   0.4   2.6   0.0   33  12134   8279    0    0    0 101.94    0.00  29.66  23.06  49.21  58.05  58.00  41.05  20.00  58.00  59.00  40.05   0.00
20:02:30  96.4   0.0   0.6   3.0   0.0   31  11795   7863    0    0    0 100.90    0.00  29.49  23.06  48.35  58.05  58.00  41.05  20.00  58.00  59.00  41.05   0.00
20:02:31  95.9   0.0   0.9   3.2   0.0   19  13192   8360    0    0    0 101.53    0.00  29.66  23.19  48.68  60.05  60.00  41.05  20.00  60.00  59.00  41.05   0.00
20:02:32  95.8   0.0   0.6   3.7   0.0   30  11675   7784    0    0    0 102.68    0.00  29.85  23.16  49.67  59.05  59.00  41.05  20.00  59.00  59.00  41.05   0.00
20:02:33  80.2   0.0   0.4  19.4   0.0   28  11470   7236    0    0    0 101.04    0.00  29.52  23.09  48.42  60.05  60.00  41.05  20.00  60.00  60.00  41.05   0.00
20:02:34  23.7   0.0   0.2  76.1   0.0    5   8984   2714    0    0    0  69.75    0.00  19.35  13.25  37.15  61.05  61.00  41.05  20.00  62.00  60.00  41.05   0.00
20:02:35  20.3   0.0   0.2  79.6   0.0    2  15892  20409    0    0    0  79.50    0.00  22.53  16.47  40.50  58.05  58.00  41.05  20.00  58.00  62.00  41.05   0.00
20:02:36  10.9   0.0   0.3  88.8   0.0    2   6161   1950    2    0    2  53.10    0.00  14.86   9.20  29.04  57.05  57.00  41.05  20.00  57.00  62.00  41.05   0.00
-------- ----- ----- ----- ----- ----- ---- ------ ------ ---- ---- ---- ------  ------ ------ ------ ------ ------ ------ ------ ------ ------ ------ ------ ------
 Average  50.9   0.0   0.6  48.5   0.0 14.0 21942.6 8437.8 10.5  3.5  5.4  85.38    0.00  24.60  18.82  41.96  58.72  58.67  41.05  20.00  58.60  59.27  40.68   0.00
 GeoMean   0.0   0.0   0.0  26.8   0.0  8.7 12596.7 5232.9  0.0  0.0  0.0  70.30    0.00  19.98  11.90  36.01  58.57  58.52  41.05  20.00  58.45  59.20  40.68   0.00
  StdDev  35.9   0.0   0.4  36.0   0.0 11.3 17813.2 7906.6 20.1 15.8 14.5  30.19    0.00   8.95   7.64  13.74   4.10   4.10   0.00   0.00   4.14   2.66   0.48   0.00
-------- ----- ----- ----- ----- ----- ---- ------ ------ ---- ---- ---- ------  ------ ------ ------ ------ ------ ------ ------ ------ ------ ------ ------ ------
 Minimum   0.0   0.0   0.0   2.0   0.0  1.0  151.0   87.0  0.0  0.0  0.0   4.71    0.00   1.22   0.04   3.45  49.05  49.00  41.05  20.00  49.00  52.00  40.05   0.00
 Maximum  97.5   0.0   1.8 100.0   0.1 33.0 74557.0 43751.0 68.0 88.0 66.0 118.94    0.00  35.18  28.80  54.96  68.05  68.00  41.05  20.00  68.00  62.00  41.05   0.00
-------- ----- ----- ----- ----- ----- ---- ------ ------ ---- ---- ---- ------  ------ ------ ------ ------ ------ ------ ------ ------ ------ ------ ------ ------
Summary:
CPU:  85.38 Watts on average with standard deviation 30.19 
Note: power read from RAPL domains: uncore, pkg-0, core, psys.
These readings do not cover all the hardware in this device.

Histogram (of 30 power measurements)

  Range (Watts)   Count
  4.711 -  16.133     3 #######
 16.134 -  27.556     0 
 27.557 -  38.980     0 
 38.981 -  50.403     0 
 50.404 -  61.826     1 ##
 61.827 -  73.249     2 ####
 73.250 -  84.672     5 ###########
 84.673 -  96.095     0 
 96.096 - 107.518    17 ########################################
107.519 - 118.941     2 ####

Histogram (of 30 CPU utilization measurements)

 Range (%CPU)   Count
 0.000 -  9.803     3 #################
 9.804 - 19.607     4 ######################
19.608 - 29.411     6 ##################################
29.412 - 39.214     1 #####
39.215 - 49.018     1 #####
49.019 - 58.822     1 #####
58.823 - 68.626     0 
68.627 - 78.430     4 ######################
78.431 - 88.234     3 #################
88.235 - 98.037     7 ########################################

Histogram (of 30 thermal zone TCPU readings)

 Range (°C)    Count
49.050 - 50.949     3 ##########
50.950 - 52.849     0 
52.850 - 54.749     0 
54.750 - 56.649     2 #######
56.650 - 58.549    11 ########################################
58.550 - 60.449     6 #####################
60.450 - 62.349     4 ##############
62.350 - 64.249     2 #######
64.250 - 66.149     1 ###
66.150 - 68.049     1 ###

Histogram (of 30 thermal zone x86_pkg_temp readings)

 Range (°C)    Count
49.000 - 50.899     3 ##########
50.900 - 52.799     0 
52.800 - 54.699     0 
54.700 - 56.599     2 #######
56.600 - 58.499    11 ########################################
58.500 - 60.399     6 #####################
60.400 - 62.299     4 ##############
62.300 - 64.199     2 #######
64.200 - 66.099     1 ###
66.100 - 67.999     1 ###

Range is zero, cannot produce histogram of thermal zone SEN2

Range is zero, cannot produce histogram of thermal zone INT3400 Thermal

Histogram (of 30 thermal zone TCPU_PCI readings)

 Range (°C)    Count
49.000 - 50.899     3 ##########
50.900 - 52.799     0 
52.800 - 54.699     0 
54.700 - 56.599     2 ######
56.600 - 58.499    12 ########################################
58.500 - 60.399     5 ################
60.400 - 62.299     4 #############
62.300 - 64.199     2 ######
64.200 - 66.099     1 ###
66.100 - 67.999     1 ###

Histogram (of 30 thermal zone iwlwifi_1 readings)

 Range (°C)    Count
52.000 - 52.999     3 ###############
53.000 - 53.999     0 
54.000 - 54.999     0 
55.000 - 55.999     2 ##########
56.000 - 56.999     0 
57.000 - 57.999     0 
58.000 - 58.999     8 ########################################
59.000 - 59.999     6 ##############################
60.000 - 60.999     6 ##############################
61.000 - 61.999     5 #########################

Histogram (of 30 thermal zone acpitz readings)

 Range (°C)    Count
40.050 - 40.149    11 #######################
40.150 - 40.249     0 
40.250 - 40.349     0 
40.350 - 40.449     0 
40.450 - 40.549     0 
40.550 - 40.649     0 
40.650 - 40.749     0 
40.750 - 40.849     0 
40.850 - 40.949     0 
40.950 - 41.049    19 ########################################

Range is zero, cannot produce histogram of thermal zone SEN3
