Running for 86400.0 seconds (86400 samples at 1.0 second intervals).
Power measurements will start in 0 seconds time.

  Time    User  Nice   Sys  Idle    IO  Run Ctxt/s  IRQ/s Fork Exec Exit  Watts  uncore  pkg-0   core   psys   TCPU x86_pk INT340   SEN3 TCPU_P iwlwif acpitz   SEN2
00:22:24   0.0   0.0   0.0 100.0   0.0    1    188    310    0    0    0   4.63    0.00   1.13   0.19   3.32  53.05  53.00  20.00  42.05  53.00  65.00  42.05   0.00
00:22:25   0.0   0.0   0.0 100.0   0.0    1    150     86    0    0    0   1.99    0.00   0.50   0.06   1.43  52.05  53.00  20.00  42.05  53.00  65.00  42.05   0.00
00:22:26   0.0   0.0   0.1  99.9   0.0    2    208    133    4    3    3   3.17    0.00   0.86   0.13   2.19  51.05  51.00  20.00  42.05  51.00  65.00  42.05   0.00
00:22:27  13.0   0.0   1.0  86.1   0.0    6  43666   5529   45    3    5  70.64    0.00  20.01  14.54  36.09  69.05  69.00  20.00  42.05  69.00  59.00  42.05   0.00
00:22:28  17.0   0.0   0.7  82.3   0.0    6  44221   4762    9    4    3  87.04    0.00  25.19  19.53  42.32  63.05  63.00  20.00  42.05  63.00  63.00  42.05   0.00
00:22:29  18.4   0.0   0.8  80.8   0.0    6  30691   4801   24    0   25  76.49    0.00  21.58  15.59  39.32  62.05  62.00  20.00  42.05  62.00  63.00  42.05   0.00
00:22:30  21.9   0.0   1.5  76.6   0.0   11  75046  15154   98    5   45 103.39    0.00  30.12  24.04  49.23  63.05  63.00  20.00  42.05  63.00  65.00  42.05   0.00
00:22:31  17.2   0.0   1.1  81.7   0.0    2  56855  10842   26   29   27  87.40    0.00  25.23  19.36  42.82  58.05  58.00  20.00  42.05  58.00  65.00  43.05   0.00
00:22:32  13.6   0.0   0.5  85.9   0.0    5  41609   5209   34   45   36  88.70    0.00  25.42  19.09  44.19  71.05  71.00  20.00  42.05  71.00  65.00  43.05   0.00
00:22:33  47.9   0.0   1.3  50.8   0.0   24  57950   8947   31    0    0 118.58    0.00  35.23  29.12  54.23  61.05  61.00  20.00  42.05  61.00  65.00  43.05   0.00
00:22:34  76.6   0.0   1.1  22.3   0.0   20  30455  12800    0    0    0 103.24    0.00  30.39  23.92  48.94  60.05  60.00  20.00  42.05  60.00  65.00  43.05   0.00
00:22:35  75.7   0.0   0.6  23.7   0.0   19  17609   7127    0    0    1 100.22    0.00  29.52  23.20  47.49  64.05  64.00  20.00  42.05  62.00  64.00  43.05   0.00
00:22:36  72.4   0.0   0.6  27.0   0.0   19  17958   7053    0    0    2 101.67    0.00  30.01  23.58  48.08  62.05  62.00  20.00  42.05  62.00  64.00  43.05   0.00
00:22:37  65.2   0.0   0.5  34.3   0.0    5  21086   6958    0    0    0  93.39    0.00  27.36  21.02  45.00  63.05  63.00  20.00  42.05  63.00  64.00  42.05   0.00
00:22:38  37.0   0.0   0.5  62.5   0.0    5  20652   5009    1    0    1 104.04    0.00  30.48  24.40  49.16  73.05  73.00  20.00  42.05  73.00  63.00  42.05   0.00
00:22:39  51.9   0.0   0.5  47.5   0.0    5  19901   6147   10    0    0 101.45    0.00  29.80  23.47  48.18  63.05  63.00  20.00  42.05  63.00  63.00  42.05   0.00
00:22:40  74.5   0.0   0.3  25.2   0.0   28  14530   7397   24    0    2 107.03    0.00  31.56  25.48  49.99  63.05  63.00  20.00  42.05  63.00  63.00  42.05   0.00
00:22:41  98.2   0.0   0.3   1.5   0.0   26   5083   7105    0    0    0 101.70    0.00  30.11  24.15  47.44  61.05  61.00  20.00  42.05  61.00  67.00  42.05   0.00
00:22:42  98.7   0.0   0.2   1.1   0.0   28   4924   7014    0    0    0 100.60    0.00  29.71  23.75  47.13  63.05  63.00  20.00  42.05  63.00  67.00  43.05   0.00
00:22:43  66.2   0.0   1.0  32.7   0.0   20  38145  39391    0    0    0 101.38    0.00  29.91  23.68  47.78  62.05  62.00  20.00  42.05  62.00  62.00  43.05   0.00
00:22:44  92.3   0.0   0.9   6.8   0.0   22  17210   7468    0    0    0 103.16    0.00  30.48  24.35  48.33  62.05  62.00  20.00  42.05  62.00  62.00  43.05   0.00
00:22:45  95.0   0.0   0.7   4.3   0.0   19  15738   8210    0    0    2 100.93    0.00  29.76  23.51  47.66  61.05  61.00  20.00  42.05  61.00  64.00  43.05   0.00
00:22:46  86.9   0.0   0.6  12.5   0.0   27  11138   8145    0    0    0 101.73    0.00  30.16  23.89  47.68  62.05  62.00  20.00  42.05  62.00  64.00  43.05   0.00
00:22:47  97.1   0.0   0.5   2.5   0.0   28  11480   8011    0    0    0 100.89    0.00  29.78  23.48  47.63  62.05  62.00  20.00  42.05  62.00  64.00  43.05   0.00
00:22:48  96.6   0.0   0.8   2.6   0.0   28  12868   8427    0    0    0 101.30    0.00  29.88  23.54  47.88  62.05  62.00  20.00  42.05  62.00  63.00  43.05   0.00
00:22:49  95.2   0.0   0.5   4.2   0.0   28  17130   8627    0    0    1 102.58    0.00  29.62  23.00  49.97  62.05  62.00  20.00  42.05  62.00  62.00  43.05   0.00
00:22:50  95.8   0.0   0.7   3.6   0.0   28  11817   7653    0    0    0 102.81    0.00  29.81  23.31  49.69  61.05  61.00  20.00  42.05  61.00  62.00  43.05   0.00
00:22:51  95.4   0.0   0.8   3.8   0.0   32  11735   7632    0    0    0 102.94    0.00  29.81  23.31  49.82  62.05  62.00  20.00  42.05  62.00  63.00  43.05   0.00
00:22:52  95.0   0.0   0.6   4.4   0.0   27  10543   7285    0    0    0 102.09    0.00  29.92  23.47  48.70  62.05  62.00  20.00  42.05  62.00  63.00  43.05   0.00
00:22:53  95.5   0.0   0.5   4.0   0.0   33  10917   7642    0    0    0 100.94    0.00  29.74  23.30  47.90  62.05  62.00  20.00  42.05  62.00  63.00  43.05   0.00
00:22:54  95.1   0.0   0.9   4.0   0.0   28  10087   7072    0    0    0 100.85    0.00  29.59  23.01  48.26  63.05  63.00  20.00  42.05  65.00  63.00  43.05   0.00
00:22:55  95.0   0.0   0.8   4.2   0.0   28  18762   8579    0    0    0 101.04    0.00  29.78  23.35  47.91  62.05  62.00  20.00  42.05  65.00  63.00  43.05   0.00
00:22:56  86.0   0.0   0.4  13.6   0.0   28   9920  36304    0    0    0 100.85    0.00  29.83  23.45  47.58  62.05  62.00  20.00  42.05  62.00  63.00  43.05   0.00
00:22:57  62.9   0.0   0.3  36.8   0.0    5  11605   5356    0    0    0  97.41    0.00  28.54  22.38  46.49  76.05  76.00  20.00  42.05  76.00  63.00  43.05   0.00
00:22:58  17.4   0.0   0.1  82.5   0.0    5   6258   1950    0    0    1 102.96    0.00  30.18  24.49  48.28  74.05  74.00  20.00  42.05  74.00  63.00  43.05   0.00
00:22:59  12.6   0.0   0.4  87.0   0.0    5   9643   2292    1    0    1  82.12    0.00  23.65  17.98  40.49  77.05  77.00  20.00  42.05  77.00  74.00  43.05   0.00
00:23:00  11.8   0.0   0.4  87.9   0.0    5   9889   2650    2    0    2  71.77    0.00  20.84  15.36  35.57  74.05  74.00  20.00  42.05  74.00  74.00  43.05   0.00
-------- ----- ----- ----- ----- ----- ---- ------ ------ ---- ---- ---- ------  ------ ------ ------ ------ ------ ------ ------ ------ ------ ------ ------ ------
 Average  59.2   0.0   0.6  40.2   0.0 16.6 20207.2 8245.3  8.4  2.4  4.2  90.08    0.00  26.36  20.63  43.09  63.37  63.35  20.00  42.05  63.43  64.19  42.73   0.00
 GeoMean   0.0   0.0   0.0  19.3   0.0 11.4 11916.0 5353.0  0.0  0.0  0.0  73.46    0.00  21.25  14.45  36.29  63.12  63.10  20.00  42.05  63.18  64.13  42.72   0.00
  StdDev  36.1   0.0   0.3  36.1   0.0 11.0 17145.3 7729.9 18.9  8.6 10.5  27.50    0.00   8.16   6.73  12.67   5.77   5.72   0.00   0.00   5.73   2.75   0.47   0.00
-------- ----- ----- ----- ----- ----- ---- ------ ------ ---- ---- ---- ------  ------ ------ ------ ------ ------ ------ ------ ------ ------ ------ ------ ------
 Minimum   0.0   0.0   0.0   1.1   0.0  1.0  150.0   86.0  0.0  0.0  0.0   1.99    0.00   0.50   0.06   1.43  51.05  51.00  20.00  42.05  51.00  59.00  42.05   0.00
 Maximum  98.7   0.0   1.5 100.0   0.0 33.0 75046.0 39391.0 98.0 45.0 45.0 118.58    0.00  35.23  29.12  54.23  77.05  77.00  20.00  42.05  77.00  74.00  43.05   0.00
-------- ----- ----- ----- ----- ----- ---- ------ ------ ---- ---- ---- ------  ------ ------ ------ ------ ------ ------ ------ ------ ------ ------ ------ ------
Summary:
CPU:  90.08 Watts on average with standard deviation 27.50 
Note: power read from RAPL domains: uncore, pkg-0, core, psys.
These readings do not cover all the hardware in this device.

Histogram (of 37 power measurements)

  Range (Watts)   Count
  1.987 -  13.645     3 #####
 13.646 -  25.304     0 
 25.305 -  36.964     0 
 36.965 -  48.623     0 
 48.624 -  60.282     0 
 60.283 -  71.941     2 ###
 71.942 -  83.600     2 ###
 83.601 -  95.259     4 ######
 95.260 - 106.918    24 ########################################
106.919 - 118.578     2 ###

Histogram (of 37 CPU utilization measurements)

 Range (%CPU)   Count
 0.000 -  9.891     3 #########
 9.892 - 19.782     8 ########################
19.783 - 29.674     1 ###
29.675 - 39.565     1 ###
39.566 - 49.457     1 ###
49.458 - 59.348     1 ###
59.349 - 69.240     3 #########
69.241 - 79.131     4 ############
79.132 - 89.023     2 ######
89.024 - 98.914    13 ########################################

Histogram (of 37 thermal zone TCPU readings)

 Range (°C)    Count
51.050 - 53.649     3 #####
53.650 - 56.249     0 
56.250 - 58.849     1 #
58.850 - 61.449     5 #########
61.450 - 64.049    21 ########################################
64.050 - 66.649     0 
66.650 - 69.249     1 #
69.250 - 71.849     1 #
71.850 - 74.449     3 #####
74.450 - 77.049     2 ###

Histogram (of 37 thermal zone x86_pkg_temp readings)

 Range (°C)    Count
51.000 - 53.599     3 #####
53.600 - 56.199     0 
56.200 - 58.799     1 #
58.800 - 61.399     5 #########
61.400 - 63.999    21 ########################################
64.000 - 66.599     0 
66.600 - 69.199     1 #
69.200 - 71.799     1 #
71.800 - 74.399     3 #####
74.400 - 76.999     2 ###

Range is zero, cannot produce histogram of thermal zone INT3400 Thermal

Range is zero, cannot produce histogram of thermal zone SEN3

Histogram (of 37 thermal zone TCPU_PCI readings)

 Range (°C)    Count
51.000 - 53.599     3 ######
53.600 - 56.199     0 
56.200 - 58.799     1 ##
58.800 - 61.399     5 ##########
61.400 - 63.999    19 ########################################
64.000 - 66.599     2 ####
66.600 - 69.199     1 ##
69.200 - 71.799     1 ##
71.800 - 74.399     3 ######
74.400 - 76.999     2 ####

Histogram (of 37 thermal zone iwlwifi_1 readings)

 Range (°C)    Count
59.000 - 60.499     1 ##
60.500 - 61.999     4 ###########
62.000 - 63.499    14 ########################################
63.500 - 64.999    14 ########################################
65.000 - 66.499     0 
66.500 - 67.999     2 #####
68.000 - 69.499     0 
69.500 - 70.999     0 
71.000 - 72.499     0 
72.500 - 73.999     2 #####

Histogram (of 37 thermal zone acpitz readings)

 Range (°C)    Count
42.050 - 42.149    12 ###################
42.150 - 42.249     0 
42.250 - 42.349     0 
42.350 - 42.449     0 
42.450 - 42.549     0 
42.550 - 42.649     0 
42.650 - 42.749     0 
42.750 - 42.849     0 
42.850 - 42.949     0 
42.950 - 43.049    25 ########################################

Range is zero, cannot produce histogram of thermal zone SEN2
