Running for 86400.0 seconds (86400 samples at 1.0 second intervals).
Power measurements will start in 0 seconds time.

  Time    User  Nice   Sys  Idle    IO  Run Ctxt/s  IRQ/s Fork Exec Exit  Watts  uncore  pkg-0   core   psys   TCPU x86_pk INT340   SEN3 TCPU_P iwlwif acpitz   SEN2
23:41:01   0.0   0.0   0.0 100.0   0.0    1    193    323    0    0    0   4.39    0.00   1.17   0.18   3.04  49.05  49.00  20.00  39.05  49.00  50.00  40.05   0.00
23:41:02   0.0   0.0   0.0 100.0   0.0    1    164     95    0    0    0   2.09    0.00   0.59   0.07   1.43  48.05  48.00  20.00  39.05  48.00  50.00  40.05   0.00
23:41:03   0.1   0.0   0.0  99.8   0.0    2    304    157   12    6    8   2.59    0.00   0.72   0.16   1.71  48.05  48.00  20.00  39.05  48.00  52.00  40.05   0.00
23:41:04  16.4   0.0   1.0  82.7   0.0    6  46281   6034   40    0    0 106.27    0.00  31.29  25.89  49.08  65.05  65.00  20.00  39.05  65.00  51.00  40.05   0.00
23:41:05  19.0   0.0   0.6  80.4   0.0    5  37520   5187   29    4   28 102.70    0.00  30.07  24.44  48.19  62.05  62.00  20.00  39.05  62.00  51.00  40.05   0.00
23:41:06  11.4   0.0   1.4  87.2   0.0   18  40776   9006   91    5   40  74.96    0.00  21.37  15.59  38.00  58.05  58.00  20.00  39.05  58.00  63.00  40.05   0.00
23:41:07  21.7   0.0   1.3  77.1   0.0    5  76913  15375    4    0    9  86.15    0.00  25.18  19.71  41.26  57.05  57.00  20.00  39.05  57.00  63.00  39.05   0.00
23:41:08  10.7   0.0   0.6  88.7   0.0    5  19041   3930   56   74   55  79.17    0.00  22.25  15.93  41.00  63.05  63.00  20.00  39.05  63.00  60.00  39.05   0.00
23:41:09  19.9   0.0   0.6  79.6   0.0   23  37133   4974   33    0    0 113.62    0.00  33.44  27.67  52.52  68.05  68.00  20.00  39.05  68.00  60.00  39.05   0.00
23:41:10  73.0   0.0   1.7  25.3   0.0   14  61352  14340    1    0    0 104.30    0.00  30.81  24.68  48.82  60.05  60.00  20.00  39.05  60.00  67.00  39.05   0.00
23:41:11  76.9   0.0   0.6  22.5   0.0   21  19468   7418    0    0    2 103.70    0.00  30.36  23.76  49.57  58.05  58.00  20.00  39.05  58.00  67.00  39.05   0.00
23:41:12  75.5   0.0   0.6  23.9   0.0   19  16706   7033    0    0    2 102.38    0.00  30.23  24.00  48.16  56.05  56.00  20.00  39.05  56.00  67.00  40.05   0.00
23:41:13  71.9   0.0   0.6  27.5   0.0   12  13560   6455    0    0    0 100.10    0.00  29.48  23.11  47.51  58.05  58.00  20.00  39.05  58.00  59.00  40.05   0.00
23:41:14  44.0   0.0   0.7  55.3   0.0    5  21116   5672    1    0    1 101.14    0.00  29.61  23.63  47.90  66.05  66.00  20.00  39.05  66.00  59.00  40.05   0.00
23:41:15  34.7   0.0   0.3  65.0   0.0    5  15680   4407    0    0    0  95.57    0.00  28.04  22.34  45.19  63.05  63.00  20.00  39.05  63.00  59.00  40.05   0.00
23:41:16  55.7   0.0   0.7  43.6   0.0   32  23230   7595   34    0    2 107.45    0.00  31.65  25.48  50.32  67.05  67.00  20.00  39.05  67.00  59.00  40.05   0.00
23:41:17  87.7   0.0   0.7  11.6   0.0   28  15555  31518    0    0    0 108.01    0.00  32.18  26.31  49.52  59.05  59.00  20.00  39.05  59.00  63.00  40.05   0.00
23:41:18  98.4   0.0   0.3   1.3   0.0   28   4778   6989    0    0    0 102.89    0.00  30.46  24.54  47.89  58.05  58.00  20.00  39.05  58.00  63.00  40.05   0.00
23:41:19  98.3   0.0   0.6   1.1   0.0   23   5324   7295    0    0    0  99.77    0.00  29.44  23.59  46.74  57.05  57.00  20.00  39.05  57.00  59.00  40.05   0.00
23:41:20  72.7   0.0   1.0  26.3   0.0   23  31206   8776    0    0    0 103.79    0.00  30.59  24.43  48.78  58.05  58.00  20.00  39.05  60.00  59.00  40.05   0.00
23:41:21  94.5   0.0   0.7   4.8   0.0   29  14296   7655    0    0    0 100.74    0.00  29.66  23.50  47.58  58.05  58.00  20.00  39.05  58.00  59.00  40.05   0.00
23:41:22  85.0   0.0   0.5  14.6   0.0   30  13707   7562    0    0    0 101.73    0.00  30.13  23.95  47.65  58.05  58.00  20.00  39.05  58.00  59.00  40.05   0.00
23:41:23  95.7   0.0   1.0   3.3   0.0   32  12454   8188    0    0    0 102.79    0.00  29.80  23.49  49.50  58.05  58.00  20.00  39.05  58.00  59.00  40.05   0.00
23:41:24  96.6   0.0   0.8   2.6   0.0   35  12865   8762    0    0    0 102.69    0.00  29.78  23.47  49.44  58.05  58.00  20.00  39.05  58.00  59.00  40.05   0.00
23:41:25  95.7   0.0   1.0   3.3   0.0   29  18169   8750    0    0    1 102.41    0.00  29.67  23.34  49.40  58.05  58.00  20.00  39.05  58.00  59.00  40.05   0.00
23:41:26  95.4   0.0   0.9   3.7   0.0   27  12387   7975    0    0    0 102.19    0.00  29.89  23.49  48.81  58.05  58.00  20.00  39.05  58.00  59.00  40.05   0.00
23:41:27  95.2   0.0   0.8   4.1   0.0   28  11964   7409    0    0    0 100.99    0.00  29.72  23.37  47.91  58.05  58.00  20.00  39.05  58.00  59.00  40.05   0.00
23:41:28  95.2   0.0   0.9   4.0   0.0   30  10584   7523    0    0    0 101.33    0.00  29.86  23.51  47.96  59.05  59.00  20.00  39.05  59.00  59.00  41.05   0.00
23:41:29  95.6   0.0   0.5   3.9   0.0   28  11112   7545    0    0    0 100.69    0.00  29.64  23.27  47.78  59.05  59.00  20.00  39.05  58.00  59.00  41.05   0.00
23:41:30  85.3   0.0   0.7  14.0   0.0   28  16842  30358    0    0    0 100.74    0.00  29.63  23.18  47.93  58.05  58.00  20.00  39.05  60.00  59.00  41.05   0.00
23:41:31  96.1   0.0   0.7   3.1   0.0    2   9731   7641    0    0    0 101.91    0.00  29.91  23.39  48.60  59.05  59.00  20.00  39.05  59.00  59.00  41.05   0.00
23:41:32  95.6   0.0   0.7   3.7   0.0   28  11210   7483    0    0    0 101.89    0.00  30.03  23.66  48.21  58.05  58.00  20.00  39.05  59.00  59.00  41.05   0.00
23:41:33  54.9   0.0   0.2  44.9   0.0    5  11399   5170    0    0    0  88.89    0.00  25.79  19.79  43.31  70.05  70.00  20.00  39.05  70.00  59.00  41.05   0.00
23:41:34  17.7   0.0   0.2  82.1   0.0    5   5670   1996    0    0    2  82.31    0.00  23.56  17.88  40.87  70.05  70.00  20.00  39.05  70.00  59.00  41.05   0.00
23:41:35  14.6   0.0   0.1  85.3   0.0    2   8336   2291    0    0    0  69.50    0.00  20.00  14.47  35.03  66.05  66.00  20.00  39.05  66.00  70.00  41.05   0.00
23:41:36  12.1   0.0   0.3  87.5   0.0    5   8197   2357    5    4    2  62.10    0.00  17.71  12.08  32.31  66.05  66.00  20.00  39.05  66.00  70.00  41.05   0.00
-------- ----- ----- ----- ----- ----- ---- ------ ------ ---- ---- ---- ------  ------ ------ ------ ------ ------ ------ ------ ------ ------ ------ ------ ------
 Average  58.7   0.0   0.6  40.7   0.0 17.2 18756.2 7812.3  8.5  2.6  4.2  89.55    0.00  26.21  20.59  42.75  59.74  59.69  20.00  39.05  59.81  59.64  40.16   0.00
 GeoMean   0.0   0.0   0.0  19.3   0.0 11.4 11281.6 5205.9  0.0  0.0  0.0  72.10    0.00  20.98  14.38  35.49  59.52  59.47  20.00  39.05  59.58  59.45  40.16   0.00
  StdDev  36.5   0.0   0.4  36.6   0.0 11.6 16403.9 6461.8 19.5 12.2 11.7  28.29    0.00   8.39   7.00  12.99   5.18   5.18   0.00   0.00   5.17   4.79   0.61   0.00
-------- ----- ----- ----- ----- ----- ---- ------ ------ ---- ---- ---- ------  ------ ------ ------ ------ ------ ------ ------ ------ ------ ------ ------ ------
 Minimum   0.0   0.0   0.0   1.1   0.0  1.0  164.0   95.0  0.0  0.0  0.0   2.09    0.00   0.59   0.07   1.43  48.05  48.00  20.00  39.05  48.00  50.00  39.05   0.00
 Maximum  98.4   0.0   1.7 100.0   0.0 35.0 76913.0 31518.0 91.0 74.0 55.0 113.62    0.00  33.44  27.67  52.52  70.05  70.00  20.00  39.05  70.00  70.00  41.05   0.00
-------- ----- ----- ----- ----- ----- ---- ------ ------ ---- ---- ---- ------  ------ ------ ------ ------ ------ ------ ------ ------ ------ ------ ------ ------
Summary:
CPU:  89.55 Watts on average with standard deviation 28.29 
Note: power read from RAPL domains: uncore, pkg-0, core, psys.
These readings do not cover all the hardware in this device.

Histogram (of 36 power measurements)

  Range (Watts)   Count
  2.088 -  13.240     3 ########
 13.241 -  24.393     0 
 24.394 -  35.546     0 
 35.547 -  46.699     0 
 46.700 -  57.852     0 
 57.853 -  69.006     1 ##
 69.007 -  80.159     3 ########
 80.160 -  91.312     3 ########
 91.313 - 102.465    15 ########################################
102.466 - 113.618    11 #############################

Histogram (of 36 CPU utilization measurements)

 Range (%CPU)   Count
 0.000 -  9.886     3 ##########
 9.887 - 19.773     7 #######################
19.774 - 29.660     2 ######
29.661 - 39.547     1 ###
39.548 - 49.434     1 ###
49.435 - 59.322     2 ######
59.323 - 69.209     0 
69.210 - 79.096     5 ################
79.097 - 88.983     3 ##########
88.984 - 98.870    12 ########################################

Histogram (of 36 thermal zone TCPU readings)

 Range (°C)    Count
48.050 - 50.249     3 ######
50.250 - 52.449     0 
52.450 - 54.649     0 
54.650 - 56.849     1 ##
56.850 - 59.049    20 ########################################
59.050 - 61.249     1 ##
61.250 - 63.449     3 ######
63.450 - 65.649     1 ##
65.650 - 67.849     4 ########
67.850 - 70.049     3 ######

Histogram (of 36 thermal zone x86_pkg_temp readings)

 Range (°C)    Count
48.000 - 50.199     3 ######
50.200 - 52.399     0 
52.400 - 54.599     0 
54.600 - 56.799     1 ##
56.800 - 58.999    20 ########################################
59.000 - 61.199     1 ##
61.200 - 63.399     3 ######
63.400 - 65.599     1 ##
65.600 - 67.799     4 ########
67.800 - 69.999     3 ######

Range is zero, cannot produce histogram of thermal zone INT3400 Thermal

Range is zero, cannot produce histogram of thermal zone SEN3

Histogram (of 36 thermal zone TCPU_PCI readings)

 Range (°C)    Count
48.000 - 50.199     3 ######
50.200 - 52.399     0 
52.400 - 54.599     0 
54.600 - 56.799     1 ##
56.800 - 58.999    18 ########################################
59.000 - 61.199     3 ######
61.200 - 63.399     3 ######
63.400 - 65.599     1 ##
65.600 - 67.799     4 ########
67.800 - 69.999     3 ######

Histogram (of 36 thermal zone iwlwifi_1 readings)

 Range (°C)    Count
50.000 - 51.999     5 #########
52.000 - 53.999     0 
54.000 - 55.999     0 
56.000 - 57.999     0 
58.000 - 59.999    22 ########################################
60.000 - 61.999     0 
62.000 - 63.999     4 #######
64.000 - 65.999     0 
66.000 - 67.999     3 #####
68.000 - 69.999     2 ###

Histogram (of 36 thermal zone acpitz readings)

 Range (°C)    Count
39.050 - 39.249     5 #########
39.250 - 39.449     0 
39.450 - 39.649     0 
39.650 - 39.849     0 
39.850 - 40.049    22 ########################################
40.050 - 40.249     0 
40.250 - 40.449     0 
40.450 - 40.649     0 
40.650 - 40.849     0 
40.850 - 41.049     9 ################

Range is zero, cannot produce histogram of thermal zone SEN2
