Running for 86400.0 seconds (86400 samples at 1.0 second intervals).
Power measurements will start in 0 seconds time.

  Time    User  Nice   Sys  Idle    IO  Run Ctxt/s  IRQ/s Fork Exec Exit  Watts  uncore  pkg-0   core   psys   TCPU x86_pk INT340   SEN3 TCPU_P iwlwif acpitz   SEN2
15:15:44   0.0   0.0   0.0 100.0   0.0    1    141    237    0    0    0   4.22    0.00   1.13   0.16   2.94  54.05  54.00  20.00  42.05  54.00  56.00  44.05   0.00
15:15:45   0.0   0.0   0.0 100.0   0.0    1    188     82    0    0    0   1.79    0.00   0.50   0.07   1.23  54.05  54.00  20.00  42.05  54.00  66.00  44.05   0.00
15:15:46   0.0   0.0   0.1  99.8   0.0    2    280    131   11    3    3   2.78    0.00   0.77   0.19   1.83  52.05  52.00  20.00  42.05  52.00  59.00  44.05   0.00
15:15:47   3.8   0.0   1.8  94.4   0.0    7   5637   1937   22    0    0  42.87    0.00  12.46   7.11  23.30  62.05  62.00  20.00  42.05  62.00  59.00  44.05   0.00
15:15:48   6.0   0.0   1.2  92.8   0.1    2   9551   1215    0    0    0  59.51    0.00  17.38  11.85  30.29  69.05  69.00  20.00  42.05  69.00  55.00  44.05   0.00
15:15:49   4.0   0.0   0.2  95.8   0.0    2    914    593    0    0    0  53.15    0.00  15.75  10.65  26.74  70.05  70.00  20.00  42.05  70.00  55.00  43.05   0.00
15:15:50   4.0   0.0   0.2  95.8   0.0    2   1020    500    0    0    0  53.46    0.00  15.57  10.42  27.46  70.05  70.00  20.00  42.05  70.00  69.00  43.05   0.00
15:15:51   4.1   0.0   0.0  95.9   0.0    2    798    502    0    0    0  53.58    0.00  15.63  10.50  27.45  70.05  70.00  20.00  42.05  70.00  69.00  43.05   0.00
15:15:52   4.2   0.0   0.0  95.8   0.0    2    760    444    0    0    0  53.27    0.00  15.59  10.48  27.19  67.05  67.00  20.00  42.05  67.00  71.00  43.05   0.00
15:15:53   4.1   0.0   0.1  95.8   0.0    2   1538    544    0    0    0  52.17    0.00  15.60  10.45  26.12  73.05  73.00  20.00  42.05  73.00  71.00  43.05   0.00
15:15:54   4.2   0.0   0.0  95.8   0.0    2    781    510    0    0    0  52.84    0.00  15.82  10.56  26.47  73.05  73.00  20.00  42.05  73.00  71.00  43.05   0.00
15:15:55   4.2   0.0   0.0  95.8   0.0    2   1064    488    0    0    0  51.94    0.00  15.66  10.51  25.78  73.05  73.00  20.00  42.05  73.00  69.00  43.05   0.00
15:15:56   4.2   0.0   0.0  95.8   0.0    2    816    500    0    0    0  51.73    0.00  15.59  10.52  25.61  71.05  71.00  20.00  42.05  71.00  73.00  43.05   0.00
15:15:57   4.2   0.0   0.0  95.8   0.0    2    742    497    0    0    0  51.58    0.00  15.57  10.53  25.48  73.05  73.00  20.00  42.05  73.00  73.00  43.05   0.00
15:15:58   4.3   0.0   0.3  95.3   0.0    2   2615    736    0    0    0  53.48    0.00  15.82  10.43  27.23  73.05  73.00  20.00  42.05  73.00  73.00  43.05   0.00
15:15:59   4.2   0.0   0.0  95.8   0.0    2    801    543    0    0    0  52.53    0.00  15.72  10.52  26.29  71.05  71.00  20.00  42.05  71.00  73.00  43.05   0.00
15:16:00   4.2   0.0   0.0  95.8   0.0    2    771    518    0    0    0  51.93    0.00  15.58  10.52  25.83  73.05  73.00  20.00  42.05  73.00  73.00  43.05   0.00
15:16:01   4.2   0.0   0.0  95.8   0.0    2    738    517    0    0    0  51.94    0.00  15.57  10.49  25.88  73.05  73.00  20.00  42.05  73.00  73.00  43.05   0.00
15:16:02   4.4   0.0   0.0  95.6   0.0    2   1084    556    0    0    0  51.82    0.00  15.55  10.50  25.77  73.05  73.00  20.00  42.05  73.00  72.00  43.05   0.00
15:16:03   4.2   0.0   0.2  95.4   0.1    2   1363    588    0    0    0  53.78    0.00  15.88  10.46  27.45  71.05  71.00  20.00  42.05  71.00  72.00  43.05   0.00
15:16:04   4.4   0.0   0.0  95.6   0.0    2    764    546    0    0    0  55.72    0.00  16.04  10.52  29.17  73.05  73.00  20.00  42.05  73.00  72.00  43.05   0.00
15:16:05   4.2   0.0   0.0  95.8   0.0    2   1030    503    0    0    0  51.89    0.00  15.57  10.52  25.80  71.05  71.00  20.00  42.05  71.00  73.00  43.05   0.00
15:16:06   4.2   0.0   0.0  95.8   0.0    2    766    450    0    0    0  51.88    0.00  15.55  10.47  25.85  73.05  73.00  20.00  42.05  73.00  73.00  43.05   0.00
15:16:07   4.2   0.0   0.0  95.8   0.0    2    796    536    0    0    0  51.87    0.00  15.58  10.49  25.80  73.05  73.00  20.00  42.05  73.00  73.00  43.05   0.00
15:16:08   4.3   0.0   0.0  95.7   0.0    2   1580    551    0    0    0  52.07    0.00  15.57  10.45  26.05  61.05  61.00  20.00  42.05  61.00  73.00  43.05   0.00
15:16:09   4.0   0.0   0.6  95.3   0.0    2   2242    727    0    0    0  54.24    0.00  15.92  10.29  28.03  70.05  70.00  20.00  42.05  70.00  73.00  43.05   0.00
15:16:10   4.2   0.0   0.0  95.8   0.0    2    190    541    0    0    0  49.82    0.00  14.91   9.80  25.10  69.05  69.00  20.00  42.05  69.00  67.00  43.05   0.00
15:16:11   3.9   0.0   0.5  95.6   0.0    2    489    577    0    0    0  50.56    0.00  15.16  10.15  25.26  70.05  70.00  20.00  42.05  70.00  67.00  43.05   0.00
15:16:12   4.1   0.0   0.0  95.8   0.0    2    497    501    0    0    0  51.61    0.00  15.52  10.46  25.63  70.05  70.00  20.00  42.05  70.00  69.00  43.05   0.00
15:16:13   4.4   0.0   0.0  95.5   0.0    2    771    531    0    0    0  52.57    0.00  15.72  10.46  26.39  69.05  69.00  20.00  42.05  69.00  69.00  43.05   0.00
15:16:14   4.2   0.0   0.0  95.8   0.0    2    432    523    0    0    0  51.47    0.00  15.52  10.48  25.47  70.05  70.00  20.00  42.05  70.00  69.00  43.05   0.00
15:16:15   4.2   0.0   0.0  95.8   0.0    2    471    546    0    0    0  51.40    0.00  15.51  10.48  25.40  69.05  69.00  20.00  42.05  69.00  70.00  43.05   0.00
15:16:16   4.1   0.0   0.0  95.9   0.0    2    761    495    0    0    0  51.90    0.00  15.59  10.43  25.87  69.05  69.00  20.00  42.05  69.00  70.00  43.05   0.00
15:16:17   4.3   0.0   0.0  95.7   0.0    2    460    539    0    0    0  51.42    0.00  15.51  10.48  25.43  70.05  70.00  20.00  42.05  70.00  70.00  43.05   0.00
15:16:18   4.2   0.0   0.0  95.8   0.0    2    440    537    0    0    0  51.56    0.00  15.53  10.46  25.58  70.05  70.00  20.00  42.05  70.00  70.00  43.05   0.00
15:16:19   4.2   0.0   0.0  95.8   0.0    2    480    550    0    0    0  51.51    0.00  15.53  10.47  25.50  70.05  70.00  20.00  42.05  70.00  70.00  43.05   0.00
15:16:20   4.1   0.0   0.0  95.8   0.0    2    420    507    0    0    0  51.36    0.00  15.50  10.49  25.37  69.05  69.00  20.00  42.05  69.00  70.00  43.05   0.00
15:16:21   4.5   0.0   0.0  95.5   0.0    2   1248    529    0    0    0  52.41    0.00  15.68  10.38  26.35  70.05  70.00  20.00  42.05  70.00  70.00  43.05   0.00
15:16:22   4.2   0.0   0.0  95.8   0.0    3    598    648    0    0    0  52.58    0.00  15.73  10.67  26.18  73.05  73.00  20.00  42.05  73.00  68.00  43.05   0.00
15:16:23   4.2   0.0   0.0  95.8   0.0    2    500    575    0    0    0  53.59    0.00  15.58  10.48  27.53  69.05  69.00  20.00  42.05  69.00  68.00  43.05   0.00
15:16:24   4.2   0.0   0.0  95.8   0.0    2    440    513    0    0    0  53.51    0.00  15.59  10.45  27.47  69.05  69.00  20.00  42.05  69.00  68.00  43.05   0.00
15:16:25   4.2   0.0   0.0  95.8   0.0    2    434    499    0    0    0  53.35    0.00  15.57  10.48  27.31  70.05  70.00  20.00  42.05  70.00  70.00  43.05   0.00
15:16:26   4.1   0.0   0.0  95.9   0.0    2    754    491    0    0    0  52.33    0.00  15.60  10.43  26.30  70.05  70.00  20.00  42.05  70.00  70.00  43.05   0.00
15:16:27   4.3   0.0   0.0  95.7   0.0    2    490    557    0    0    0  51.40    0.00  15.51  10.48  25.41  70.05  70.00  20.00  42.05  69.00  70.00  43.05   0.00
15:16:28   4.2   0.0   0.0  95.8   0.0    2    726    539    0    0    0  52.64    0.00  15.73  10.49  26.43  69.05  69.00  20.00  42.05  69.00  70.00  43.05   0.00
15:16:29   4.2   0.0   0.0  95.8   0.0    2    442    513    0    0    0  51.63    0.00  15.56  10.47  25.61  69.05  69.00  20.00  42.05  69.00  70.00  43.05   0.00
15:16:30   4.2   0.0   0.0  95.8   0.0    2    433    524    0    0    0  51.46    0.00  15.53  10.48  25.45  69.05  69.00  20.00  42.05  69.00  70.00  43.05   0.00
15:16:31   4.2   0.0   0.0  95.8   0.0    3    791    551    0    0    0  51.96    0.00  15.64  10.43  25.90  69.05  69.00  20.00  42.05  69.00  70.00  43.05   0.00
15:16:32   4.5   0.0   0.0  95.4   0.0    2   1705    601    0    0    0  53.57    0.00  15.96  10.50  27.11  69.05  69.00  20.00  42.05  69.00  69.00  43.05   0.00
15:16:33   4.2   0.0   0.0  95.7   0.1    2    432    529    0    0    0  50.32    0.00  14.98   9.71  25.63  69.05  69.00  20.00  42.05  70.00  69.00  43.05   0.00
15:16:34   4.2   0.0   0.0  95.8   0.0    2    142    528    0    0    0  51.37    0.00  15.53  10.49  25.35  70.05  70.00  20.00  42.05  70.00  69.00  43.05   0.00
15:16:35   4.2   0.0   0.0  95.8   0.0    2    799    550    0    0    0  51.57    0.00  15.55  10.48  25.54  70.05  70.00  20.00  42.05  70.00  68.00  43.05   0.00
15:16:36   4.2   0.0   0.0  95.8   0.0    2    408    502    0    0    0  51.62    0.00  15.55  10.46  25.61  70.05  70.00  20.00  42.05  70.00  70.00  43.05   0.00
15:16:37   4.2   0.0   0.0  95.8   0.0    2    450    508    0    0    0  51.38    0.00  15.50  10.47  25.41  69.05  69.00  20.00  42.05  69.00  70.00  43.05   0.00
15:16:38   4.2   0.0   0.0  95.8   0.0    2    757    542    0    0    0  53.00    0.00  15.79  10.44  26.76  68.05  68.00  20.00  42.05  68.00  70.00  43.05   0.00
15:16:39   4.2   0.0   0.0  95.8   0.0    2    480    541    0    0    0  51.37    0.00  15.50  10.48  25.40  69.05  69.00  20.00  42.05  69.00  70.00  43.05   0.00
15:16:40   4.2   0.0   0.0  95.8   0.0    2    426    517    0    0    0  51.42    0.00  15.50  10.47  25.44  70.05  70.00  20.00  42.05  70.00  70.00  43.05   0.00
15:16:41   4.3   0.0   0.2  95.6   0.0    2    454    544    0    0    0  51.51    0.00  15.52  10.45  25.54  70.05  70.00  20.00  42.05  70.00  70.00  43.05   0.00
15:16:42   4.2   0.0   0.0  95.8   0.0    2    454    547    0    0    0  51.51    0.00  15.52  10.49  25.51  73.05  73.00  20.00  42.05  73.00  70.00  43.05   0.00
15:16:43   4.2   0.0   0.0  95.8   0.0    2    822    556    0    0    0  52.97    0.00  15.81  10.49  26.67  71.05  69.00  20.00  42.05  69.00  70.00  43.05   0.00
15:16:44   4.2   0.0   0.0  95.8   0.0    2    983    519    0    0    0  52.09    0.00  15.61  10.44  26.04  69.05  69.00  20.00  42.05  72.00  70.00  43.05   0.00
15:16:45   4.1   0.0   0.0  95.9   0.0    2    428    448    0    0    0  51.53    0.00  15.55  10.53  25.46  72.05  72.00  20.00  42.05  72.00  70.00  43.05   0.00
15:16:46   4.2   0.0   0.0  95.8   0.0    2    430    424    0    0    0  51.78    0.00  15.52  10.47  25.78  71.05  71.00  20.00  42.05  71.00  72.00  43.05   0.00
15:16:47   4.2   0.0   0.0  95.8   0.0    2    522    520    0    0    0  51.61    0.00  15.50  10.52  25.58  72.05  72.00  20.00  42.05  72.00  72.00  43.05   0.00
15:16:48   4.2   0.0   0.0  95.8   0.0    2    609    569    0    0    0  54.23    0.00  15.96  10.72  27.55  69.05  69.00  20.00  42.05  71.00  72.00  43.05   0.00
15:16:49   4.2   0.0   0.0  95.8   0.0    2    728    512    0    0    0  54.08    0.00  15.65  10.47  27.96  72.05  72.00  20.00  42.05  72.00  72.00  43.05   0.00
15:16:50   4.4   0.0   0.0  95.6   0.0    2    434    542    0    0    0  53.70    0.00  15.59  10.51  27.60  72.05  72.00  20.00  42.05  72.00  72.00  43.05   0.00
15:16:51   4.2   0.0   0.0  95.8   0.0    2    790    532    0    0    0  53.71    0.00  15.60  10.51  27.59  66.05  66.00  20.00  42.05  66.00  72.00  43.05   0.00
15:16:52   4.2   0.0   0.1  95.8   0.0    2    432    533    0    0    0  51.96    0.00  15.52  10.49  25.94  71.05  71.00  20.00  42.05  71.00  72.00  43.05   0.00
15:16:53   4.2   0.0   0.0  95.8   0.0    2    442    509    0    0    0  51.75    0.00  15.53  10.51  25.71  71.05  71.00  20.00  42.05  71.00  71.00  43.05   0.00
15:16:54   4.2   0.0   0.0  95.8   0.0    2   1006    516    0    0    0  52.49    0.00  15.67  10.42  26.40  72.05  72.00  20.00  42.05  72.00  71.00  43.05   0.00
15:16:55   4.4   0.0   0.0  95.6   0.0    2   1184    597    0    0    0  52.49    0.00  15.62  10.29  26.58  67.05  67.00  20.00  42.05  67.00  71.00  43.05   0.00
15:16:56   4.2   0.0   0.0  95.8   0.0    2    412    520    0    0    0  50.22    0.00  15.08  10.06  25.09  72.05  72.00  20.00  42.05  72.00  72.00  43.05   0.00
15:16:57   4.2   0.0   0.1  95.8   0.0    2    440    536    0    0    0  51.78    0.00  15.55  10.52  25.72  72.05  72.00  20.00  42.05  72.00  68.00  43.05   0.00
15:16:58   4.2   0.0   0.0  95.8   0.0    2    440    511    0    0    0  51.76    0.00  15.53  10.47  25.76  69.05  69.00  20.00  42.05  69.00  68.00  43.05   0.00
15:16:59   4.2   0.0   0.0  95.8   0.0    2    809    584    0    0    0  51.92    0.00  15.58  10.53  25.81  72.05  72.00  20.00  42.05  72.00  72.00  43.05   0.00
15:17:00   4.2   0.0   0.0  95.8   0.0    2    463    538    0    0    0  51.76    0.00  15.53  10.51  25.72  71.05  71.00  20.00  42.05  71.00  72.00  43.05   0.00
15:17:01   4.2   0.0   0.1  95.7   0.0    2    836    646    3    2    3  52.23    0.00  15.61  10.47  26.14  71.05  71.00  20.00  42.05  71.00  71.00  43.05   0.00
15:17:02   4.2   0.0   0.0  95.8   0.0    2    506    572    0    0    0  52.78    0.00  15.71  10.49  26.58  69.05  69.00  20.00  42.05  69.00  71.00  43.05   0.00
15:17:03   4.2   0.0   0.0  95.8   0.0    2    505    551    0    0    0  51.62    0.00  15.51  10.50  25.61  69.05  69.00  20.00  42.05  69.00  71.00  43.05   0.00
15:17:04   4.2   0.0   0.0  95.8   0.0    2    732    497    0    0    0  51.89    0.00  15.55  10.49  25.84  69.05  69.00  20.00  42.05  69.00  71.00  43.05   0.00
15:17:05   4.2   0.0   0.0  95.8   0.0    2    438    485    0    0    0  51.66    0.00  15.51  10.49  25.65  69.05  69.00  20.00  42.05  69.00  71.00  43.05   0.00
15:17:06   4.2   0.0   0.0  95.8   0.0    2    994    522    0    0    0  52.49    0.00  15.65  10.40  26.45  71.05  71.00  20.00  42.05  71.00  71.00  43.05   0.00
15:17:07   4.2   0.0   0.0  95.8   0.0    2    508    551    0    0    0  51.86    0.00  15.57  10.51  25.78  69.05  69.00  20.00  42.05  69.00  71.00  43.05   0.00
15:17:08   4.2   0.0   0.0  95.8   0.0    2    434    526    0    0    0  51.72    0.00  15.52  10.50  25.70  71.05  71.00  20.00  42.05  71.00  71.00  43.05   0.00
15:17:09   4.1   0.0   0.1  95.8   0.0    2    742    512    0    0    0  51.79    0.00  15.53  10.48  25.78  71.05  71.00  20.00  42.05  71.00  71.00  43.05   0.00
15:17:10   4.2   0.0   0.1  95.7   0.0    2    478    536    0    0    0  51.79    0.00  15.53  10.50  25.76  71.05  71.00  20.00  42.05  71.00  71.00  43.05   0.00
15:17:11   4.2   0.0   0.0  95.8   0.0    2    475    556    0    0    0  51.71    0.00  15.52  10.49  25.70  69.05  69.00  20.00  42.05  69.00  71.00  43.05   0.00
15:17:12   4.2   0.0   0.0  95.8   0.0    2    754    513    0    0    0  53.02    0.00  15.76  10.46  26.81  72.05  72.00  20.00  42.05  72.00  71.00  43.05   0.00
15:17:13   4.4   0.0   0.0  95.5   0.0    2    465    539    0    0    0  51.67    0.00  15.51  10.50  25.66  69.05  69.00  20.00  42.05  69.00  71.00  43.05   0.00
15:17:14   4.2   0.0   0.0  95.8   0.0    2    422    533    0    0    0  51.72    0.00  15.51  10.46  25.76  69.05  69.00  20.00  42.05  69.00  71.00  43.05   0.00
15:17:15   4.1   0.0   0.0  95.9   0.0    2    480    537    0    0    0  51.70    0.00  15.51  10.50  25.69  71.05  71.00  20.00  42.05  71.00  71.00  43.05   0.00
15:17:16   4.2   0.0   0.0  95.8   0.0    2    459    513    0    0    0  51.51    0.00  15.47  10.49  25.54  72.05  72.00  20.00  42.05  72.00  72.00  43.05   0.00
15:17:17   4.4   0.0   0.0  95.5   0.1    2   2007    618    0    0    0  50.39    0.00  14.44   8.32  27.63  60.05  60.00  20.00  42.05  60.00  72.00  43.05   0.00
15:17:18   4.2   0.0   0.0  95.8   0.0    2    154    541    0    0    0  50.44    0.00  15.08   9.91  25.46  67.05  67.00  20.00  42.05  67.00  72.00  43.05   0.00
15:17:19   4.2   0.0   0.0  95.8   0.0    2    464    541    0    0    0  51.05    0.00  15.31  10.26  25.48  71.05  71.00  20.00  42.05  71.00  69.00  43.05   0.00
15:17:20   4.2   0.0   0.1  95.8   0.0    2    438    535    0    0    0  51.63    0.00  15.50  10.50  25.63  69.05  69.00  20.00  42.05  69.00  69.00  43.05   0.00
15:17:21   4.3   0.0   0.0  95.6   0.0    2    422    542    0    0    0  51.81    0.00  15.53  10.48  25.80  72.05  72.00  20.00  42.05  72.00  72.00  43.05   0.00
15:17:22   4.2   0.0   0.0  95.8   0.0    2    507    487    0    0    0  51.61    0.00  15.49  10.50  25.62  66.05  66.00  20.00  42.05  66.00  72.00  43.05   0.00
15:17:23   4.2   0.0   0.0  95.8   0.0    2    631    611    0    0    0  53.54    0.00  15.78  10.71  27.06  72.05  72.00  20.00  42.05  72.00  71.00  43.05   0.00
15:17:24   4.1   0.0   0.0  95.9   0.0    2    734    485    0    0    0  53.99    0.00  15.64  10.45  27.90  71.05  71.00  20.00  42.05  71.00  71.00  43.05   0.00
15:17:25   4.2   0.0   0.0  95.8   0.0    2    718    498    0    0    0  53.64    0.00  15.57  10.49  27.57  72.05  72.00  20.00  42.05  72.00  71.00  43.05   0.00
15:17:26   4.2   0.0   0.1  95.7   0.0    2    442    497    0    0    0  53.42    0.00  15.60  10.48  27.34  69.05  69.00  20.00  42.05  69.00  70.00  43.05   0.00
15:17:27   4.2   0.0   0.0  95.8   0.0    2    510    510    0    0    0  52.90    0.00  15.72  10.50  26.68  72.05  72.00  20.00  42.05  71.00  72.00  43.05   0.00
15:17:28   4.2   0.0   0.0  95.8   0.0    2    451    516    0    0    0  51.70    0.00  15.52  10.50  25.68  71.05  71.00  20.00  42.05  71.00  72.00  43.05   0.00
15:17:29   4.1   0.0   0.0  95.9   0.0    2   1598    527    0    0    0  52.74    0.00  15.70  10.41  26.64  69.05  69.00  20.00  42.05  71.00  72.00  43.05   0.00
15:17:30   4.2   0.0   0.0  95.8   0.0    2    124    511    0    0    0  51.53    0.00  15.50  10.49  25.54  71.05  71.00  20.00  42.05  71.00  72.00  43.05   0.00
15:17:31   4.2   0.0   0.0  95.8   0.0    2    808    491    0    0    0  51.78    0.00  15.55  10.51  25.73  69.05  69.00  20.00  42.05  69.00  72.00  43.05   0.00
15:17:32   4.2   0.0   0.0  95.8   0.0    2    450    393    0    0    0  52.76    0.00  15.72  10.46  26.58  67.05  67.00  20.00  42.05  67.00  72.00  43.05   0.00
15:17:33   4.2   0.0   0.0  95.8   0.0    3    421    484    0    0    0  51.63    0.00  15.51  10.48  25.63  69.05  69.00  20.00  42.05  69.00  71.00  43.05   0.00
15:17:34   4.2   0.0   0.0  95.7   0.0    2    737    520    0    0    0  53.04    0.00  15.76  10.44  26.84  69.05  69.00  20.00  42.05  69.00  71.00  43.05   0.00
15:17:35   4.2   0.0   0.0  95.8   0.0    2    478    520    0    0    0  51.62    0.00  15.50  10.47  25.65  72.05  72.00  20.00  42.05  72.00  71.00  43.05   0.00
15:17:36   4.2   0.0   0.0  95.8   0.0    2    410    489    0    0    0  51.63    0.00  15.50  10.48  25.65  71.05  71.00  20.00  42.05  71.00  71.00  43.05   0.00
15:17:37   4.2   0.0   0.1  95.8   0.0    2    458    507    0    0    0  52.75    0.00  15.71  10.46  26.58  71.05  71.00  20.00  42.05  71.00  72.00  43.05   0.00
15:17:38   4.2   0.0   0.0  95.8   0.0    2    464    509    0    0    0  51.64    0.00  15.49  10.47  25.68  69.05  69.00  20.00  42.05  69.00  72.00  43.05   0.00
15:17:39   4.2   0.0   0.1  95.7   0.0    2    793    503    0    0    0  51.86    0.00  15.54  10.46  25.86  69.05  69.00  20.00  42.05  69.00  71.00  43.05   0.00
15:17:40   4.4   0.0   0.0  95.6   0.0    2   1662    552    0    0    0  53.62    0.00  15.89  10.46  27.27  72.05  72.00  20.00  42.05  72.00  71.00  43.05   0.00
15:17:41   4.2   0.0   0.0  95.8   0.0    2    130    498    0    0    0  49.64    0.00  14.87   9.79  24.98  69.05  69.00  20.00  42.05  69.00  67.00  43.05   0.00
15:17:42   4.2   0.0   0.0  95.8   0.0    2    462    492    0    0    0  52.54    0.00  15.67  10.49  26.39  72.05  72.00  20.00  42.05  72.00  67.00  43.05   0.00
15:17:43   4.2   0.0   0.0  95.8   0.0    2    474    533    0    0    0  51.46    0.00  15.53  10.48  25.45  71.05  71.00  20.00  42.05  72.00  71.00  43.05   0.00
15:17:44   4.2   0.0   0.0  95.8   0.0    2    738    484    0    0    0  51.86    0.00  15.55  10.50  25.81  71.05  71.00  20.00  42.05  69.00  71.00  43.05   0.00
15:17:45   4.2   0.0   0.0  95.8   0.0    2    428    481    0    0    0  51.59    0.00  15.48  10.46  25.64  71.05  71.00  20.00  42.05  71.00  71.00  43.05   0.00
15:17:46   4.2   0.0   0.0  95.8   0.0    2    452    500    0    0    0  51.75    0.00  15.51  10.46  25.77  63.05  63.00  20.00  42.05  63.00  71.00  43.05   0.00
15:17:47   4.2   0.0   0.0  95.8   0.0    2    808    424    0    0    0  51.75    0.00  15.52  10.47  25.76  69.05  69.00  20.00  42.05  69.00  71.00  43.05   0.00
15:17:48   4.1   0.0   0.0  95.9   0.0    2    446    334    0    0    0  51.57    0.00  15.49  10.48  25.60  72.05  72.00  20.00  42.05  72.00  71.00  43.05   0.00
15:17:49   4.2   0.0   0.0  95.7   0.0    2    591    569    0    0    0  54.92    0.00  16.00  10.71  28.22  71.05  71.00  20.00  42.05  72.00  72.00  43.05   0.00
15:17:50   4.2   0.0   0.0  95.8   0.0    2    436    527    0    0    0  53.65    0.00  15.57  10.49  27.59  72.05  72.00  20.00  42.05  72.00  72.00  42.05   0.00
15:17:51   4.2   0.0   0.0  95.8   0.0    2    483    534    0    0    0  53.69    0.00  15.59  10.49  27.61  68.05  68.00  20.00  42.05  68.00  72.00  42.05   0.00
15:17:52   4.1   0.0   0.1  95.8   0.0    2   1286    478    0    0    0  54.88    0.00  15.87  10.40  28.61  71.05  71.00  20.00  42.05  71.00  72.00  42.05   0.00
15:17:53   4.3   0.0   0.1  95.6   0.0    2    424    504    0    0    0  51.76    0.00  15.50  10.46  25.79  71.05  71.00  20.00  42.05  71.00  70.00  42.05   0.00
15:17:54   4.3   0.0   0.0  95.7   0.0    2    462    492    0    0    0  51.77    0.00  15.52  10.51  25.73  67.05  67.00  20.00  42.05  68.00  70.00  42.05   0.00
15:17:55   4.2   0.0   0.0  95.8   0.0    2    472    519    0    0    0  51.72    0.00  15.54  10.47  25.72  69.05  69.00  20.00  42.05  69.00  70.00  42.05   0.00
15:17:56   4.2   0.0   0.0  95.8   0.0    2    420    493    0    0    0  51.66    0.00  15.50  10.48  25.69  69.05  69.00  20.00  42.05  69.00  70.00  42.05   0.00
15:17:57   4.2   0.0   0.0  95.8   0.0    2    748    469    0    0    0  52.07    0.00  15.60  10.47  26.00  71.05  71.00  20.00  42.05  71.00  70.00  42.05   0.00
15:17:58   4.2   0.0   0.0  95.8   0.0    2    429    509    0    0    0  51.68    0.00  15.52  10.48  25.68  71.05  71.00  20.00  42.05  71.00  71.00  42.05   0.00
15:17:59   4.1   0.0   0.0  95.9   0.0    2    792    543    0    0    0  51.71    0.00  15.50  10.50  25.70  69.05  69.00  20.00  42.05  69.00  71.00  42.05   0.00
15:18:00   4.2   0.0   0.0  95.8   0.0    2    735    510    0    0    0  51.82    0.00  15.52  10.45  25.85  71.05  71.00  20.00  42.05  69.00  71.00  42.05   0.00
15:18:01   4.2   0.0   0.0  95.8   0.0    2    425    500    0    0    0  51.68    0.00  15.51  10.48  25.69  69.05  69.00  20.00  42.05  69.00  71.00  43.05   0.00
15:18:02   4.4   0.0   0.0  95.6   0.0    2   1051    544    0    0    0  53.31    0.00  15.79  10.38  27.13  67.05  67.00  20.00  42.05  67.00  70.00  43.05   0.00
15:18:03   4.3   0.0   0.0  95.6   0.0    2   1184    598    0    0    0  53.25    0.00  15.82  10.46  26.97  67.05  67.00  20.00  42.05  67.00  70.00  43.05   0.00
15:18:04   4.2   0.0   0.0  95.8   0.0    2    436    509    0    0    0  49.58    0.00  14.89   9.85  24.84  69.05  69.00  20.00  42.05  69.00  69.00  43.05   0.00
15:18:05   4.2   0.0   0.0  95.8   0.0    2    416    478    0    0    0  51.68    0.00  15.52  10.49  25.67  71.05  71.00  20.00  42.05  71.00  69.00  43.05   0.00
15:18:06   4.2   0.0   0.0  95.8   0.0    2    424    475    0    0    0  51.54    0.00  15.49  10.49  25.56  71.05  71.00  20.00  42.05  71.00  69.00  43.05   0.00
15:18:07   4.2   0.0   0.0  95.8   0.0    2    498    561    0    0    0  52.85    0.00  15.72  10.47  26.66  71.05  71.00  20.00  42.05  71.00  71.00  43.05   0.00
15:18:08   4.2   0.0   0.1  95.8   0.0    2    437    524    0    0    0  51.73    0.00  15.52  10.49  25.72  72.05  72.00  20.00  42.05  72.00  70.00  43.05   0.00
15:18:09   4.2   0.0   0.0  95.8   0.0    2    729    518    0    0    0  52.00    0.00  15.56  10.43  26.01  69.05  69.00  20.00  42.05  72.00  70.00  43.05   0.00
15:18:10   4.2   0.0   0.0  95.8   0.0    2    492    553    0    0    0  51.76    0.00  15.51  10.48  25.77  69.05  69.00  20.00  42.05  69.00  71.00  43.05   0.00
15:18:11   4.2   0.0   0.0  95.8   0.0    2    482    565    0    0    0  51.59    0.00  15.49  10.48  25.62  71.05  71.00  20.00  42.05  71.00  71.00  42.05   0.00
15:18:12   4.2   0.0   0.0  95.8   0.0    2    750    509    0    0    0  51.80    0.00  15.53  10.45  25.82  69.05  69.00  20.00  42.05  69.00  71.00  42.05   0.00
15:18:13   4.2   0.0   0.0  95.8   0.0    2    451    496    0    0    0  51.67    0.00  15.50  10.49  25.68  71.05  71.00  20.00  42.05  71.00  71.00  42.05   0.00
15:18:14   4.2   0.0   0.0  95.8   0.0    2   1004    517    0    0    0  52.27    0.00  15.59  10.41  26.27  67.05  67.00  20.00  42.05  67.00  71.00  42.05   0.00
15:18:15   4.2   0.0   0.1  95.8   0.0    2    482    543    0    0    0  51.86    0.00  15.56  10.46  25.84  71.05  71.00  20.00  42.05  71.00  71.00  42.05   0.00
15:18:16   4.2   0.0   0.0  95.8   0.0    2    413    493    0    0    0  51.56    0.00  15.48  10.48  25.60  71.05  71.00  20.00  42.05  71.00  71.00  42.05   0.00
15:18:17   4.2   0.0   0.0  95.8   0.0    2    447    480    0    0    0  52.79    0.00  15.71  10.47  26.61  71.05  71.00  20.00  42.05  71.00  69.00  42.05   0.00
15:18:18   4.2   0.0   0.0  95.8   0.0    2    730    516    0    0    0  51.72    0.00  15.50  10.48  25.74  71.05  71.00  20.00  42.05  69.00  71.00  42.05   0.00
15:18:19   4.2   0.0   0.2  95.6   0.0    2    488    546    0    0    0  51.56    0.00  15.48  10.47  25.61  71.05  71.00  20.00  42.05  72.00  71.00  42.05   0.00
15:18:20   4.4   0.0   0.0  95.6   0.0    2    723    433    0    0    0  51.89    0.00  15.55  10.42  25.93  71.05  71.00  20.00  42.05  69.00  71.00  42.05   0.00
15:18:21   4.1   0.0   0.0  95.9   0.0    2    442    320    0    0    0  51.50    0.00  15.48  10.48  25.54  69.05  69.00  20.00  42.05  69.00  71.00  42.05   0.00
15:18:22   4.2   0.0   0.0  95.8   0.0    2    450    397    0    0    0  52.73    0.00  15.70  10.46  26.57  69.05  71.00  20.00  42.05  71.00  71.00  42.05   0.00
15:18:23   4.2   0.0   0.0  95.8   0.0    2    642    718    0    0    0  46.60    0.00  13.60   8.49  24.51  58.05  58.00  20.00  42.05  58.00  71.00  42.05   0.00
15:18:24   4.2   0.0   0.0  95.8   0.0    2    139    507    0    0    0  39.82    0.00  11.17   5.96  22.70  58.05  58.00  20.00  42.05  58.00  70.00  42.05   0.00
15:18:25   4.2   0.0   0.0  95.8   0.0    2    444    503    0    0    1  39.87    0.00  11.19   5.98  22.70  58.05  58.00  20.00  42.05  58.00  70.00  42.05   0.00
15:18:26   4.2   0.0   0.0  95.8   0.0    2   1028    469    0    0    0  42.33    0.00  11.89   6.36  24.08  60.05  61.00  20.00  42.05  61.00  70.00  42.05   0.00
15:18:27   4.3   0.0   0.0  95.7   0.0    2   1194    624    0    0    0  43.29    0.00  12.50   6.70  24.09  61.05  61.00  20.00  42.05  61.00  59.00  42.05   0.00
15:18:28   4.2   0.0   0.0  95.8   0.0    2    132    470    0    0    0  38.62    0.00  11.47   6.23  20.93  60.05  60.00  20.00  42.05  60.00  58.00  42.05   0.00
15:18:29   4.2   0.0   0.0  95.8   0.0    2    738    532    0    0    0  38.38    0.00  11.36   6.10  20.92  58.05  58.00  20.00  42.05  58.00  58.00  42.05   0.00
15:18:30   4.2   0.0   0.0  95.8   0.0    2    138    494    0    0    0  37.43    0.00  11.06   5.93  20.44  58.05  58.00  20.00  42.05  58.00  59.00  42.05   0.00
15:18:31   4.2   0.0   0.0  95.8   0.0    2    476    515    0    0    0  37.88    0.00  11.20   6.03  20.66  58.05  58.00  20.00  42.05  58.00  59.00  43.05   0.00
15:18:32   4.2   0.0   0.0  95.8   0.0    2    476    485    0    0    0  38.81    0.00  11.34   5.99  21.47  58.05  58.00  20.00  42.05  58.00  59.00  43.05   0.00
15:18:33   4.1   0.0   0.0  95.9   0.0    2    442    507    0    0    0  38.07    0.00  11.23   6.03  20.81  57.05  57.00  20.00  42.05  58.00  59.00  43.05   0.00
15:18:34   4.2   0.0   0.0  95.8   0.0    2    140    522    0    0    0  37.49    0.00  11.07   5.94  20.48  58.05  58.00  20.00  42.05  58.00  59.00  43.05   0.00
15:18:35   4.2   0.0   0.0  95.8   0.0    2    468    402    0    0    0  37.84    0.00  11.20   6.01  20.64  58.05  58.00  20.00  42.05  58.00  59.00  43.05   0.00
15:18:36   4.2   0.0   0.0  95.8   0.0    2    429    372    0    0    0  37.72    0.00  11.14   5.99  20.59  58.05  57.00  20.00  42.05  57.00  59.00  43.05   0.00
15:18:37   4.3   0.0   0.0  95.7   0.0    2    456    521    0    0    0  38.83    0.00  11.46   6.14  21.23  58.05  58.00  20.00  42.05  58.00  59.00  43.05   0.00
15:18:38   4.2   0.0   0.0  95.8   0.0    2    460    538    0    0    0  37.61    0.00  11.11   5.97  20.54  58.05  58.00  20.00  42.05  58.00  59.00  43.05   0.00
15:18:39   4.2   0.0   0.0  95.8   0.0    2    517    479    0    0    0  37.88    0.00  11.18   6.02  20.68  57.05  57.00  20.00  42.05  58.00  59.00  43.05   0.00
15:18:40   4.2   0.0   0.0  95.8   0.0    2    136    523    0    0    0  37.25    0.00  11.01   5.89  20.34  58.05  57.00  20.00  42.05  57.00  59.00  43.05   0.00
15:18:41   4.4   0.0   0.0  95.6   0.0    2    446    547    0    0    0  38.16    0.00  11.26   6.06  20.84  58.05  58.00  20.00  42.05  58.00  59.00  42.05   0.00
15:18:42   4.3   0.0   0.0  95.6   0.0    2    468    558    0    0    0  38.61    0.00  11.29   5.96  21.36  58.05  58.00  20.00  42.05  58.00  59.00  42.05   0.00
15:18:43   4.2   0.0   0.0  95.8   0.0    2    174    538    0    0    0  37.57    0.00  11.10   5.95  20.52  58.05  58.00  20.00  42.05  57.00  59.00  42.05   0.00
15:18:44   4.2   0.0   0.0  95.8   0.0    2    460    515    0    0    0  37.56    0.00  11.09   5.97  20.50  58.05  58.00  20.00  42.05  58.00  59.00  42.05   0.00
15:18:45   4.4   0.0   0.0  95.6   0.0    2    990    517    0    0    0  39.64    0.00  11.66   6.25  21.72  58.05  58.00  20.00  42.05  58.00  59.00  42.05   0.00
15:18:46   4.2   0.0   0.0  95.8   0.0    3    429    527    0    0    0  38.92    0.00  11.48   6.25  21.20  58.05  58.00  20.00  42.05  58.00  59.00  42.05   0.00
15:18:47   4.2   0.0   0.0  95.8   0.0    2    193    560    0    0    0  38.70    0.00  11.32   5.99  21.39  58.05  58.00  20.00  42.05  58.00  59.00  42.05   0.00
15:18:48   4.2   0.0   0.0  95.8   0.0    2    448    517    0    0    0  37.88    0.00  11.18   6.03  20.67  58.05  58.00  20.00  42.05  57.00  59.00  42.05   0.00
15:18:49   4.1   0.0   0.0  95.8   0.0    2    627    619    1    0    0  39.55    0.00  11.39   6.22  21.93  58.05  58.00  20.00  42.05  58.00  59.00  42.05   0.00
15:18:50   4.4   0.0   0.0  95.6   0.0    2    442    547    0    0    0  40.43    0.00  11.39   6.10  22.93  58.05  58.00  20.00  42.05  58.00  59.00  42.05   0.00
15:18:51   4.2   0.0   0.0  95.8   0.0    2    194    561    0    0    0  39.73    0.00  11.18   5.99  22.56  58.05  58.00  20.00  42.05  58.00  59.00  42.05   0.00
15:18:52   4.2   0.0   0.0  95.8   0.0    2    478    524    0    0    0  40.71    0.00  11.48   6.05  23.18  58.05  58.00  20.00  42.05  58.00  59.00  42.05   0.00
15:18:53   4.1   0.0   0.0  95.9   0.0    2    419    427    0    0    0  37.82    0.00  11.12   5.96  20.73  58.05  58.00  20.00  42.05  58.00  59.00  42.05   0.00
15:18:54   4.2   0.0   0.0  95.8   0.0    2    441    340    0    0    0  38.58    0.00  11.40   6.12  21.06  57.05  57.00  20.00  42.05  57.00  58.00  42.05   0.00
15:18:55   4.2   0.0   0.0  95.8   0.0    2    480    498    0    0    0  37.50    0.00  11.09   5.96  20.45  58.05  58.00  20.00  42.05  58.00  58.00  42.05   0.00
15:18:56   4.2   0.0   0.0  95.8   0.0    2    442    493    0    0    0  37.69    0.00  11.14   5.98  20.57  57.05  57.00  20.00  42.05  57.00  58.00  42.05   0.00
15:18:57   4.2   0.0   0.0  95.8   0.0    2    140    522    0    0    0  38.47    0.00  11.26   5.93  21.28  58.05  58.00  20.00  42.05  58.00  58.00  42.05   0.00
15:18:58   4.2   0.0   0.0  95.8   0.0    2    446    512    0    0    0  38.18    0.00  11.28   6.06  20.84  58.05  58.00  20.00  42.05  58.00  59.00  42.05   0.00
15:18:59   4.4   0.0   0.1  95.6   0.0    2    488    513    0    0    0  37.45    0.00  11.07   5.94  20.44  58.05  58.00  20.00  42.05  58.00  59.00  42.05   0.00
15:19:00   4.2   0.0   0.0  95.8   0.0    2    477    559    0    0    0  37.38    0.00  11.05   5.90  20.43  58.05  58.00  20.00  42.05  58.00  59.00  42.05   0.00
15:19:01   4.2   0.0   0.0  95.8   0.0    2    436    492    0    0    0  37.36    0.00  11.04   5.91  20.40  58.05  58.00  20.00  42.05  58.00  59.00  42.05   0.00
15:19:02   4.1   0.0   0.0  95.9   0.0    2   1096    548    0    0    0  39.42    0.00  11.59   6.20  21.63  58.05  58.00  20.00  42.05  58.00  59.00  42.05   0.00
15:19:03   4.3   0.0   0.1  95.6   0.0    2   1205    613    0    0    0  41.99    0.00  12.29   6.71  22.98  61.05  61.00  20.00  42.05  60.00  59.00  42.05   0.00
15:19:04   4.2   0.0   0.0  95.8   0.0    2    138    504    0    0    0  38.72    0.00  11.49   6.24  20.99  58.05  58.00  20.00  42.05  58.00  59.00  42.05   0.00
15:19:05   4.2   0.0   0.0  95.8   0.0    2    418    503    0    0    0  38.65    0.00  11.42   6.21  21.01  57.05  57.00  20.00  42.05  58.00  59.00  42.05   0.00
15:19:06   4.2   0.0   0.0  95.8   0.0    2    140    525    0    0    0  38.43    0.00  11.25   5.93  21.25  58.05  58.00  20.00  42.05  58.00  59.00  42.05   0.00
15:19:07   4.2   0.0   0.0  95.8   0.0    2    500    551    0    0    0  37.82    0.00  11.19   5.99  20.63  57.05  57.00  20.00  42.05  57.00  59.00  42.05   0.00
15:19:08   4.2   0.0   0.0  95.8   0.0    2    454    477    0    0    0  37.36    0.00  11.04   5.92  20.40  57.05  57.00  20.00  42.05  58.00  58.00  42.05   0.00
15:19:09   4.1   0.0   0.0  95.9   0.0    2    436    369    0    0    0  38.00    0.00  11.23   6.02  20.74  58.05  58.00  20.00  42.05  58.00  58.00  42.05   0.00
15:19:10   4.3   0.0   0.0  95.7   0.0    2    188    443    0    0    0  37.55    0.00  11.12   5.97  20.46  58.05  58.00  20.00  42.05  58.00  58.00  42.05   0.00
15:19:11   4.1   0.0   0.0  95.9   0.0    2    488    539    0    0    0  37.96    0.00  11.20   6.03  20.72  58.05  58.00  20.00  42.05  60.00  59.00  42.05   0.00
15:19:12   4.2   0.0   0.0  95.8   0.0    2    507    541    0    0    0  38.83    0.00  11.36   6.02  21.45  58.05  58.00  20.00  42.05  58.00  59.00  42.05   0.00
15:19:13   4.2   0.0   0.0  95.8   0.0    2    428    513    0    0    0  38.96    0.00  11.47   6.17  21.32  58.05  58.00  20.00  42.05  58.00  59.00  42.05   0.00
15:19:14   4.2   0.0   0.0  95.8   0.0    2    432    518    0    0    0  37.80    0.00  11.16   6.02  20.62  58.05  58.00  20.00  42.05  58.00  59.00  42.05   0.00
15:19:15   4.2   0.0   0.0  95.8   0.0    2    492    547    0    0    0  37.99    0.00  11.21   6.05  20.74  58.05  58.00  20.00  42.05  58.00  59.00  42.05   0.00
15:19:16   4.2   0.0   0.0  95.8   0.0    2    136    524    0    0    0  38.45    0.00  11.25   5.94  21.26  58.05  58.00  20.00  42.05  58.00  59.00  42.05   0.00
15:19:17   4.1   0.0   0.0  95.9   0.0    2    438    504    0    0    0  38.25    0.00  11.29   6.09  20.88  58.05  58.00  20.00  42.05  58.00  59.00  42.05   0.00
15:19:18   4.2   0.0   0.0  95.8   0.0    2    442    528    0    0    0  37.50    0.00  11.08   5.96  20.46  58.05  58.00  20.00  42.05  58.00  59.00  42.05   0.00
15:19:19   4.2   0.0   0.0  95.8   0.0    2    190    545    0    0    0  37.80    0.00  11.15   6.01  20.64  58.05  58.00  20.00  42.05  58.00  59.00  42.05   0.00
15:19:20   4.2   0.0   0.0  95.8   0.0    2    434    497    0    0    0  37.77    0.00  11.15   6.02  20.59  58.05  58.00  20.00  42.05  58.00  59.00  42.05   0.00
15:19:21   4.2   0.0   0.0  95.8   0.0    2   1028    503    0    0    0  41.32    0.00  12.03   6.38  22.90  60.05  60.00  20.00  42.05  60.00  59.00  42.05   0.00
15:19:22   4.2   0.0   0.0  95.8   0.0    2    468    510    0    0    0  38.39    0.00  11.34   6.16  20.88  58.05  58.00  20.00  42.05  58.00  59.00  42.05   0.00
15:19:23   4.2   0.0   0.0  95.8   0.0    2    327    679    0    0    0  40.15    0.00  11.34   6.16  22.66  57.05  57.00  20.00  42.05  57.00  59.00  42.05   0.00
15:19:24   4.2   0.0   0.0  95.8   0.0    2    436    523    0    0    0  40.01    0.00  11.28   6.05  22.67  57.05  57.00  20.00  42.05  57.00  59.00  42.05   0.00
15:19:25   4.2   0.0   0.0  95.8   0.0    2    436    503    0    0    0  39.92    0.00  11.25   6.03  22.64  58.05  58.00  20.00  42.05  58.00  59.00  42.05   0.00
15:19:26   4.2   0.0   0.0  95.8   0.0    2    434    510    0    0    0  38.67    0.00  11.20   6.01  21.47  58.05  58.00  20.00  42.05  58.00  59.00  42.05   0.00
15:19:27   4.2   0.0   0.0  95.8   0.0    2    184    547    0    0    0  37.16    0.00  10.97   5.87  20.32  58.05  58.00  20.00  42.05  58.00  59.00  42.05   0.00
15:19:28   4.4   0.0   0.0  95.6   0.0    2    474    539    0    0    0  37.52    0.00  11.09   5.95  20.48  57.05  57.00  20.00  42.05  57.00  59.00  42.05   0.00
15:19:29   4.2   0.0   0.0  95.8   0.0    2    428    512    0    0    0  37.21    0.00  11.01   5.89  20.31  58.05  58.00  20.00  42.05  58.00  58.00  42.05   0.00
15:19:30   4.1   0.0   0.0  95.9   0.0    2    716    535    0    0    0  39.13    0.00  11.53   6.21  21.39  58.05  58.00  20.00  42.05  58.00  58.00  42.05   0.00
15:19:31   4.2   0.0   0.0  95.8   0.0    2    514    558    0    0    0  38.66    0.00  11.30   5.98  21.38  58.05  58.00  20.00  42.05  58.00  58.00  42.05   0.00
15:19:32   4.2   0.0   0.0  95.8   0.0    2    448    518    0    0    0  37.78    0.00  11.16   6.00  20.62  58.05  58.00  20.00  42.05  58.00  58.00  42.05   0.00
15:19:33   4.2   0.0   0.0  95.8   0.0    2    126    502    0    0    0  37.00    0.00  10.96   5.85  20.19  57.05  57.00  20.00  42.05  58.00  59.00  42.05   0.00
15:19:34   4.2   0.0   0.0  95.8   0.0    2    436    511    0    0    0  38.04    0.00  11.23   6.03  20.77  58.05  58.00  20.00  42.05  58.00  59.00  42.05   0.00
15:19:35   4.2   0.0   0.0  95.8   0.0    2    475    587    0    0    0  37.47    0.00  11.09   5.95  20.44  58.05  58.00  20.00  41.05  58.00  58.00  42.05   0.00
15:19:36   4.2   0.0   0.0  95.8   0.0    2    130    513    0    0    0  38.90    0.00  11.38   6.02  21.50  58.05  58.00  20.00  41.05  58.00  58.00  42.05   0.00
15:19:37   4.2   0.0   0.0  95.8   0.0    2    446    510    0    0    0  37.61    0.00  11.11   5.97  20.53  58.05  58.00  20.00  41.05  58.00  58.00  42.05   0.00
15:19:38   4.1   0.0   0.0  95.8   0.0    2   1005    546    0    0    0  39.91    0.00  11.72   6.29  21.89  58.05  58.00  20.00  41.05  58.00  59.00  42.05   0.00
15:19:39   4.4   0.0   0.0  95.6   0.0    2   1200    623    0    0    0  41.88    0.00  12.28   6.71  22.89  60.05  60.00  20.00  41.05  60.00  58.00  42.05   0.00
15:19:40   4.2   0.0   0.0  95.8   0.0    2    138    518    0    0    0  38.61    0.00  11.45   6.24  20.92  58.05  58.00  20.00  42.05  60.00  58.00  42.05   0.00
15:19:41   4.2   0.0   0.0  95.8   0.0    2    438    519    0    0    0  39.53    0.00  11.57   6.19  21.77  58.05  58.00  20.00  42.05  58.00  60.00  42.05   0.00
15:19:42   4.2   0.0   0.0  95.8   0.0    2    160    536    0    0    0  37.47    0.00  11.07   5.95  20.45  58.05  58.00  20.00  42.05  58.00  60.00  42.05   0.00
15:19:43   4.2   0.0   0.0  95.8   0.0    2    472    540    0    0    0  37.91    0.00  11.19   6.04  20.68  57.05  57.00  20.00  42.05  58.00  59.00  42.05   0.00
15:19:44   4.3   0.0   0.2  95.5   0.0    2    466    536    0    0    0  37.70    0.00  11.13   6.00  20.57  57.05  57.00  20.00  42.05  57.00  59.00  42.05   0.00
15:19:45   4.1   0.0   0.0  95.9   0.0    2    426    508    0    0    0  38.04    0.00  11.22   6.04  20.77  58.05  58.00  20.00  42.05  58.00  58.00  42.05   0.00
15:19:46   4.2   0.0   0.0  95.8   0.0    2    146    539    0    0    0  38.31    0.00  11.22   5.92  21.17  58.05  58.00  20.00  42.05  58.00  58.00  42.05   0.00
15:19:47   4.2   0.0   0.0  95.8   0.0    2    499    535    0    0    0  37.76    0.00  11.15   6.01  20.60  58.05  58.00  20.00  42.05  58.00  58.00  42.05   0.00
15:19:48   4.2   0.0   0.0  95.8   0.0    2    463    513    0    0    0  37.64    0.00  11.07   5.94  20.63  58.05  58.00  20.00  42.05  58.00  58.00  42.05   0.00
15:19:49   4.2   0.0   0.0  95.7   0.1    2    618    627    2    0    2  42.57    0.00  11.91   6.33  24.33  58.05  58.00  20.00  42.05  58.00  58.00  42.05   0.00
15:19:50   4.1   0.0   0.0  95.9   0.0    2    448    540    0    0    0  39.60    0.00  11.18   5.99  22.44  58.05  58.00  20.00  41.05  58.00  58.00  42.05   0.00
15:19:51   4.2   0.0   0.0  95.8   0.0    2    496    550    0    0    0  39.65    0.00  11.19   5.98  22.48  58.05  58.00  20.00  41.05  58.00  59.00  42.05   0.00
15:19:52   4.2   0.0   0.0  95.8   0.0    2    205    523    0    0    0  38.25    0.00  11.14   6.00  21.12  58.05  58.00  20.00  41.05  58.00  59.00  42.05   0.00
15:19:53   4.2   0.0   0.0  95.8   0.0    2    433    515    0    0    0  38.33    0.00  11.30   6.09  20.94  58.05  58.00  20.00  41.05  58.00  59.00  42.05   0.00
15:19:54   4.2   0.0   0.0  95.8   0.0    2    476    541    0    0    0  37.87    0.00  11.18   6.03  20.66  58.05  58.00  20.00  41.05  58.00  59.00  42.05   0.00
15:19:55   4.2   0.0   0.0  95.8   0.0    2    475    527    0    0    0  37.88    0.00  11.19   6.02  20.67  58.05  58.00  20.00  42.05  58.00  59.00  42.05   0.00
15:19:56   4.2   0.0   0.0  95.8   0.0    2    153    518    0    0    0  38.64    0.00  11.31   5.98  21.35  58.05  58.00  20.00  42.05  58.00  59.00  42.05   0.00
15:19:57   4.2   0.0   0.0  95.8   0.0    2    976    500    0    0    0  40.75    0.00  11.98   6.50  22.27  60.05  60.00  20.00  42.05  60.00  59.00  42.05   0.00
15:19:58   4.2   0.0   0.0  95.8   0.0    2    440    535    0    0    0  38.09    0.00  11.25   6.07  20.77  58.05  58.00  20.00  42.05  58.00  59.00  42.05   0.00
15:19:59   4.1   0.0   0.0  95.8   0.0    2    466    533    0    0    0  38.02    0.00  11.22   6.06  20.74  57.05  58.00  20.00  42.05  58.00  59.00  42.05   0.00
15:20:00   4.2   0.0   0.0  95.8   0.0    2    467    571    0    0    0  37.81    0.00  11.16   6.02  20.64  58.05  58.00  20.00  42.05  58.00  59.00  42.05   0.00
15:20:01   4.2   0.0   0.0  95.8   0.0    2    445    510    0    0    0  38.27    0.00  11.30   6.08  20.89  58.05  58.00  20.00  42.05  58.00  59.00  42.05   0.00
15:20:02   4.1   0.0   0.0  95.9   0.0    2    473    541    0    0    0  37.32    0.00  11.02   5.91  20.38  58.05  58.00  20.00  42.05  58.00  59.00  42.05   0.00
15:20:03   4.2   0.0   0.0  95.8   0.0    2    474    536    0    0    0  37.26    0.00  11.03   5.89  20.34  58.05  58.00  20.00  42.05  58.00  58.00  42.05   0.00
15:20:04   4.2   0.0   0.0  95.8   0.0    2    144    509    0    0    0  37.35    0.00  11.04   5.92  20.39  58.05  58.00  20.00  42.05  58.00  58.00  42.05   0.00
15:20:05   4.2   0.0   0.0  95.8   0.0    2    424    505    0    0    0  37.54    0.00  11.11   5.93  20.50  56.05  56.00  20.00  42.05  56.00  58.00  42.05   0.00
15:20:06   4.2   0.0   0.0  95.8   0.0    2    446    552    0    0    0  39.63    0.00  11.59   6.14  21.91  56.05  56.00  20.00  42.05  56.00  58.00  42.05   0.00
15:20:07   4.2   0.0   0.0  95.8   0.0    2    505    541    0    0    0  37.72    0.00  11.14   5.99  20.59  58.05  58.00  20.00  42.05  58.00  58.00  42.05   0.00
15:20:08   4.2   0.0   0.0  95.8   0.0    2    446    510    0    0    0  37.96    0.00  11.21   6.03  20.72  57.05  58.00  20.00  42.05  58.00  58.00  42.05   0.00
15:20:09   4.2   0.0   0.0  95.8   0.0    2    124    522    0    0    0  37.77    0.00  11.15   6.01  20.60  58.05  58.00  20.00  42.05  58.00  58.00  42.05   0.00
15:20:10   4.3   0.0   0.0  95.7   0.0    2    470    539    0    0    0  38.03    0.00  11.25   6.04  20.74  58.05  58.00  20.00  41.05  58.00  58.00  42.05   0.00
15:20:11   4.2   0.0   0.0  95.8   0.0    2    500    564    0    0    0  38.72    0.00  11.33   6.00  21.40  58.05  58.00  20.00  41.05  58.00  58.00  42.05   0.00
15:20:12   4.2   0.0   0.0  95.8   0.0    2    478    522    0    0    0  37.70    0.00  11.13   5.98  20.58  57.05  57.00  20.00  41.05  56.00  58.00  42.05   0.00
15:20:13   4.2   0.0   0.0  95.8   0.0    2    142    493    0    0    0  37.36    0.00  11.05   5.92  20.38  57.05  57.00  20.00  41.05  57.00  58.00  42.05   0.00
15:20:14   4.2   0.0   0.0  95.8   0.0    2    994    522    0    0    0  40.96    0.00  12.04   6.53  22.38  58.05  58.00  20.00  41.05  58.00  58.00  42.05   0.00
15:20:15   4.4   0.0   0.0  95.6   0.0    2   1148    591    0    0    0  51.40    0.00  15.36  10.11  25.93  66.05  66.00  20.00  42.05  66.00  59.00  42.05   0.00
-------- ----- ----- ----- ----- ----- ---- ------ ------ ---- ---- ---- ------  ------ ------ ------ ------ ------ ------ ------ ------ ------ ------ ------ ------
 Average   4.2   0.0   0.0  95.8   0.0  2.0  625.5  526.9  0.1  0.0  0.0  46.01    0.00  13.64   8.52  23.85  64.90  64.86  20.00  41.99  64.90  65.61  42.61   0.00
 GeoMean   0.0   0.0   0.0  95.8   0.0  2.0  502.9  517.3  0.0  0.0  0.0  44.57    0.00  13.19   7.95  23.28  64.60  64.55  20.00  41.99  64.59  65.32  42.60   0.00
  StdDev   0.5   0.0   0.1   0.5   0.0  0.3  709.1  114.6  1.5  0.2  0.3   8.16    0.00   2.51   2.33   3.46   6.26   6.25   0.00   0.23   6.25   6.06   0.53   0.00
-------- ----- ----- ----- ----- ----- ---- ------ ------ ---- ---- ---- ------  ------ ------ ------ ------ ------ ------ ------ ------ ------ ------ ------ ------
 Minimum   0.0   0.0   0.0  92.8   0.0  1.0  124.0   82.0  0.0  0.0  0.0   1.79    0.00   0.50   0.07   1.23  52.05  52.00  20.00  41.05  52.00  55.00  42.05   0.00
 Maximum   6.0   0.0   1.8 100.0   0.1  7.0 9551.0 1937.0 22.0  3.0  3.0  59.51    0.00  17.38  11.85  30.29  73.05  73.00  20.00  42.05  73.00  73.00  44.05   0.00
-------- ----- ----- ----- ----- ----- ---- ------ ------ ---- ---- ---- ------  ------ ------ ------ ------ ------ ------ ------ ------ ------ ------ ------ ------
Summary:
CPU:  46.01 Watts on average with standard deviation 8.16  
Note: power read from RAPL domains: uncore, pkg-0, core, psys.
These readings do not cover all the hardware in this device.

Histogram (of 272 power measurements)

 Range (Watts)  Count
 1.795 -  7.566     3 
 7.567 - 13.338     0 
13.339 - 19.109     0 
19.110 - 24.881     0 
24.882 - 30.653     0 
30.654 - 36.425     0 
36.426 - 42.197   108 #############################
42.198 - 47.969     5 #
47.970 - 53.741   147 ########################################
53.742 - 59.512     9 ##

Histogram (of 272 CPU utilization measurements)

Range (%CPU)  Count
0.000 - 0.723     3 
0.724 - 1.447     0 
1.448 - 2.170     0 
2.171 - 2.894     0 
2.895 - 3.618     0 
3.619 - 4.342   236 ########################################
4.343 - 5.066    31 #####
5.067 - 5.789     1 
5.790 - 6.513     0 
6.514 - 7.237     1 

Histogram (of 272 thermal zone TCPU readings)

 Range (°C)    Count
52.050 - 54.149     3 #
54.150 - 56.249     2 
56.250 - 58.349   103 ########################################
58.350 - 60.449     6 ##
60.450 - 62.549     4 #
62.550 - 64.649     1 
64.650 - 66.749     3 #
66.750 - 68.849    10 ###
68.850 - 70.949    66 #########################
70.950 - 73.049    74 ############################

Histogram (of 272 thermal zone x86_pkg_temp readings)

 Range (°C)    Count
52.000 - 54.099     3 #
54.100 - 56.199     2 
56.200 - 58.299   103 ########################################
58.300 - 60.399     5 #
60.400 - 62.499     5 #
62.500 - 64.599     1 
64.600 - 66.699     3 #
66.700 - 68.799    10 ###
68.800 - 70.899    66 #########################
70.900 - 72.999    74 ############################

Range is zero, cannot produce histogram of thermal zone INT3400 Thermal

Histogram (of 272 thermal zone SEN3 readings)

 Range (°C)    Count
41.050 - 41.149    15 ##
41.150 - 41.249     0 
41.250 - 41.349     0 
41.350 - 41.449     0 
41.450 - 41.549     0 
41.550 - 41.649     0 
41.650 - 41.749     0 
41.750 - 41.849     0 
41.850 - 41.949     0 
41.950 - 42.049   257 ########################################

Histogram (of 272 thermal zone TCPU_PCI readings)

 Range (°C)    Count
52.000 - 54.099     3 #
54.100 - 56.199     3 #
56.200 - 58.299   100 ########################################
58.300 - 60.399     8 ###
60.400 - 62.499     4 #
62.500 - 64.599     1 
64.600 - 66.699     3 #
66.700 - 68.799    10 ####
68.800 - 70.899    66 ##########################
70.900 - 72.999    74 #############################

Histogram (of 272 thermal zone iwlwifi_1 readings)

 Range (°C)    Count
55.000 - 56.799     3 #
56.800 - 58.599    36 ###############
58.600 - 60.399    75 ################################
60.400 - 62.199     0 
62.200 - 63.999     0 
64.000 - 65.799     0 
65.800 - 67.599     5 ##
67.600 - 69.399    21 #########
69.400 - 71.199    91 ########################################
71.200 - 72.999    41 ##################

Histogram (of 272 thermal zone acpitz readings)

 Range (°C)    Count
42.050 - 42.249   126 ###################################
42.250 - 42.449     0 
42.450 - 42.649     0 
42.650 - 42.849     0 
42.850 - 43.049   141 ########################################
43.050 - 43.249     0 
43.250 - 43.449     0 
43.450 - 43.649     0 
43.650 - 43.849     0 
43.850 - 44.049     5 #

Range is zero, cannot produce histogram of thermal zone SEN2
