Running for 86400.0 seconds (86400 samples at 1.0 second intervals).
Power measurements will start in 0 seconds time.

  Time    User  Nice   Sys  Idle    IO  Run Ctxt/s  IRQ/s Fork Exec Exit  Watts  uncore  pkg-0   core   psys   TCPU iwlwif INT340   SEN3 TCPU_P x86_pk acpitz   SEN2
12:49:08   0.0   0.0   0.0 100.0   0.0    1    218    399    0    0    0   3.82    0.00   1.11   0.25   2.47  58.05  20.00  47.05  58.00  59.00  62.00  49.05   0.00
12:49:09   0.0   0.0   0.0 100.0   0.0    1    128     89    0    0    0   1.93    0.00   0.55   0.08   1.30  58.05  20.00  47.05  58.00  58.00  62.00  49.05   0.00
12:49:10   0.0   0.0   0.1  99.9   0.0    2    266    140    2    2    2   3.17    0.00   0.91   0.19   2.08  58.05  20.00  47.05  58.00  58.00  62.00  49.05   0.00
12:49:11  14.2   0.0   0.8  84.8   0.1    7  42147   5537   46    4    6  86.89    0.00  25.14  19.45  42.29  75.05  20.00  47.05  75.00  75.00  61.00  49.05   0.00
12:49:12  14.4   0.0   0.5  85.0   0.0    5  33395   4053    9    4    4  89.80    0.00  25.91  19.90  43.99  77.05  20.00  47.05  78.00  78.00  61.00  49.05   0.00
12:49:13  17.0   0.0   0.7  82.3   0.0    2  26518   4851   50    4   44 100.25    0.00  29.31  23.41  47.53  67.05  20.00  47.05  67.00  67.00  61.00  48.05   0.00
12:49:14  15.6   0.0   1.1  83.2   0.0   12  41107   9454   70    1   21  73.66    0.00  21.10  15.08  37.48  73.05  20.00  47.05  73.00  73.00  72.00  48.05   0.00
12:49:15  23.3   0.0   1.2  75.4   0.0    4  87298  16526   21   22   23  95.59    0.00  27.79  21.66  46.14  71.05  20.00  47.05  71.00  71.00  69.00  48.05   0.00
12:49:16  15.0   0.0   0.8  84.2   0.0    5  51137   6162   51   68   52  89.75    0.00  25.66  18.94  45.16  75.05  20.00  47.05  75.00  75.00  69.00  48.05   0.00
12:49:17  66.9   0.0   2.4  30.6   0.0   18  79275  13212   27    0    0 114.67    0.00  33.93  27.39  53.35  68.05  20.00  47.05  68.00  68.00  70.00  48.05   0.00
12:49:18  67.3   0.0   0.7  32.0   0.0   20  32306  12610    0    0    1 100.74    0.00  29.66  23.25  47.83  68.05  20.00  47.05  68.00  68.00  70.00  48.05   0.00
12:49:19  77.3   0.0   0.8  21.9   0.0   19  22284   7802    0    0    1 101.93    0.00  30.05  23.45  48.43  68.05  20.00  47.05  68.00  68.00  69.00  48.05   0.00
12:49:20  76.1   0.0   0.6  23.3   0.0   19  20350   7628    0    0    0 102.83    0.00  30.32  23.66  48.85  68.05  20.00  47.05  68.00  68.00  69.00  48.05   0.00
12:49:21  65.8   0.0   1.5  32.7   0.0   13  62050  10708    0    0    0  99.99    0.00  29.40  22.83  47.76  66.05  20.00  47.05  66.00  66.00  69.00  48.05   0.00
12:49:22  54.1   0.0   0.5  45.3   0.1    6  19135   6595    0    0    0  99.18    0.00  28.89  22.25  48.05  76.05  20.00  47.05  76.00  76.00  69.00  48.05   0.00
12:49:23  38.1   0.0   0.4  61.5   0.0    5  20728   5791    1    0    4 107.66    0.00  31.10  24.71  51.84  75.05  20.00  47.05  75.00  75.00  69.00  48.05   0.00
12:49:24  24.2   0.0   0.1  75.6   0.0   29  18348   3715   13    0    1  87.21    0.00  24.49  18.40  44.31  81.05  20.00  47.05  81.00  81.00  68.00  48.05   0.00
12:49:25  75.2   0.0   0.8  24.0   0.0   24  22089   8608   24    0    0 109.21    0.00  31.82  25.37  52.02  68.05  20.00  47.05  68.00  68.00  78.00  48.05   0.00
12:49:26  98.2   0.0   0.4   1.3   0.0   28   5881   7350    0    0    0 101.90    0.00  29.84  23.63  48.43  68.05  20.00  47.05  69.00  69.00  78.00  48.05   0.00
12:49:27  70.9   0.0   0.8  28.3   0.0    2  25985  46435    0    0    0 100.91    0.00  29.65  23.30  47.95  71.05  20.00  47.05  70.00  70.00  69.00  48.05   0.00
12:49:28  85.7   0.0   0.6  13.8   0.0   32  29753   8517    0    0    0 105.68    0.00  31.29  25.04  49.35  68.05  20.00  47.05  68.00  68.00  69.00  48.05   0.00
12:49:29  95.7   0.0   0.8   3.5   0.0   23  11557   7486    0    0    0 101.71    0.00  30.00  23.52  48.18  68.05  20.00  47.05  68.00  68.00  70.00  48.05   0.00
12:49:30  85.0   0.0   0.9  14.1   0.0   29  21407   8513    0    0    0 101.64    0.00  30.05  23.54  48.05  68.05  20.00  47.05  68.00  68.00  70.00  48.05   0.00
12:49:31  96.2   0.0   1.1   2.7   0.0   27  14911   8609    0    0    0 101.15    0.00  29.81  23.25  48.09  67.05  20.00  47.05  67.00  67.00  67.00  48.05   0.00
12:49:32  95.6   0.0   0.7   3.6   0.0   26  13122   7949    0    0    0 101.71    0.00  29.85  23.06  48.79  68.05  20.00  47.05  68.00  68.00  67.00  48.05   0.00
12:49:33  94.9   0.0   0.7   4.4   0.0   30  24368   9016    0    0    0 100.66    0.00  29.56  22.81  48.28  68.05  20.00  47.05  68.00  68.00  67.00  48.05   0.00
12:49:34  95.0   0.0   1.0   4.0   0.0   28  12872   8017    0    0    0 100.68    0.00  29.70  23.08  47.89  67.05  20.00  47.05  67.00  67.00  69.00  48.05   0.00
12:49:35  94.6   0.0   0.4   5.1   0.0   27  11192   7512    0    0    0  99.92    0.00  29.46  22.89  47.58  68.05  20.00  47.05  68.00  68.00  68.00  48.05   0.00
12:49:36  95.3   0.0   0.9   3.8   0.0   28  11504   8053    0    0    0 101.73    0.00  30.05  23.46  48.21  67.05  20.00  47.05  67.00  67.00  68.00  48.05   0.00
12:49:37  84.1   0.0   0.8  15.1   0.0   18  15439  27555    0    0    0  94.59    0.00  27.70  20.99  45.91  64.05  20.00  47.05  64.00  64.00  68.00  48.05   0.00
12:49:38  89.7   0.0   1.2   9.1   0.0   28  35435   9443    0    0    0 108.04    0.00  31.89  25.02  51.14  68.05  20.00  47.05  68.00  68.00  68.00  48.05   0.00
12:49:39  95.9   0.0   0.8   3.2   0.0   26  10983   7877    0    0    0 104.58    0.00  30.86  24.12  49.60  68.05  20.00  47.05  68.00  68.00  69.00  48.05   0.00
12:49:40  96.0   0.0   0.7   3.3   0.0   19   9206   7314    0    0    0 105.41    0.00  31.11  24.37  49.93  69.05  20.00  47.05  69.00  69.00  69.00  48.05   0.00
12:49:41  96.4   0.0   0.6   3.0   0.0   26   9143   7462    0    0    0 106.20    0.00  31.34  24.55  50.31  68.05  20.00  47.05  68.00  68.00  69.00  48.05   0.00
12:49:42  95.8   0.0   0.8   3.3   0.0   26   9346   7461    0    0    0 107.12    0.00  31.63  24.85  50.65  69.05  20.00  47.05  69.00  69.00  69.00  48.05   0.00
12:49:43  96.2   0.0   0.8   3.0   0.0   30   9440   7284    0    0    0 107.08    0.00  31.48  24.54  51.06  71.05  20.00  47.05  71.00  71.00  69.00  49.05   0.00
12:49:44  96.0   0.0   0.8   3.2   0.0   26   8165   7187    0    0    0 107.68    0.00  31.77  24.95  50.96  69.05  20.00  47.05  69.00  69.00  71.00  49.05   0.00
12:49:45  73.8   0.0   1.0  25.2   0.0   16  38860  23141    0    0    1  93.71    0.00  27.58  21.13  44.99  66.05  20.00  47.05  66.00  66.00  71.00  49.05   0.00
12:49:46  95.8   0.0   0.8   3.4   0.0   25  34253   9448    0    0    2 103.09    0.00  30.35  23.68  49.07  68.05  20.00  48.05  67.00  67.00  71.00  49.05   0.00
12:49:47  96.4   0.0   0.5   3.1   0.0   27   5808   7012    0    0    0 102.58    0.00  30.17  23.48  48.93  70.05  20.00  48.05  69.00  69.00  69.00  49.05   0.00
12:49:48  95.3   0.0   0.7   4.0   0.0   29   8244   7754    0    0    0 109.12    0.00  32.02  25.00  52.09  69.05  20.00  48.05  69.00  69.00  69.00  49.05   0.00
12:49:49  59.3   0.0   0.9  39.9   0.0    5   8323   5849    0    0    0  94.11    0.00  27.06  20.59  46.46  85.05  20.00  48.05  85.00  85.00  70.00  49.05   0.00
12:49:50  15.4   0.0   0.1  84.5   0.0    2   3606   4521    0    0    0  83.79    0.00  23.68  17.76  42.35  68.05  20.00  48.05  68.00  68.00  70.00  49.05   0.00
12:49:51  11.1   0.0   0.1  88.8   0.0    5   5163   2881    0    0    1  72.99    0.00  20.49  14.78  37.73  87.05  20.00  48.05  87.00  87.00  85.00  49.05   0.00
12:49:52  13.1   0.0   0.3  86.7   0.0    4   6220   2623    0    0    0  77.24    0.00  21.95  16.02  39.27  76.05  20.00  48.05  76.00  76.00  85.00  49.05   0.00
12:49:53   4.5   0.0   0.0  95.5   0.0    2    456    635    0    0    0  36.83    0.00  10.80   5.61  20.42  64.05  20.00  48.05  64.00  64.00  85.00  49.05   0.00
12:49:54   6.6   0.0   0.2  93.2   0.0    2    482    752    0    0    0  41.67    0.00  12.26   7.02  22.39  65.05  20.00  48.05  65.00  65.00  76.00  49.05   0.00
12:49:55   4.2   0.0   0.0  95.8   0.0    2    395    629    0    0    1  35.59    0.00  10.42   5.08  20.09  63.05  20.00  48.05  63.00  63.00  65.00  49.05   0.00
12:49:56   5.8   0.0   0.0  94.2   0.0    4   1087   1064    2    0    1  39.85    0.00  11.27   6.03  22.55  72.05  20.00  48.05  72.00  72.00  65.00  49.05   0.00
12:49:57   7.6   0.0   0.0  92.4   0.0    5   1571    915    0    0    0  40.06    0.00  11.50   6.04  22.52  71.05  20.00  48.05  71.00  71.00  64.00  49.05   0.00
12:49:58   8.1   0.0   0.1  91.8   0.0    2   1928    987    0    0    1  44.35    0.00  12.90   7.43  24.02  62.05  20.00  48.05  62.00  62.00  64.00  49.05   0.00
12:49:59  31.1   0.0   0.5  68.4   0.0    3   2721  27157    0    0    1  74.21    0.00  21.97  16.14  36.10  68.05  20.00  48.05  68.00  68.00  64.00  49.05   0.00
12:50:00   5.0   0.0   0.0  95.0   0.0    2    499    657    0    0    0  35.84    0.00  10.73   5.52  19.59  62.05  20.00  48.05  62.00  62.00  64.00  49.05   0.00
12:50:01   4.3   0.0   0.0  95.6   0.0    2    466    648    0    0    4  35.43    0.00  10.46   5.11  19.86  62.05  20.00  48.05  62.00  62.00  64.00  49.05   0.00
12:50:02   4.3   0.0   0.0  95.7   0.0    2    376    640    0    0    0  34.31    0.00  10.24   5.09  18.98  63.05  20.00  48.05  63.00  63.00  64.00  49.05   0.00
12:50:03   9.0   0.0   0.5  90.4   0.0    2   1877   1601    8    4    0  47.41    0.00  13.71   8.14  25.57  68.05  20.00  48.05  68.00  68.00  64.00  49.05   0.00
-------- ----- ----- ----- ----- ----- ---- ------ ------ ---- ---- ---- ------  ------ ------ ------ ------ ------ ------ ------ ------ ------ ------ ------ ------
 Average  52.7   0.0   0.6  46.7   0.0 14.5 17693.3 7711.3  5.8  1.9  3.1  82.66    0.00  24.17  18.23  40.25  68.85  20.00  47.37  68.79  68.80  68.80  48.51   0.00
 GeoMean   0.0   0.0   0.0  23.2   0.0  8.8 7553.0 4416.3  0.0  0.0  0.0  68.66    0.00  20.04  13.43  34.45  68.64  20.00  47.37  68.57  68.59  68.61  48.51   0.00
  StdDev  38.6   0.0   0.4  38.9   0.0 11.2 19028.2 7813.1 14.8  9.4  9.6  30.76    0.00   9.07   7.95  13.82   5.57   0.00   0.47   5.59   5.56   5.29   0.50   0.00
-------- ----- ----- ----- ----- ----- ---- ------ ------ ---- ---- ---- ------  ------ ------ ------ ------ ------ ------ ------ ------ ------ ------ ------ ------
 Minimum   0.0   0.0   0.0   1.3   0.0  1.0  128.0   89.0  0.0  0.0  0.0   1.93    0.00   0.55   0.08   1.30  58.05  20.00  47.05  58.00  58.00  61.00  48.05   0.00
 Maximum  98.2   0.0   2.4 100.0   0.1 32.0 87298.0 46435.0 70.0 68.0 52.0 114.67    0.00  33.93  27.39  53.35  87.05  20.00  48.05  87.00  87.00  85.00  49.05   0.00
-------- ----- ----- ----- ----- ----- ---- ------ ------ ---- ---- ---- ------  ------ ------ ------ ------ ------ ------ ------ ------ ------ ------ ------ ------
Summary:
CPU:  82.66 Watts on average with standard deviation 30.76 
Note: power read from RAPL domains: uncore, pkg-0, core, psys.
These readings do not cover all the hardware in this device.

Histogram (of 56 power measurements)

  Range (Watts)   Count
  1.934 -  13.207     3 #####
 13.208 -  24.481     0 
 24.482 -  35.755     3 #####
 35.756 -  47.029     6 ##########
 47.030 -  58.303     1 #
 58.304 -  69.577     0 
 69.578 -  80.851     4 #######
 80.852 -  92.125     5 #########
 92.126 - 103.399    22 ########################################
103.400 - 114.674    12 #####################

Histogram (of 56 CPU utilization measurements)

 Range (%CPU)   Count
 0.000 -  9.865    13 ############################
 9.866 - 19.732     8 #################
19.733 - 29.598     2 ####
29.599 - 39.464     2 ####
39.465 - 49.331     0 
49.332 - 59.197     1 ##
59.198 - 69.063     3 ######
69.064 - 78.930     6 #############
78.931 - 88.796     3 ######
88.797 - 98.662    18 ########################################

Histogram (of 56 thermal zone TCPU readings)

 Range (°C)    Count
58.050 - 60.949     3 ####
60.950 - 63.849     5 #######
63.850 - 66.749     5 #######
66.750 - 69.649    27 ########################################
69.650 - 72.549     6 ########
72.550 - 75.449     4 #####
75.450 - 78.349     3 ####
78.350 - 81.249     1 #
81.250 - 84.149     0 
84.150 - 87.049     2 ##

Range is zero, cannot produce histogram of thermal zone iwlwifi_1

Histogram (of 56 thermal zone INT3400 Thermal readings)

 Range (°C)    Count
47.050 - 47.149    38 ########################################
47.150 - 47.249     0 
47.250 - 47.349     0 
47.350 - 47.449     0 
47.450 - 47.549     0 
47.550 - 47.649     0 
47.650 - 47.749     0 
47.750 - 47.849     0 
47.850 - 47.949     0 
47.950 - 48.049    18 ##################

Histogram (of 56 thermal zone SEN3 readings)

 Range (°C)    Count
58.000 - 60.899     3 ####
60.900 - 63.799     5 #######
63.800 - 66.699     5 #######
66.700 - 69.599    28 ########################################
69.600 - 72.499     5 #######
72.500 - 75.399     4 #####
75.400 - 78.299     3 ####
78.300 - 81.199     1 #
81.200 - 84.099     0 
84.100 - 86.999     2 ##

Histogram (of 56 thermal zone TCPU_PCI readings)

 Range (°C)    Count
58.000 - 60.899     3 ####
60.900 - 63.799     5 #######
63.800 - 66.699     5 #######
66.700 - 69.599    28 ########################################
69.600 - 72.499     5 #######
72.500 - 75.399     4 #####
75.400 - 78.299     3 ####
78.300 - 81.199     1 #
81.200 - 84.099     0 
84.100 - 86.999     2 ##

Histogram (of 56 thermal zone x86_pkg_temp readings)

 Range (°C)    Count
61.000 - 63.399     6 ##########
63.400 - 65.799     9 ###############
65.800 - 68.199     8 #############
68.200 - 70.599    23 ########################################
70.600 - 72.999     4 ######
73.000 - 75.399     0 
75.400 - 77.799     1 #
77.800 - 80.199     2 ###
80.200 - 82.599     0 
82.600 - 84.999     3 #####

Histogram (of 56 thermal zone acpitz readings)

 Range (°C)    Count
48.050 - 48.149    30 ########################################
48.150 - 48.249     0 
48.250 - 48.349     0 
48.350 - 48.449     0 
48.450 - 48.549     0 
48.550 - 48.649     0 
48.650 - 48.749     0 
48.750 - 48.849     0 
48.850 - 48.949     0 
48.950 - 49.049    26 ##################################

Range is zero, cannot produce histogram of thermal zone SEN2
