Running for 86400.0 seconds (86400 samples at 1.0 second intervals).
Power measurements will start in 0 seconds time.

  Time    User  Nice   Sys  Idle    IO  Run Ctxt/s  IRQ/s Fork Exec Exit  Watts  uncore  pkg-0   core   psys   TCPU x86_pk INT340   SEN3 TCPU_P iwlwif acpitz   SEN2
00:01:41   0.0   0.0   0.0 100.0   0.0    1    154    309    0    0    0   4.52    0.00   1.20   0.17   3.15  50.05  51.00  20.00  40.05  52.00  56.00  41.05   0.00
00:01:42   0.0   0.0   0.0 100.0   0.0    1    179    117    0    0    0   5.14    0.00   1.41   0.07   3.65  50.05  51.00  20.00  40.05  51.00  56.00  41.05   0.00
00:01:43   0.1   0.0   0.1  99.8   0.0    3    345    162   14    6    8   2.71    0.00   0.76   0.17   1.78  49.05  49.00  20.00  40.05  49.00  53.00  41.05   0.00
00:01:44  15.5   0.0   0.8  83.6   0.0    5  54036   6413   36    0    0  81.78    0.00  23.46  17.87  40.45  62.05  62.00  20.00  40.05  62.00  53.00  41.05   0.00
00:01:45  16.4   0.0   0.5  83.1   0.0    5  43890   5316    9    4    4  78.49    0.00  22.45  16.82  39.22  61.05  61.00  20.00  40.05  61.00  59.00  41.05   0.00
00:01:46  16.5   0.0   0.7  82.8   0.0    2  38296   5400   46    3   24  80.96    0.00  22.97  16.98  41.00  53.05  53.00  20.00  40.05  53.00  59.00  41.05   0.00
00:01:47  16.0   0.0   1.5  82.5   0.0    9  49534  10108   71    2   43  89.31    0.00  25.84  20.18  43.29  65.05  65.00  20.00  40.05  65.00  64.00  41.05   0.00
00:01:48  17.1   0.0   1.1  81.8   0.0    4  51492  12429    6    2    9  80.89    0.00  23.30  17.91  39.69  71.05  71.00  20.00  40.05  71.00  64.00  41.05   0.00
00:01:49  11.1   0.0   0.8  88.2   0.0    7  22253   4147   54   72   54  85.46    0.00  23.75  17.40  44.31  70.05  70.00  20.00  40.05  70.00  64.00  41.05   0.00
00:01:50  26.5   0.0   1.0  72.4   0.0   25  48492   6414   33    0    0 120.05    0.00  35.06  29.31  55.68  60.05  60.00  20.00  40.05  60.00  61.00  41.05   0.00
00:01:51  75.1   0.0   1.6  23.2   0.0   21  46083  13335    0    0    1 105.60    0.00  30.56  24.16  50.88  58.05  58.00  20.00  40.05  58.00  72.00  41.05   0.00
00:01:52  69.7   0.0   0.6  29.7   0.0   20  21581   7071    0    0    2 101.91    0.00  29.89  23.63  48.38  59.05  59.00  20.00  40.05  59.00  72.00  41.05   0.00
00:01:53  74.0   0.0   0.8  25.2   0.0   20  26051   7865    0    0    0 101.13    0.00  29.81  23.47  47.85  58.05  58.00  20.00  40.05  58.00  61.00  41.05   0.00
00:01:54  71.9   0.0   1.1  27.0   0.0   20  37440   8852    0    0    0 101.00    0.00  29.64  23.05  48.32  59.05  59.00  20.00  40.05  59.00  61.00  41.05   0.00
00:01:55  45.8   0.0   0.6  53.5   0.0    5  25479   6280    1    0    1  99.62    0.00  29.21  23.19  47.22  74.05  74.00  20.00  40.05  74.00  60.00  41.05   0.00
00:01:56  50.3   0.0   0.4  49.3   0.0    6  20809   6359   11    0    3 103.13    0.00  30.27  24.04  48.82  56.05  56.00  20.00  40.05  56.00  60.00  41.05   0.00
00:01:57  69.5   0.0   0.4  30.2   0.0   28  13174   6846   24    0    0  98.33    0.00  28.89  23.02  46.42  58.05  58.00  20.00  40.05  60.00  65.00  41.05   0.00
00:01:58  98.0   0.0   0.3   1.6   0.0   27   5689   7183    0    0    0 103.25    0.00  30.57  24.59  48.09  59.05  59.00  20.00  40.05  59.00  65.00  41.05   0.00
00:01:59  82.3   0.0   1.1  16.5   0.0    2   7907  38576    0    0    0  96.18    0.00  28.17  21.83  46.18  56.05  56.00  20.00  40.05  56.00  65.00  41.05   0.00
00:02:00  68.3   0.0   0.4  31.3   0.0   26  33285   8701    0    0    0 106.84    0.00  31.76  25.69  49.38  60.05  60.00  20.00  40.05  60.00  60.00  41.05   0.00
00:02:01  93.8   0.0   0.7   5.5   0.0   29  13976   7418    0    0    2 101.84    0.00  30.03  23.89  47.91  59.05  59.00  20.00  40.05  59.00  62.00  41.05   0.00
00:02:02  86.1   0.0   0.6  13.2   0.0   28  10497   7013    0    0    0 100.01    0.00  29.60  23.37  47.04  62.05  62.00  20.00  40.05  62.00  62.00  41.05   0.00
00:02:03  96.1   0.0   0.7   3.3   0.0   20  11344   7919    0    0    0 102.27    0.00  30.23  23.92  48.13  59.05  59.00  20.00  40.05  59.00  60.00  41.05   0.00
00:02:04  96.5   0.0   0.5   3.0   0.0   34  11831   8247    0    0    0 101.36    0.00  29.91  23.58  47.87  59.05  59.00  20.00  40.05  59.00  60.00  42.05   0.00
00:02:05  96.0   0.0   0.7   3.4   0.0   31  11927   7803    0    0    0 101.21    0.00  29.73  23.23  48.24  60.05  60.00  20.00  40.05  60.00  60.00  42.05   0.00
00:02:06  95.6   0.0   0.7   3.7   0.0   34  13291   8021    0    0    0 101.19    0.00  29.84  23.44  47.91  60.05  60.00  20.00  40.05  60.00  60.00  42.05   0.00
00:02:07  95.1   0.0   0.7   4.2   0.0   36  11620   7409    0    0    0 101.17    0.00  29.80  23.41  47.96  60.05  60.00  20.00  40.05  60.00  60.00  42.05   0.00
00:02:08  95.2   0.0   1.0   3.8   0.0   28   9564   7554    0    0    0 101.58    0.00  29.93  23.50  48.16  61.05  61.00  20.00  40.05  61.00  60.00  42.05   0.00
00:02:09  94.8   0.0   0.8   4.4   0.0   28   9643   7231    0    0    0 100.89    0.00  29.71  23.31  47.87  59.05  59.00  20.00  40.05  60.00  60.00  42.05   0.00
00:02:10  94.8   0.0   1.0   4.1   0.0   28  14036   7996    0    0    0 101.07    0.00  29.77  23.35  47.95  61.05  61.00  20.00  40.05  61.00  60.00  42.05   0.00
00:02:11  85.0   0.0   0.8  14.2   0.0   28  20863  29045    0    0    0 100.80    0.00  29.64  23.08  48.08  60.05  60.00  20.00  40.05  60.00  60.00  42.05   0.00
00:02:12  95.4   0.0   1.0   3.6   0.0   28  11494   7500    0    0    0 100.96    0.00  29.76  23.38  47.82  60.05  60.00  20.00  40.05  60.00  61.00  42.05   0.00
00:02:13  57.3   0.0   0.2  42.5   0.0    5  11788   5120    0    0    0  90.24    0.00  26.25  20.21  43.78  68.05  68.00  20.00  41.05  68.00  61.00  42.05   0.00
00:02:14  17.6   0.0   0.0  82.3   0.0    5   4556   2014    0    0    5  83.59    0.00  23.81  17.93  41.85  68.05  68.00  20.00  41.05  70.00  61.00  42.05   0.00
00:02:15  13.8   0.0   0.2  86.1   0.0    4   5201   1810    0    0    0  67.28    0.00  19.31  13.85  34.12  64.05  64.00  20.00  41.05  64.00  61.00  42.05   0.00
00:02:16  11.9   0.0   0.4  87.7   0.0    2   5442   2927    7    4   48  59.94    0.00  17.02  11.48  31.44  55.05  55.00  20.00  41.05  55.00  70.00  42.05   0.00
-------- ----- ----- ----- ----- ----- ---- ------ ------ ---- ---- ---- ------  ------ ------ ------ ------ ------ ------ ------ ------ ------ ------ ------ ------
 Average  56.9   0.0   0.7  42.4   0.0 16.8 20090.1 7969.7  8.7  2.6  5.7  87.83    0.00  25.65  19.96  42.22  60.13  60.14  20.00  40.16  60.31  61.33  41.41   0.00
 GeoMean   0.0   0.0   0.0  22.1   0.0 10.7 11821.1 5310.9  0.0  0.0  0.0  72.63    0.00  21.07  13.98  36.02  59.89  59.91  20.00  40.16  60.08  61.20  41.41   0.00
  StdDev  36.0   0.0   0.4  36.1   0.0 12.0 15860.8 7007.1 17.3 11.8 13.6  27.73    0.00   8.23   6.89  12.69   5.38   5.28   0.00   0.31   5.31   4.06   0.48   0.00
-------- ----- ----- ----- ----- ----- ---- ------ ------ ---- ---- ---- ------  ------ ------ ------ ------ ------ ------ ------ ------ ------ ------ ------ ------
 Minimum   0.0   0.0   0.0   1.6   0.0  1.0  154.0  117.0  0.0  0.0  0.0   2.71    0.00   0.76   0.07   1.78  49.05  49.00  20.00  40.05  49.00  53.00  41.05   0.00
 Maximum  98.0   0.0   1.6 100.0   0.0 36.0 54036.0 38576.0 71.0 72.0 54.0 120.05    0.00  35.06  29.31  55.68  74.05  74.00  20.00  41.05  74.00  72.00  42.05   0.00
-------- ----- ----- ----- ----- ----- ---- ------ ------ ---- ---- ---- ------  ------ ------ ------ ------ ------ ------ ------ ------ ------ ------ ------ ------
Summary:
CPU:  87.83 Watts on average with standard deviation 27.73 
Note: power read from RAPL domains: uncore, pkg-0, core, psys.
These readings do not cover all the hardware in this device.

Histogram (of 36 power measurements)

  Range (Watts)   Count
  2.710 -  14.443     3 #####
 14.444 -  26.177     0 
 26.178 -  37.910     0 
 37.911 -  49.644     0 
 49.645 -  61.377     1 #
 61.378 -  73.111     1 #
 73.112 -  84.845     5 #########
 84.846 -  96.578     4 #######
 96.579 - 108.312    21 ########################################
108.313 - 120.046     1 #

Histogram (of 36 CPU utilization measurements)

 Range (%CPU)   Count
 0.000 -  9.835     3 ##########
 9.836 - 19.670     9 ################################
19.671 - 29.506     1 ###
29.507 - 39.341     0 
39.342 - 49.177     1 ###
49.178 - 59.012     2 #######
59.013 - 68.848     1 ###
68.849 - 78.683     5 ##################
78.684 - 88.519     3 ##########
88.520 - 98.354    11 ########################################

Histogram (of 36 thermal zone TCPU readings)

 Range (°C)    Count
49.050 - 51.549     3 ############
51.550 - 54.049     1 ####
54.050 - 56.549     3 ############
56.550 - 59.049    10 ########################################
59.050 - 61.549    10 ########################################
61.550 - 64.049     3 ############
64.050 - 66.549     1 ####
66.550 - 69.049     2 ########
69.050 - 71.549     2 ########
71.550 - 74.049     1 ####

Histogram (of 36 thermal zone x86_pkg_temp readings)

 Range (°C)    Count
49.000 - 51.499     3 ############
51.500 - 53.999     1 ####
54.000 - 56.499     3 ############
56.500 - 58.999    10 ########################################
59.000 - 61.499    10 ########################################
61.500 - 63.999     3 ############
64.000 - 66.499     1 ####
66.500 - 68.999     2 ########
69.000 - 71.499     2 ########
71.500 - 73.999     1 ####

Range is zero, cannot produce histogram of thermal zone INT3400 Thermal

Histogram (of 36 thermal zone SEN3 readings)

 Range (°C)    Count
40.050 - 40.149    32 ########################################
40.150 - 40.249     0 
40.250 - 40.349     0 
40.350 - 40.449     0 
40.450 - 40.549     0 
40.550 - 40.649     0 
40.650 - 40.749     0 
40.750 - 40.849     0 
40.850 - 40.949     0 
40.950 - 41.049     4 #####

Histogram (of 36 thermal zone TCPU_PCI readings)

 Range (°C)    Count
49.000 - 51.499     2 ######
51.500 - 53.999     2 ######
54.000 - 56.499     3 ##########
56.500 - 58.999     8 ##########################
59.000 - 61.499    12 ########################################
61.500 - 63.999     3 ##########
64.000 - 66.499     1 ###
66.500 - 68.999     1 ###
69.000 - 71.499     3 ##########
71.500 - 73.999     1 ###

Histogram (of 36 thermal zone iwlwifi_1 readings)

 Range (°C)    Count
53.000 - 54.899     2 #####
54.900 - 56.799     2 #####
56.800 - 58.699     0 
58.700 - 60.599    14 ########################################
60.600 - 62.499     9 #########################
62.500 - 64.399     3 ########
64.400 - 66.299     3 ########
66.300 - 68.199     0 
68.200 - 70.099     1 ##
70.100 - 71.999     2 #####

Histogram (of 36 thermal zone acpitz readings)

 Range (°C)    Count
41.050 - 41.149    23 ########################################
41.150 - 41.249     0 
41.250 - 41.349     0 
41.350 - 41.449     0 
41.450 - 41.549     0 
41.550 - 41.649     0 
41.650 - 41.749     0 
41.750 - 41.849     0 
41.850 - 41.949     0 
41.950 - 42.049    13 ######################

Range is zero, cannot produce histogram of thermal zone SEN2
