Running for 86400.0 seconds (86400 samples at 1.0 second intervals).
Power measurements will start in 0 seconds time.

  Time    User  Nice   Sys  Idle    IO  Run Ctxt/s  IRQ/s Fork Exec Exit  Watts  uncore  pkg-0   core   psys   TCPU x86_pk INT340   SEN3 TCPU_P iwlwif acpitz   SEN2
15:20:16   0.0   0.0   0.0 100.0   0.0    1    168    338    0    0    0   5.38    0.00   1.41   0.16   3.82  51.05  52.00  20.00  42.05  51.00  59.00  42.05   0.00
15:20:17   0.0   0.0   0.0 100.0   0.0    1    150     97    0    0    0   2.02    0.00   0.56   0.06   1.40  51.05  51.00  20.00  42.05  51.00  59.00  42.05   0.00
15:20:18   0.0   0.0   0.1  99.8   0.0    2    282    149    8    6    8   5.76    0.00   1.59   0.16   4.00  50.05  50.00  20.00  42.05  50.00  61.00  42.05   0.00
15:20:19  15.7   0.0   1.2  83.1   0.0    7  58973   7053   43    0    0  80.17    0.00  22.94  17.43  39.80  68.05  68.00  20.00  42.05  68.00  56.00  42.05   0.00
15:20:20  16.4   0.0   0.8  82.8   0.0    5  50117   5692    9    4    3  76.32    0.00  21.70  16.16  38.46  64.05  64.00  20.00  41.05  64.00  56.00  42.05   0.00
15:20:21  17.2   0.0   0.9  81.7   0.2    3  43581   6034   25    0   25  93.93    0.00  27.09  21.25  45.59  62.05  62.00  20.00  41.05  62.00  65.00  42.05   0.00
15:20:22  10.3   0.0   0.8  88.8   0.0   11  27017   5694   96    5   40  64.09    0.00  17.82  12.04  34.24  64.05  64.00  20.00  41.05  64.00  65.00  42.05   0.00
15:20:23  23.8   0.0   1.4  74.8   0.0    4  69668  16772    4    0    9  91.87    0.00  26.34  20.52  45.01  60.05  60.00  20.00  41.05  60.00  61.00  42.05   0.00
15:20:24  12.0   0.0   1.2  86.8   0.0    6  32182   5091   68   90   67  68.56    0.00  18.34  11.69  38.54  65.05  65.00  20.00  41.05  65.00  61.00  42.05   0.00
15:20:25  18.3   0.0   0.7  81.0   0.0    2  49480   5635    0    0    0  82.47    0.00  22.93  17.24  42.30  70.05  70.00  20.00  41.05  70.00  61.00  42.05   0.00
15:20:26  69.3   0.0   1.3  29.3   0.0   20  67923  11545   29    0    0 118.49    0.00  35.04  28.66  54.80  58.05  58.00  20.00  41.05  58.00  61.00  42.05   0.00
15:20:27  66.2   0.0   1.1  32.7   0.0   22  31235  13096    0    0    1 101.99    0.00  30.11  23.99  47.89  60.05  60.00  20.00  41.05  60.00  61.00  42.05   0.00
15:20:28  79.0   0.0   0.8  20.2   0.0   20  24390   7746    0    0    1 102.63    0.00  30.33  24.03  48.27  62.05  62.00  20.00  41.05  62.00  69.00  42.05   0.00
15:20:29  73.7   0.0   0.7  25.6   0.0   17  15219   6688    0    0    0 100.34    0.00  29.61  23.22  47.51  61.05  61.00  20.00  41.05  61.00  60.00  42.05   0.00
15:20:30  70.5   0.0   0.9  28.5   0.0   16  55854  10539    0    0    0 100.82    0.00  29.58  23.06  48.18  62.05  62.00  20.00  41.05  62.00  60.00  42.05   0.00
15:20:31  57.0   0.0   0.3  42.7   0.0    5  20894   6437    0    0    0  91.70    0.00  26.59  20.16  44.95  63.05  63.00  20.00  41.05  63.00  61.00  42.05   0.00
15:20:32  37.8   0.0   0.2  62.0   0.0    5  25910   5786    1    0    2  94.99    0.00  27.67  21.69  45.63  65.05  66.00  20.00  41.05  66.00  61.00  42.05   0.00
15:20:33  57.3   0.0   0.4  42.3   0.0   27  26611   6823   11    0    1 110.63    0.00  32.77  26.73  51.13  61.05  61.00  20.00  41.05  61.00  67.00  42.05   0.00
15:20:34  84.5   0.0   0.7  14.9   0.0   28  20098   8780   24    0    0 101.29    0.00  29.93  23.90  47.46  61.05  61.00  20.00  41.05  61.00  67.00  42.05   0.00
15:20:35  98.1   0.0   0.5   1.4   0.0   28   6037   7442    0    0    0 100.67    0.00  29.69  23.53  47.45  60.05  60.00  20.00  41.05  60.00  63.00  42.05   0.00
15:20:36  68.5   0.0   1.1  30.5   0.0   28  35916  48758    0    0    0 103.54    0.00  30.73  24.78  48.04  64.05  64.00  20.00  41.05  64.00  63.00  42.05   0.00
15:20:37  92.7   0.0   0.8   6.5   0.0   28  15990   7338    0    0    2 103.45    0.00  30.58  24.44  48.43  61.05  61.00  20.00  41.05  61.00  63.00  42.05   0.00
15:20:38  96.4   0.0   0.8   2.8   0.0   19  12515   8190    0    0    0 100.79    0.00  29.74  23.47  47.58  60.05  60.00  20.00  41.05  60.00  63.00  42.05   0.00
15:20:39  86.1   0.0   0.8  13.1   0.0   30  21741   9649    0    0    0 100.08    0.00  29.58  23.32  47.18  60.05  60.00  20.00  41.05  60.00  61.00  42.05   0.00
15:20:40  95.8   0.0   0.7   3.4   0.0   30  17956   8930    0    0    0 101.25    0.00  29.86  23.50  47.89  60.05  60.00  20.00  42.05  60.00  61.00  42.05   0.00
15:20:41  96.4   0.0   0.6   3.0   0.0   29  15894   8780    0    0    0 101.92    0.00  29.94  23.42  48.56  61.05  61.00  20.00  42.05  61.00  61.00  42.05   0.00
15:20:42  94.6   0.0   1.0   4.4   0.0   28  25806   9411    0    0    1 100.69    0.00  29.66  23.29  47.74  60.05  60.00  20.00  42.05  60.00  61.00  43.05   0.00
15:20:43  95.0   0.0   1.0   4.1   0.0    8  12747   7934    0    0    0 101.55    0.00  29.94  23.56  48.05  61.05  61.00  20.00  42.05  61.00  62.00  43.05   0.00
15:20:44  93.8   0.0   0.5   5.7   0.0   27  11471   7587    0    0    0 100.91    0.00  29.77  23.47  47.66  61.05  61.00  20.00  42.05  61.00  62.00  43.05   0.00
15:20:45  94.5   0.0   0.8   4.7   0.0   28  13488   7917    0    0    0 101.79    0.00  29.85  23.23  48.71  60.05  60.00  20.00  42.05  60.00  62.00  43.05   0.00
15:20:46  80.1   0.0   0.9  19.0   0.0   29  16545  27485    0    0    0 100.85    0.00  29.84  23.49  47.53  62.05  62.00  20.00  42.05  62.00  62.00  43.05   0.00
15:20:47  94.3   0.0   1.4   4.4   0.0   28  40502   9983    0    0    2 101.95    0.00  30.00  23.53  48.41  62.05  62.00  20.00  42.05  62.00  62.00  43.05   0.00
15:20:48  96.8   0.0   0.6   2.6   0.0   37  10661   7869    0    0    0 104.14    0.00  30.47  23.96  49.71  61.05  61.00  20.00  42.05  62.00  62.00  43.05   0.00
15:20:49  96.1   0.0   0.7   3.2   0.0   25   8495   7568    0    0    0 105.24    0.00  30.51  23.90  50.83  62.05  62.00  20.00  42.05  63.00  63.00  43.05   0.00
15:20:50  96.4   0.0   0.3   3.3   0.0   27  10203   7542    0    0    0 106.25    0.00  30.70  23.95  51.60  62.05  62.00  20.00  41.05  62.00  63.00  43.05   0.00
15:20:51  95.7   0.0   0.8   3.5   0.0   26  10524   7677    0    0    0 107.30    0.00  31.06  24.26  51.98  63.05  63.00  20.00  41.05  63.00  63.00  43.05   0.00
15:20:52  93.8   0.0   0.9   5.3   0.0   26  11203   7541    0    0    1 103.63    0.00  30.43  23.87  49.33  62.05  62.00  20.00  41.05  61.00  63.00  43.05   0.00
15:20:53  93.7   0.0   1.5   4.8   0.0   26  40295  10008    0    0    1 104.22    0.00  30.67  24.09  49.46  62.05  62.00  20.00  41.05  62.00  64.00  43.05   0.00
15:20:54  77.0   0.0   1.4  21.6   0.0    2  46434  24366    0    0    0  94.77    0.00  27.86  21.50  45.40  64.05  64.00  20.00  41.05  64.00  64.00  43.05   0.00
15:20:55  96.2   0.0   0.7   3.1   0.0   28   5823   7107    0    0    0 101.25    0.00  29.79  23.30  48.16  62.05  62.00  20.00  42.05  62.00  63.00  43.05   0.00
15:20:56  95.6   0.0   0.8   3.7   0.0   25   9754   7410    0    0    0 104.85    0.00  30.87  24.26  49.71  63.05  63.00  20.00  42.05  63.00  63.00  43.05   0.00
15:20:57  76.8   0.0   0.7  22.5   0.0    5  10397   6514    0    0    0  92.45    0.00  27.15  20.76  44.54  71.05  71.00  20.00  42.05  71.00  63.00  44.05   0.00
15:20:58  17.2   0.0   0.2  82.6   0.0    5  11799   2252    0    0    0 100.70    0.00  29.40  23.62  47.68  77.05  77.00  20.00  42.05  77.00  64.00  44.05   0.00
15:20:59  17.9   0.0   0.3  81.9   0.0    4  12654   3133    0    0    0 101.33    0.00  29.56  23.72  48.05  86.05  86.00  20.00  42.05  86.00  81.00  44.05   0.00
15:21:00   4.8   0.0   0.0  95.2   0.0    2    889   1794    0    0    0  58.94    0.00  17.58  12.42  28.94  75.05  75.00  20.00  42.05  75.00  81.00  44.05   0.00
15:21:01   8.0   0.0   0.2  91.8   0.0    3   1449   1468    2    0    8  57.73    0.00  16.81  11.46  29.45  60.05  60.00  20.00  42.05  60.00  76.00  44.05   0.00
15:21:02  34.6   0.0   0.8  64.7   0.0    3   6006  23512    2    0    1  94.35    0.00  27.56  21.67  45.12  69.05  69.00  20.00  42.05  69.00  76.00  43.05   0.00
15:21:03   6.4   0.0   0.1  93.4   0.0    3    827    991    1    0    2  55.91    0.00  15.87  10.52  29.52  69.05  69.00  20.00  42.05  69.00  70.00  43.05   0.00
15:21:04   7.4   0.0   0.1  92.5   0.0    5   1339   1280    2    0    1  55.99    0.00  16.36  11.09  28.54  74.05  74.00  20.00  42.05  74.00  70.00  43.05   0.00
-------- ----- ----- ----- ----- ----- ---- ------ ------ ---- ---- ---- ------  ------ ------ ------ ------ ------ ------ ------ ------ ------ ------ ------ ------
 Average  59.4   0.0   0.7  39.9   0.0 16.2 21737.0 8723.1  6.6  2.1  3.6  89.02    0.00  26.00  20.15  42.86  63.15  63.14  20.00  41.54  63.14  63.80  42.62   0.00
 GeoMean   0.0   0.0   0.0  19.4   0.0 10.5 11895.5 5734.1  0.0  0.0  0.0  76.72    0.00  22.28  15.21  37.91  62.87  62.87  20.00  41.54  62.86  63.60  42.62   0.00
  StdDev  36.7   0.0   0.4  36.9   0.0 11.4 18230.9 7980.1 18.0 12.7 11.4  26.12    0.00   7.79   6.65  11.80   6.09   6.06   0.00   0.50   6.09   5.22   0.67   0.00
-------- ----- ----- ----- ----- ----- ---- ------ ------ ---- ---- ---- ------  ------ ------ ------ ------ ------ ------ ------ ------ ------ ------ ------ ------
 Minimum   0.0   0.0   0.0   1.4   0.0  1.0  150.0   97.0  0.0  0.0  0.0   2.02    0.00   0.56   0.06   1.40  50.05  50.00  20.00  41.05  50.00  56.00  42.05   0.00
 Maximum  98.1   0.0   1.5 100.0   0.2 37.0 69668.0 48758.0 96.0 90.0 67.0 118.49    0.00  35.04  28.66  54.80  86.05  86.00  20.00  42.05  86.00  81.00  44.05   0.00
-------- ----- ----- ----- ----- ----- ---- ------ ------ ---- ---- ---- ------  ------ ------ ------ ------ ------ ------ ------ ------ ------ ------ ------ ------
Summary:
CPU:  89.02 Watts on average with standard deviation 26.12 
Note: power read from RAPL domains: uncore, pkg-0, core, psys.
These readings do not cover all the hardware in this device.

Histogram (of 49 power measurements)

  Range (Watts)   Count
  2.024 -  13.670     3 ####
 13.671 -  25.317     0 
 25.318 -  36.964     0 
 36.965 -  48.611     0 
 48.612 -  60.258     4 #####
 60.259 -  71.904     2 ##
 71.905 -  83.551     3 ####
 83.552 -  95.198     7 ##########
 95.199 - 106.845    27 ########################################
106.846 - 118.492     3 ####

Histogram (of 49 CPU utilization measurements)

 Range (%CPU)   Count
 0.000 -  9.861     7 ###############
 9.862 - 19.723     8 #################
19.724 - 29.585     1 ##
29.586 - 39.447     2 ####
39.448 - 49.310     0 
49.311 - 59.172     2 ####
59.173 - 69.034     1 ##
69.035 - 78.896     6 #############
78.897 - 88.758     4 ########
88.759 - 98.620    18 ########################################

Histogram (of 49 thermal zone TCPU readings)

 Range (°C)    Count
50.050 - 53.649     3 ####
53.650 - 57.249     0 
57.250 - 60.849    10 ################
60.850 - 64.449    25 ########################################
64.450 - 68.049     3 ####
68.050 - 71.649     4 ######
71.650 - 75.249     2 ###
75.250 - 78.849     1 #
78.850 - 82.449     0 
82.450 - 86.049     1 #

Histogram (of 49 thermal zone x86_pkg_temp readings)

 Range (°C)    Count
50.000 - 53.599     3 ####
53.600 - 57.199     0 
57.200 - 60.799    10 ################
60.800 - 64.399    25 ########################################
64.400 - 67.999     3 ####
68.000 - 71.599     4 ######
71.600 - 75.199     2 ###
75.200 - 78.799     1 #
78.800 - 82.399     0 
82.400 - 85.999     1 #

Range is zero, cannot produce histogram of thermal zone INT3400 Thermal

Histogram (of 49 thermal zone SEN3 readings)

 Range (°C)    Count
41.050 - 41.149    25 ########################################
41.150 - 41.249     0 
41.250 - 41.349     0 
41.350 - 41.449     0 
41.450 - 41.549     0 
41.550 - 41.649     0 
41.650 - 41.749     0 
41.750 - 41.849     0 
41.850 - 41.949     0 
41.950 - 42.049    24 ######################################

Histogram (of 49 thermal zone TCPU_PCI readings)

 Range (°C)    Count
50.000 - 53.599     3 ####
53.600 - 57.199     0 
57.200 - 60.799    10 ################
60.800 - 64.399    25 ########################################
64.400 - 67.999     3 ####
68.000 - 71.599     4 ######
71.600 - 75.199     2 ###
75.200 - 78.799     1 #
78.800 - 82.399     0 
82.400 - 85.999     1 #

Histogram (of 49 thermal zone iwlwifi_1 readings)

 Range (°C)    Count
56.000 - 58.499     2 ####
58.500 - 60.999    16 #####################################
61.000 - 63.499    17 ########################################
63.500 - 65.999     5 ###########
66.000 - 68.499     2 ####
68.500 - 70.999     3 #######
71.000 - 73.499     0 
73.500 - 75.999     2 ####
76.000 - 78.499     0 
78.500 - 80.999     2 ####

Histogram (of 49 thermal zone acpitz readings)

 Range (°C)    Count
42.050 - 42.249    26 ########################################
42.250 - 42.449     0 
42.450 - 42.649     0 
42.650 - 42.849     0 
42.850 - 43.049    18 ###########################
43.050 - 43.249     0 
43.250 - 43.449     0 
43.450 - 43.649     0 
43.650 - 43.849     0 
43.850 - 44.049     5 #######

Range is zero, cannot produce histogram of thermal zone SEN2
