Running for 86400.0 seconds (86400 samples at 1.0 second intervals).
Power measurements will start in 0 seconds time.

  Time    User  Nice   Sys  Idle    IO  Run Ctxt/s  IRQ/s Fork Exec Exit  Watts  uncore  pkg-0   core   psys   TCPU iwlwif INT340   SEN3 TCPU_P x86_pk acpitz   SEN2
12:50:05   0.0   0.0   0.0 100.0   0.0    1    187    358    0    0    0   4.06    0.00   1.16   0.21   2.69  58.05  20.00  48.05  61.00  61.00  63.00  49.05   0.00
12:50:06   0.0   0.0   0.0 100.0   0.0    1    154     98    0    0    0   2.31    0.00   0.66   0.09   1.55  59.05  20.00  48.05  59.00  59.00  62.00  49.05   0.00
12:50:07   0.0   0.0   0.2  99.7   0.0    3    363    197   14    6    8   8.01    0.00   2.06   0.21   5.74  58.05  20.00  48.05  58.00  58.00  62.00  49.05   0.00
12:50:08  15.7   0.0   0.9  83.3   0.0   11  54608   6709   39    0    0 102.83    0.00  29.77  23.85  49.20  72.05  20.00  48.05  72.00  72.00  61.00  49.05   0.00
12:50:09  17.2   0.0   0.6  82.2   0.0    5  43626   4856    5    4    4  95.38    0.00  27.63  21.49  46.25  80.05  20.00  48.05  80.00  80.00  61.00  48.05   0.00
12:50:10  12.7   0.0   0.9  86.4   0.1    2  24189   4422   83    5   64  80.53    0.00  22.97  16.58  40.98  66.05  20.00  48.05  66.00  66.00  74.00  48.05   0.00
12:50:11  23.1   0.0   2.1  74.8   0.0    3  63084  14336   37    0    9  87.70    0.00  25.59  19.58  42.53  73.05  20.00  48.05  73.00  73.00  74.00  48.05   0.00
12:50:12  13.9   0.0   0.9  85.2   0.0    5  37475   7959   26   29   19  69.78    0.00  19.74  13.78  36.26  71.05  20.00  48.05  71.00  71.00  68.00  48.05   0.00
12:50:13  13.3   0.0   0.8  85.9   0.0    6  45557   5655   46   61   48  75.21    0.00  21.06  14.42  39.73  75.05  20.00  48.05  75.00  75.00  68.00  48.05   0.00
12:50:14  32.5   0.0   1.0  66.5   0.0   23  57640   8550   29    0    0 104.00    0.00  30.31  23.91  49.79  70.05  20.00  48.05  70.00  70.00  68.00  48.05   0.00
12:50:15  73.4   0.0   1.5  25.1   0.0   21  56501  17123    0    0    2 101.99    0.00  30.16  23.79  48.04  68.05  20.00  48.05  68.00  68.00  68.00  48.05   0.00
12:50:16  80.5   0.0   0.5  19.0   0.0   22  18141   7170    0    0    2 103.19    0.00  30.49  23.93  48.77  69.05  20.00  48.05  69.00  69.00  72.00  48.05   0.00
12:50:17  72.6   0.0   1.0  26.2   0.1   21  23860   7701    2    0    2 101.06    0.00  29.71  22.83  48.52  69.05  20.00  48.05  69.00  69.00  72.00  48.05   0.00
12:50:18  71.0   0.0   0.8  28.1   0.2    9  13297   6711    1    0    0 100.31    0.00  29.32  22.54  48.44  71.05  20.00  48.05  71.00  71.00  70.00  48.05   0.00
12:50:19  65.6   0.0   0.8  33.7   0.0   13  47239   9808    0    0    0 102.04    0.00  30.00  23.35  48.68  69.05  20.00  48.05  69.00  69.00  70.00  48.05   0.00
12:50:20  36.8   0.0   0.3  62.9   0.0    7  26280   5976    1    0    3 104.20    0.00  30.53  24.27  49.40  77.05  20.00  48.05  77.00  77.00  70.00  48.05   0.00
12:50:21  39.2   0.0   0.4  60.4   0.0    5  21846   5595    0    0    0 101.27    0.00  29.67  23.52  48.07  78.05  20.00  48.05  78.00  78.00  70.00  48.05   0.00
12:50:22  61.7   0.0   0.8  37.5   0.0   11  27056   7516   35    0    0 105.15    0.00  31.01  24.67  49.47  77.05  20.00  48.05  77.00  77.00  78.00  48.05   0.00
12:50:23  97.5   0.0   0.9   1.6   0.0   28   9641   8317    0    0    1 106.40    0.00  31.20  24.94  50.27  68.05  20.00  48.05  68.00  68.00  78.00  48.05   0.00
12:50:24  90.2   0.0   0.3   9.5   0.0    5   5152   6840    0    0    0  98.21    0.00  28.39  22.18  47.64  69.05  20.00  48.05  69.00  69.00  78.00  48.05   0.00
12:50:25  75.0   0.0   0.7  24.3   0.0   28  31876  48019    1    0    1 109.95    0.00  32.08  25.82  52.06  67.05  20.00  48.05  67.00  67.00  69.00  48.05   0.00
12:50:26  95.7   0.0   0.6   3.7   0.0   27  12245   7305    0    0    0 104.19    0.00  30.30  23.63  50.26  67.05  20.00  48.05  67.00  67.00  69.00  48.05   0.00
12:50:27  89.0   0.0   1.1   9.9   0.0    2  20223   8599    0    0    0  96.88    0.00  28.47  22.00  46.41  61.05  20.00  48.05  61.00  61.00  69.00  48.05   0.00
12:50:28  90.6   0.0   0.9   8.5   0.0   23  17113   8400    0    0    0 105.74    0.00  31.30  24.72  49.71  67.05  20.00  48.05  67.00  67.00  68.00  48.05   0.00
12:50:29  96.5   0.0   0.7   2.9   0.0   27  12415   8164    0    0    0 102.15    0.00  29.97  23.19  48.99  67.05  20.00  48.05  67.00  67.00  68.00  48.05   0.00
12:50:30  96.1   0.0   0.8   3.0   0.0   36  12925   8029    0    0    1 101.38    0.00  29.87  23.25  48.26  67.05  20.00  48.05  67.00  67.00  69.00  48.05   0.00
12:50:31  95.8   0.0   0.8   3.5   0.0    2  18883   8615    0    0    0 100.77    0.00  29.68  23.09  48.00  68.05  20.00  48.05  68.00  68.00  69.00  48.05   0.00
12:50:32  95.5   0.0   0.9   3.6   0.0   28  11910   7797    0    0    0 102.11    0.00  29.94  23.14  49.03  69.05  20.00  48.05  69.00  69.00  68.00  48.05   0.00
12:50:33  93.1   0.0   0.6   6.3   0.0   30  11485   7562    0    0    0 100.12    0.00  29.47  22.90  47.75  68.05  20.00  48.05  68.00  68.00  68.00  48.05   0.00
12:50:34  94.6   0.0   1.0   4.3   0.0   26  12351   8019    0    0    2 102.94    0.00  30.32  23.61  49.01  68.05  20.00  48.05  68.00  68.00  68.00  49.05   0.00
12:50:35  82.3   0.0   0.6  17.1   0.0   29  16416  27350    0    0    0 101.45    0.00  29.80  23.00  48.65  68.05  20.00  48.05  68.00  68.00  68.00  49.05   0.00
12:50:36  95.5   0.0   0.8   3.7   0.0   32  10596   7594    0    0    0 104.14    0.00  30.66  23.91  49.56  71.05  20.00  48.05  69.00  69.00  68.00  49.05   0.00
12:50:37  95.7   0.0   1.0   3.3   0.0   26  11290   7754    0    0    0 105.99    0.00  31.07  24.10  50.83  68.05  20.00  48.05  68.00  68.00  68.00  49.05   0.00
12:50:38  96.3   0.0   0.6   3.1   0.0   28  14556   7940    0    0    0 105.53    0.00  31.07  24.32  50.14  70.05  20.00  48.05  70.00  70.00  69.00  49.05   0.00
12:50:39  95.5   0.0   0.5   4.0   0.0   28   9378   7504    0    0    0 105.27    0.00  30.99  24.24  50.05  71.05  20.00  48.05  71.00  71.00  69.00  48.05   0.00
12:50:40  96.3   0.0   0.5   3.2   0.0   26   6971   7261    0    0    0 106.84    0.00  31.50  24.75  50.60  71.05  20.00  48.05  71.00  71.00  70.00  48.05   0.00
12:50:41  94.7   0.0   0.8   4.5   0.0   19   7604   7479    0    0    0 106.11    0.00  31.24  24.47  50.40  69.05  20.00  48.05  71.00  71.00  70.00  48.05   0.00
12:50:42  80.0   0.0   0.6  19.3   0.0   34  13292  20798    0    0    0  94.96    0.00  27.88  21.35  45.72  68.05  20.00  48.05  68.00  68.00  71.00  48.05   0.00
12:50:43  92.1   0.0   1.8   6.1   0.0   27  60957  11393    0    0    0 107.92    0.00  31.65  24.71  51.56  69.05  20.00  48.05  69.00  69.00  71.00  48.05   0.00
12:50:44  95.6   0.0   0.8   3.6   0.0   28   6448   7147    0    0    0 107.36    0.00  31.66  24.83  50.87  71.05  20.00  48.05  69.00  69.00  71.00  49.05   0.00
12:50:45  96.6   0.0   0.6   2.9   0.0   26   7478   7533    0    0    0 106.99    0.00  31.52  24.72  50.75  68.05  20.00  48.05  68.00  68.00  69.00  49.05   0.00
12:50:46  91.7   0.0   0.4   7.9   0.0    9   7019   7407    0    0    0  97.81    0.00  28.66  22.03  47.12  68.05  20.00  48.05  68.00  68.00  70.00  49.05   0.00
12:50:47  19.1   0.0   0.2  80.7   0.0    5  13175   3253    0    0    0  93.85    0.00  27.13  20.92  45.80  84.05  20.00  48.05  84.00  84.00  70.00  49.05   0.00
12:50:48  10.1   0.0   0.2  89.8   0.0    5   2964   1302    2    0    7  62.32    0.00  18.15  12.56  31.61  78.05  20.00  48.05  78.00  78.00  80.00  49.05   0.00
12:50:49  14.3   0.0   0.1  85.6   0.0    4   4728   1784    0    0    0  87.58    0.00  24.83  18.92  43.82  77.05  20.00  48.05  76.00  76.00  80.00  49.05   0.00
12:50:50   6.4   0.0   0.0  93.6   0.0    2   1371    832    0    0    0  48.84    0.00  13.59   8.22  27.03  62.05  20.00  48.05  62.00  62.00  74.00  49.05   0.00
12:50:51   4.2   0.0   0.0  95.8   0.0    2    384    670    0    0    0  36.88    0.00  10.35   5.11  21.43  62.05  20.00  48.05  64.00  64.00  74.00  49.05   0.00
12:50:52   7.7   0.0   0.2  92.1   0.0    2    535    831    0    0    2  48.11    0.00  13.24   7.84  27.03  62.05  20.00  48.05  64.00  64.00  64.00  49.05   0.00
12:50:53   5.7   0.0   0.2  94.0   0.0    3    608   1226    2    0    2  40.54    0.00  11.57   6.18  22.79  66.05  20.00  48.05  66.00  66.00  64.00  49.05   0.00
12:50:54   8.6   0.0   0.1  91.3   0.0    5   1517   1074    2    0    0  43.94    0.00  12.50   6.98  24.46  65.05  20.00  48.05  65.00  65.00  64.00  49.05   0.00
12:50:55  32.3   0.0   0.4  67.3   0.0    2   4569  27195    0    0    1  79.80    0.00  23.27  17.38  39.15  62.05  20.00  48.05  62.00  62.00  64.00  49.05   0.00
12:50:56   4.8   0.0   0.0  95.2   0.0    2    588    736    0    0    1  35.91    0.00  10.48   5.27  20.16  61.05  20.00  48.05  61.00  61.00  69.00  49.05   0.00
12:50:57   4.3   0.0   0.0  95.7   0.0    2    512    704    0    0    1  34.63    0.00  10.27   5.11  19.25  61.05  20.00  48.05  61.00  61.00  69.00  49.05   0.00
12:50:58   4.4   0.0   0.0  95.5   0.0    2    434    681    0    0    2  35.83    0.00  10.54   5.16  20.13  60.05  20.00  48.05  60.00  60.00  62.00  49.05   0.00
12:50:59   4.7   0.0   0.1  95.2   0.0    5    779   1020    5    0    0  35.69    0.00  10.56   5.38  19.76  68.05  20.00  48.05  68.00  68.00  62.00  49.05   0.00
12:51:00   7.7   0.0   1.0  91.4   0.0    1   3474   2568    7    4   48  46.10    0.00  13.28   8.47  24.35  60.05  20.00  48.05  60.00  60.00  62.00  49.05   0.00
-------- ----- ----- ----- ----- ----- ---- ------ ------ ---- ---- ---- ------  ------ ------ ------ ------ ------ ------ ------ ------ ------ ------ ------ ------
 Average  53.3   0.0   0.6  46.1   0.0 14.0 16874.4 7632.9  6.0  1.9  4.1  83.22    0.00  24.29  18.31  40.62  68.37  20.00  48.05  68.39  68.39  69.00  48.51   0.00
 GeoMean   0.0   0.0   0.0  22.7   0.0  8.3 7488.6 4444.0  0.0  0.0  0.0  70.62    0.00  20.51  13.54  35.58  68.15  20.00  48.05  68.19  68.19  68.85  48.51   0.00
  StdDev  39.0   0.0   0.4  39.2   0.0 11.6 17421.1 7863.9 15.2  8.9 12.2  30.40    0.00   9.02   7.95  13.51   5.54   0.00   0.00   5.34   5.34   4.52   0.50   0.00
-------- ----- ----- ----- ----- ----- ---- ------ ------ ---- ---- ---- ------  ------ ------ ------ ------ ------ ------ ------ ------ ------ ------ ------ ------
 Minimum   0.0   0.0   0.0   1.6   0.0  1.0  154.0   98.0  0.0  0.0  0.0   2.31    0.00   0.66   0.09   1.55  58.05  20.00  48.05  58.00  58.00  61.00  48.05   0.00
 Maximum  97.5   0.0   2.1 100.0   0.2 36.0 63084.0 48019.0 83.0 61.0 64.0 109.95    0.00  32.08  25.82  52.06  84.05  20.00  48.05  84.00  84.00  80.00  49.05   0.00
-------- ----- ----- ----- ----- ----- ---- ------ ------ ---- ---- ---- ------  ------ ------ ------ ------ ------ ------ ------ ------ ------ ------ ------ ------
Summary:
CPU:  83.22 Watts on average with standard deviation 30.40 
Note: power read from RAPL domains: uncore, pkg-0, core, psys.
These readings do not cover all the hardware in this device.

Histogram (of 56 power measurements)

  Range (Watts)   Count
  2.308 -  13.071     3 ####
 13.072 -  23.835     0 
 23.836 -  34.599     0 
 34.600 -  45.363     7 #########
 45.364 -  56.127     3 ####
 56.128 -  66.891     1 #
 66.892 -  77.655     2 ##
 77.656 -  88.420     4 #####
 88.421 -  99.184     6 ########
 99.185 - 109.948    30 ########################################

Histogram (of 56 CPU utilization measurements)

 Range (%CPU)   Count
 0.000 -  9.841    13 ########################
 9.842 - 19.684     8 ###############
19.685 - 29.526     1 #
29.527 - 39.368     3 #####
39.369 - 49.211     1 #
49.212 - 59.053     0 
59.054 - 68.895     2 ###
68.896 - 78.738     4 #######
78.739 - 88.580     3 #####
88.581 - 98.422    21 ########################################

Histogram (of 56 thermal zone TCPU readings)

 Range (°C)    Count
58.050 - 60.649     5 ###########
60.650 - 63.249     7 ###############
63.250 - 65.849     1 ##
65.850 - 68.449    18 ########################################
68.450 - 71.049    15 #################################
71.050 - 73.649     2 ####
73.650 - 76.249     1 ##
76.250 - 78.849     5 ###########
78.850 - 81.449     1 ##
81.450 - 84.049     1 ##

Range is zero, cannot produce histogram of thermal zone iwlwifi_1

Range is zero, cannot produce histogram of thermal zone INT3400 Thermal

Histogram (of 56 thermal zone SEN3 readings)

 Range (°C)    Count
58.000 - 60.599     4 ########
60.600 - 63.199     6 #############
63.200 - 65.799     3 ######
65.800 - 68.399    18 ########################################
68.400 - 70.999    15 #################################
71.000 - 73.599     2 ####
73.600 - 76.199     2 ####
76.200 - 78.799     4 ########
78.800 - 81.399     1 ##
81.400 - 83.999     1 ##

Histogram (of 56 thermal zone TCPU_PCI readings)

 Range (°C)    Count
58.000 - 60.599     4 ########
60.600 - 63.199     6 #############
63.200 - 65.799     3 ######
65.800 - 68.399    18 ########################################
68.400 - 70.999    15 #################################
71.000 - 73.599     2 ####
73.600 - 76.199     2 ####
76.200 - 78.799     4 ########
78.800 - 81.399     1 ##
81.400 - 83.999     1 ##

Histogram (of 56 thermal zone x86_pkg_temp readings)

 Range (°C)    Count
61.000 - 62.899     7 ###############
62.900 - 64.799     5 ###########
64.800 - 66.699     0 
66.700 - 68.599    12 ##########################
68.600 - 70.499    18 ########################################
70.500 - 72.399     5 ###########
72.400 - 74.299     4 ########
74.300 - 76.199     0 
76.200 - 78.099     3 ######
78.100 - 79.999     2 ####

Histogram (of 56 thermal zone acpitz readings)

 Range (°C)    Count
48.050 - 48.149    30 ########################################
48.150 - 48.249     0 
48.250 - 48.349     0 
48.350 - 48.449     0 
48.450 - 48.549     0 
48.550 - 48.649     0 
48.650 - 48.749     0 
48.750 - 48.849     0 
48.850 - 48.949     0 
48.950 - 49.049    26 ##################################

Range is zero, cannot produce histogram of thermal zone SEN2
