Running for 86400.0 seconds (86400 samples at 1.0 second intervals).
Power measurements will start in 0 seconds time.

  Time    User  Nice   Sys  Idle    IO  Run Ctxt/s  IRQ/s Fork Exec Exit  Watts  uncore  pkg-0   core   psys   TCPU x86_pk INT340   SEN3 TCPU_P iwlwif acpitz   SEN2
01:03:47   0.0   0.0   0.0 100.0   0.0    1    271    385    0    0    0   5.08    0.00   1.36   0.19   3.54  50.05  51.00  20.00  41.05  52.00  73.00  41.05   0.00
01:03:48   0.0   0.0   0.0 100.0   0.0    1    168     90    0    0    0   2.13    0.00   0.59   0.07   1.47  50.05  50.00  20.00  41.05  50.00  73.00  41.05   0.00
01:03:49   0.0   0.0   0.2  99.8   0.0    2    450    295    9    6    8   5.94    0.00   1.51   0.24   4.20  49.05  49.00  20.00  41.05  49.00  62.00  41.05   0.00
01:03:50  16.4   0.0   1.0  82.6   0.0    5  46430   6200   43    0    0 109.35    0.00  31.74  26.29  51.32  73.05  73.00  20.00  41.05  73.00  62.00  41.05   0.00
01:03:51  19.5   0.0   0.7  79.7   0.1    4  37491   5224   29    4   28 101.79    0.00  29.28  23.49  49.03  59.05  59.00  20.00  41.05  58.00  62.00  40.05   0.00
01:03:52  20.8   0.0   1.7  77.6   0.0   19  70224  14970   96    5   44 100.82    0.00  29.08  22.86  48.89  62.05  62.00  20.00  41.05  61.00  58.00  40.05   0.00
01:03:53  16.9   0.0   1.3  81.8   0.0    5  81313  12071    6    2    9  82.63    0.00  24.04  18.53  40.06  75.05  75.00  20.00  41.05  75.00  67.00  40.05   0.00
01:03:54  10.3   0.0   0.8  88.9   0.0    6  31120   4977   55   72   55  81.98    0.00  23.20  16.83  41.95  72.05  72.00  20.00  41.05  72.00  67.00  40.05   0.00
01:03:55  29.8   0.0   0.8  69.4   0.0   29  51665   6924   32    0    0 115.70    0.00  34.31  28.55  52.84  61.05  61.00  20.00  41.05  61.00  65.00  40.05   0.00
01:03:56  75.5   0.0   1.6  23.0   0.0   15  46925  14993    0    0    0 101.47    0.00  29.97  23.87  47.63  61.05  61.00  20.00  41.05  61.00  65.00  40.05   0.00
01:03:57  70.6   0.0   0.8  28.6   0.0   20  22970   7353    0    0    2 102.55    0.00  30.15  23.74  48.66  58.05  58.00  20.00  41.05  58.00  64.00  40.05   0.00
01:03:58  76.9   0.0   0.9  22.2   0.0   18  19669   7293    0    0    1 101.10    0.00  29.87  23.46  47.77  61.05  61.00  20.00  41.05  60.00  64.00  40.05   0.00
01:03:59  69.6   0.0   0.5  29.8   0.0   20  14344   6642    0    0    0 102.21    0.00  30.18  23.73  48.30  61.05  61.00  20.00  41.05  61.00  60.00  40.05   0.00
01:04:00  39.5   0.0   0.6  59.9   0.0   20  18101   5011    1    0    1 102.65    0.00  30.17  24.26  48.21  64.05  64.00  20.00  41.05  64.00  60.00  40.05   0.00
01:04:01  53.9   0.0   0.5  45.7   0.0   27  24650   6560   10    0    0 104.64    0.00  30.87  24.95  48.82  60.05  60.00  20.00  41.05  60.00  60.00  41.05   0.00
01:04:02  64.1   0.0   0.7  35.2   0.0   28  16987   7280   25    0    1 101.97    0.00  29.96  23.86  48.14  60.05  60.00  20.00  41.05  60.00  62.00  41.05   0.00
01:04:03  98.8   0.0   0.3   0.9   0.0   28   5451   7453    0    0    1 102.43    0.00  30.37  24.41  47.65  58.05  58.00  20.00  41.05  59.00  62.00  41.05   0.00
01:04:04  97.9   0.0   0.5   1.6   0.0   28   4702   6897    0    0    0 101.23    0.00  29.97  24.01  47.25  59.05  59.00  20.00  41.05  61.00  62.00  41.05   0.00
01:04:05  69.5   0.0   0.9  29.7   0.0   30  26715  39243    0    0    0  99.42    0.00  29.34  23.17  46.91  62.05  62.00  20.00  41.05  62.00  60.00  41.05   0.00
01:04:06  84.4   0.0   0.9  14.6   0.0   26  32540   9153    0    0    0 103.10    0.00  30.41  24.15  48.55  60.05  60.00  20.00  41.05  60.00  60.00  41.05   0.00
01:04:07  95.5   0.0   0.6   3.9   0.0   28  12227   7557    0    0    1 100.88    0.00  29.79  23.58  47.51  59.05  59.00  20.00  41.05  59.00  62.00  41.05   0.00
01:04:08  86.0   0.0   0.6  13.4   0.0   33  11517   7270    0    0    0 101.06    0.00  29.97  23.73  47.36  60.05  60.00  20.00  41.05  60.00  62.00  41.05   0.00
01:04:09  96.7   0.0   0.6   2.7   0.0   31  11798   8250    0    0    0 100.84    0.00  29.79  23.54  47.50  60.05  60.00  20.00  41.05  60.00  61.00  41.05   0.00
01:04:10  96.7   0.0   0.9   2.4   0.0   19  12763   8414    0    0    0 100.89    0.00  29.80  23.51  47.57  59.05  59.00  20.00  41.05  59.00  61.00  41.05   0.00
01:04:11  95.3   0.0   1.0   3.7   0.0   31  22927   8727    0    0    0 100.94    0.00  29.66  23.16  48.12  60.05  60.00  20.00  41.05  60.00  61.00  41.05   0.00
01:04:12  95.8   0.0   0.9   3.3   0.0   29  12085   7673    0    0    0 101.43    0.00  29.93  23.55  47.95  62.05  62.00  20.00  41.05  61.00  60.00  41.05   0.00
01:04:13  95.1   0.0   0.9   4.0   0.0   18  12061   7514    0    0    0 101.20    0.00  29.85  23.46  47.89  60.05  60.00  20.00  41.05  60.00  61.00  41.05   0.00
01:04:14  95.2   0.0   0.8   3.9   0.0   31  10717   7400    0    0    0 101.25    0.00  29.86  23.47  47.92  60.05  60.00  20.00  41.05  60.00  61.00  41.05   0.00
01:04:15  94.8   0.0   1.0   4.2   0.0   28  10061   7336    0    0    0 100.66    0.00  29.67  23.27  47.73  59.05  59.00  20.00  41.05  59.00  61.00  41.05   0.00
01:04:16  96.2   0.0   0.5   3.3   0.0   28  13332   7601    0    0    0 100.70    0.00  29.70  23.37  47.63  60.05  60.00  20.00  41.05  60.00  61.00  41.05   0.00
01:04:17  85.9   0.0   0.7  13.5   0.0   28  12664  29631    0    0    0  99.10    0.00  29.27  22.98  46.85  63.05  63.00  20.00  41.05  62.00  61.00  41.05   0.00
01:04:18  95.8   0.0   0.3   3.9   0.0   32  10675   7627    0    0    0 103.43    0.00  30.56  24.13  48.74  60.05  60.00  20.00  41.05  61.00  61.00  41.05   0.00
01:04:19  47.5   0.0   0.2  52.3   0.0    5  12026   4914    0    0    0  87.65    0.00  25.39  19.40  42.86  68.05  68.00  20.00  41.05  68.00  62.00  41.05   0.00
01:04:20  17.8   0.0   0.0  82.2   0.0    5   5116   1939    0    0    3  84.04    0.00  24.00  18.06  41.98  67.05  67.00  20.00  41.05  67.00  62.00  41.05   0.00
01:04:21  13.7   0.0   0.2  86.2   0.0    5   7616   2289    1    0    1  68.71    0.00  19.69  13.99  35.02  66.05  66.00  20.00  41.05  66.00  62.00  42.05   0.00
01:04:22  11.3   0.0   0.6  88.1   0.0    1   7369   3189    7    4   48  64.33    0.00  18.53  13.16  32.63  55.05  55.00  20.00  41.05  55.00  69.00  42.05   0.00
-------- ----- ----- ----- ----- ----- ---- ------ ------ ---- ---- ---- ------  ------ ------ ------ ------ ------ ------ ------ ------ ------ ------ ------ ------
 Average  59.3   0.0   0.7  40.1   0.0 19.0 20476.1 8231.8  8.7  2.6  5.6  90.15    0.00  26.44  20.75  42.96  60.97  60.94  20.00  41.05  60.94  62.67  40.83   0.00
 GeoMean   0.0   0.0   0.0  19.0   0.0 13.1 12040.2 5545.6  0.0  0.0  0.0  74.59    0.00  21.68  14.72  36.70  60.73  60.71  20.00  41.05  60.72  62.58  40.82   0.00
  StdDev  35.9   0.0   0.4  36.0   0.0 11.1 18538.1 7225.3 19.8 11.8 14.0  27.71    0.00   8.24   6.90  12.64   5.42   5.36   0.00   0.00   5.29   3.33   0.53   0.00
-------- ----- ----- ----- ----- ----- ---- ------ ------ ---- ---- ---- ------  ------ ------ ------ ------ ------ ------ ------ ------ ------ ------ ------ ------
 Minimum   0.0   0.0   0.0   0.9   0.0  1.0  168.0   90.0  0.0  0.0  0.0   2.13    0.00   0.59   0.07   1.47  49.05  49.00  20.00  41.05  49.00  58.00  40.05   0.00
 Maximum  98.8   0.0   1.7 100.0   0.1 33.0 81313.0 39243.0 96.0 72.0 55.0 115.70    0.00  34.31  28.55  52.84  75.05  75.00  20.00  41.05  75.00  73.00  42.05   0.00
-------- ----- ----- ----- ----- ----- ---- ------ ------ ---- ---- ---- ------  ------ ------ ------ ------ ------ ------ ------ ------ ------ ------ ------ ------
Summary:
CPU:  90.15 Watts on average with standard deviation 27.71 
Note: power read from RAPL domains: uncore, pkg-0, core, psys.
These readings do not cover all the hardware in this device.

Histogram (of 36 power measurements)

  Range (Watts)   Count
  2.126 -  13.483     3 #####
 13.484 -  24.840     0 
 24.841 -  36.197     0 
 36.198 -  47.555     0 
 47.556 -  58.912     0 
 58.913 -  70.270     2 ###
 70.271 -  81.627     0 
 81.628 -  92.984     4 ######
 92.985 - 104.342    24 ########################################
104.343 - 115.699     3 #####

Histogram (of 36 CPU utilization measurements)

 Range (%CPU)   Count
 0.000 -  9.907     3 ##########
 9.908 - 19.815     6 ####################
19.816 - 29.724     2 ######
29.725 - 39.632     1 ###
39.633 - 49.540     2 ######
49.541 - 59.448     1 ###
59.449 - 69.357     1 ###
69.358 - 79.265     5 ################
79.266 - 89.173     3 ##########
89.174 - 99.081    12 ########################################

Histogram (of 36 thermal zone TCPU readings)

 Range (°C)    Count
49.050 - 51.649     3 #######
51.650 - 54.249     0 
54.250 - 56.849     1 ##
56.850 - 59.449     7 ################
59.450 - 62.049    17 ########################################
62.050 - 64.649     2 ####
64.650 - 67.249     2 ####
67.250 - 69.849     1 ##
69.850 - 72.449     1 ##
72.450 - 75.049     2 ####

Histogram (of 36 thermal zone x86_pkg_temp readings)

 Range (°C)    Count
49.000 - 51.599     3 #######
51.600 - 54.199     0 
54.200 - 56.799     1 ##
56.800 - 59.399     7 ################
59.400 - 61.999    17 ########################################
62.000 - 64.599     2 ####
64.600 - 67.199     2 ####
67.200 - 69.799     1 ##
69.800 - 72.399     1 ##
72.400 - 74.999     2 ####

Range is zero, cannot produce histogram of thermal zone INT3400 Thermal

Range is zero, cannot produce histogram of thermal zone SEN3

Histogram (of 36 thermal zone TCPU_PCI readings)

 Range (°C)    Count
49.000 - 51.599     2 ####
51.600 - 54.199     1 ##
54.200 - 56.799     1 ##
56.800 - 59.399     6 ############
59.400 - 61.999    19 ########################################
62.000 - 64.599     1 ##
64.600 - 67.199     2 ####
67.200 - 69.799     1 ##
69.800 - 72.399     1 ##
72.400 - 74.999     2 ####

Histogram (of 36 thermal zone iwlwifi_1 readings)

 Range (°C)    Count
58.000 - 59.499     1 ##
59.500 - 60.999    15 ########################################
61.000 - 62.499    11 #############################
62.500 - 63.999     2 #####
64.000 - 65.499     2 #####
65.500 - 66.999     2 #####
67.000 - 68.499     0 
68.500 - 69.999     1 ##
70.000 - 71.499     0 
71.500 - 72.999     2 #####

Histogram (of 36 thermal zone acpitz readings)

 Range (°C)    Count
40.050 - 40.249    10 ################
40.250 - 40.449     0 
40.450 - 40.649     0 
40.650 - 40.849     0 
40.850 - 41.049    24 ########################################
41.050 - 41.249     0 
41.250 - 41.449     0 
41.450 - 41.649     0 
41.650 - 41.849     0 
41.850 - 42.049     2 ###

Range is zero, cannot produce histogram of thermal zone SEN2
