Running for 86400.0 seconds (86400 samples at 1.0 second intervals).
Power measurements will start in 0 seconds time.

  Time    User  Nice   Sys  Idle    IO  Run Ctxt/s  IRQ/s Fork Exec Exit  Watts  uncore  pkg-0   core   psys   TCPU x86_pk   SEN2 INT340 TCPU_P iwlwif acpitz   SEN3
20:43:31   0.0   0.0   0.0 100.0   0.0    1    196    375    0    0    0   4.67    0.00   1.12   0.18   3.37  52.05  52.00  42.05  20.00  52.00  74.00  41.05   0.00
20:43:32   0.0   0.0   0.0 100.0   0.0    1    172    104    0    0    0   2.22    0.00   0.53   0.07   1.61  51.05  51.00  42.05  20.00  51.00  74.00  41.05   0.00
20:43:33   0.0   0.0   0.2  99.8   0.0    2    298    144    9    6    8   5.68    0.00   1.38   0.15   4.16  50.05  50.00  42.05  20.00  50.00  74.00  41.05   0.00
20:43:34  14.1   0.0   1.0  84.9   0.0    6  32432   4852   38    0    0  88.49    0.00  24.90  19.44  44.16  65.05  65.00  42.05  20.00  65.00  61.00  41.05   0.00
20:43:35  20.0   0.0   1.0  79.0   0.0    5  31823   4432   10    4    4 107.83    0.00  31.04  25.35  51.43  67.05  67.00  42.05  20.00  67.00  68.00  41.05   0.00
20:43:36   9.9   0.0   0.9  89.1   0.1    5  29754   6238  108    5   66  74.10    0.00  20.19  14.29  39.61  57.05  57.00  42.05  20.00  57.00  68.00  41.05   0.00
20:43:37  22.7   0.0   1.6  75.7   0.0    5  68572  14525   18    0    9  95.75    0.00  27.47  21.83  46.45  67.05  67.00  42.05  20.00  67.00  57.00  41.05   0.00
20:43:38  12.8   0.0   1.1  86.1   0.0    6  57224  10942   68   90   67  83.02    0.00  22.83  16.34  43.85  62.05  62.00  42.05  20.00  62.00  57.00  41.05   0.00
20:43:39  17.1   0.0   1.2  81.7   0.0    6  62301   5939    0    0    0 104.64    0.00  29.93  24.11  50.61  76.05  76.00  42.05  20.00  76.00  61.00  41.05   0.00
20:43:40  58.4   0.0   1.7  39.8   0.0    3  76123  15026   29    0    0 116.84    0.00  34.03  27.89  54.92  55.05  55.00  42.05  20.00  55.00  61.00  41.05   0.00
20:43:41  77.2   0.0   0.9  21.9   0.0   21  28678   8577    0    0    4 107.88    0.00  31.10  24.54  52.25  59.05  59.00  42.05  20.00  59.00  62.00  41.05   0.00
20:43:42  69.1   0.0   0.6  30.3   0.0   20  23703   7355    0    0    2 103.69    0.00  29.87  23.62  50.21  60.05  60.00  42.05  20.00  60.00  62.00  41.05   0.00
20:43:43  72.4   0.0   0.6  27.0   0.0   20  15419   6894    0    0    0 103.43    0.00  29.85  23.39  50.19  62.05  62.00  42.05  20.00  62.00  62.00  41.05   0.00
20:43:44  47.2   0.0   0.5  52.3   0.0   20  18146   5511    1    0    1 104.65    0.00  30.11  23.97  50.57  72.05  72.00  42.05  20.00  72.00  61.00  41.05   0.00
20:43:45  34.5   0.0   0.2  65.3   0.0    5  16412   4327    0    0    0  98.10    0.00  27.77  21.72  48.60  64.05  64.00  42.05  20.00  64.00  68.00  41.05   0.00
20:43:46  51.6   0.0   0.8  47.4   0.1    7  24425   7226   11    0    0 105.50    0.00  30.35  24.20  50.96  61.05  61.00  42.05  20.00  61.00  68.00  41.05   0.00
20:43:47  79.4   0.0   0.7  19.9   0.0   28  18728   8573   24    0    0 105.75    0.00  30.62  24.66  50.47  58.05  58.00  42.05  20.00  58.00  63.00  41.05   0.00
20:43:48  88.0   0.0   0.5  11.4   0.0   25   9944   7606    0    0    0 103.42    0.00  29.93  23.86  49.63  61.05  61.00  42.05  20.00  61.00  63.00  41.05   0.00
20:43:49  27.6   0.0   1.1  71.3   0.0    5  53396  47047    0    0    0  97.06    0.00  26.97  20.87  49.22  74.05  74.00  42.05  20.00  74.00  61.00  41.05   0.00
20:43:50  36.6   0.0   0.6  62.8   0.0   28  55659   8414    0    0    0 117.97    0.00  33.60  27.38  57.00  61.05  61.00  42.05  20.00  61.00  61.00  41.05   0.00
20:43:51  88.4   0.0   0.7  10.9   0.0   29  12948   8499    0    0    0 104.38    0.00  29.63  23.24  51.51  61.05  61.00  42.05  20.00  61.00  66.00  41.05   0.00
20:43:52  96.2   0.0   0.8   2.9   0.0   24  13456   8708    1    0    0 104.54    0.00  30.02  23.66  50.87  60.05  60.00  42.05  20.00  60.00  66.00  41.05   0.00
20:43:53  96.2   0.0   0.8   3.0   0.0   31  12267   8077    0    0    0 103.88    0.00  29.97  23.65  50.26  61.05  61.00  42.05  20.00  61.00  66.00  41.05   0.00
20:43:54  96.8   0.0   0.5   2.7   0.0   26  13032   8482    0    0    0 103.31    0.00  29.86  23.51  49.94  59.05  59.00  42.05  20.00  59.00  61.00  41.05   0.00
20:43:55  96.4   0.0   0.5   3.2   0.0   28  16484   9090    0    0    0 103.55    0.00  29.90  23.51  50.13  59.05  59.00  42.05  20.00  59.00  61.00  41.05   0.00
20:43:56  95.6   0.0   0.8   3.6   0.0   35  12370   7912    0    0    0 103.39    0.00  29.85  23.50  50.03  60.05  60.00  42.05  20.00  60.00  61.00  41.05   0.00
20:43:57  95.9   0.0   0.6   3.5   0.0   27  11759   7710    0    0    0 103.12    0.00  29.78  23.45  49.90  62.05  62.00  42.05  20.00  62.00  61.00  41.05   0.00
20:43:58  68.2   0.0   0.6  31.2   0.0    2  18812  21805    0    0    0  98.94    0.00  28.52  22.33  48.10  61.05  61.00  43.05  20.00  61.00  61.00  41.05   0.00
20:43:59  23.2   0.0   0.2  76.6   0.0    5   8625   2505    0    0    1  86.29    0.00  24.23  18.32  43.73  75.05  75.00  43.05  20.00  75.00  65.00  41.05   0.00
20:44:00  13.5   0.0   0.2  86.3   0.0    5  10548   2448    2    0    2  72.20    0.00  20.09  14.29  37.82  58.05  58.00  43.05  20.00  66.00  65.00  41.05   0.00
20:44:01  13.0   0.0   0.5  86.5   0.0    5   7362   2339    1    0    2  68.20    0.00  19.03  13.59  35.58  69.05  69.00  43.05  20.00  69.00  67.00  41.05   0.00
-------- ----- ----- ----- ----- ----- ---- ------ ------ ---- ---- ---- ------  ------ ------ ------ ------ ------ ------ ------ ------ ------ ------ ------ ------
 Average  49.1   0.0   0.7  50.2   0.0 14.1 24550.6 8441.4 10.3  3.4  5.4  89.76    0.00  25.63  20.03  44.10  61.95  61.90  42.18  20.00  62.16  64.06  41.05   0.00
 GeoMean   0.0   0.0   0.0  30.1   0.0  9.0 13772.4 5224.5  0.0  0.0  0.0  71.79    0.00  20.15  13.20  36.67  61.64  61.59  42.18  20.00  61.85  63.92  41.05   0.00
  StdDev  34.7   0.0   0.4  34.8   0.0 11.2 20446.5 8309.0 23.1 15.9 16.2  30.25    0.00   8.82   7.37  14.16   6.32   6.32   0.34   0.00   6.31   4.39   0.00   0.00
-------- ----- ----- ----- ----- ----- ---- ------ ------ ---- ---- ---- ------  ------ ------ ------ ------ ------ ------ ------ ------ ------ ------ ------ ------
 Minimum   0.0   0.0   0.0   2.7   0.0  1.0  172.0  104.0  0.0  0.0  0.0   2.22    0.00   0.53   0.07   1.61  50.05  50.00  42.05  20.00  50.00  57.00  41.05   0.00
 Maximum  96.8   0.0   1.7 100.0   0.1 35.0 76123.0 47047.0 108.0 90.0 67.0 117.97    0.00  34.03  27.89  57.00  76.05  76.00  43.05  20.00  76.00  74.00  41.05   0.00
-------- ----- ----- ----- ----- ----- ---- ------ ------ ---- ---- ---- ------  ------ ------ ------ ------ ------ ------ ------ ------ ------ ------ ------ ------
Summary:
CPU:  89.76 Watts on average with standard deviation 30.25 
Note: power read from RAPL domains: uncore, pkg-0, core, psys.
These readings do not cover all the hardware in this device.

Histogram (of 31 power measurements)

  Range (Watts)   Count
  2.217 -  13.791     3 ######
 13.792 -  25.367     0 
 25.368 -  36.943     0 
 36.944 -  48.518     0 
 48.519 -  60.094     0 
 60.095 -  71.670     1 ##
 71.671 -  83.245     3 ######
 83.246 -  94.821     2 ####
 94.822 - 106.397    18 ########################################
106.398 - 117.972     4 ########

Histogram (of 31 CPU utilization measurements)

 Range (%CPU)   Count
 0.000 -  9.731     3 ###############
 9.732 - 19.464     6 ##############################
19.465 - 29.196     4 ####################
29.197 - 38.928     2 ##########
38.929 - 48.661     1 #####
48.662 - 58.393     1 #####
58.394 - 68.125     1 #####
68.126 - 77.858     3 ###############
77.859 - 87.590     2 ##########
87.591 - 97.322     8 ########################################

Histogram (of 31 thermal zone TCPU readings)

 Range (°C)    Count
50.050 - 52.649     3 #############
52.650 - 55.249     1 ####
55.250 - 57.849     1 ####
57.850 - 60.449     8 ###################################
60.450 - 63.049     9 ########################################
63.050 - 65.649     2 ########
65.650 - 68.249     2 ########
68.250 - 70.849     1 ####
70.850 - 73.449     1 ####
73.450 - 76.049     3 #############

Histogram (of 31 thermal zone x86_pkg_temp readings)

 Range (°C)    Count
50.000 - 52.599     3 #############
52.600 - 55.199     1 ####
55.200 - 57.799     1 ####
57.800 - 60.399     8 ###################################
60.400 - 62.999     9 ########################################
63.000 - 65.599     2 ########
65.600 - 68.199     2 ########
68.200 - 70.799     1 ####
70.800 - 73.399     1 ####
73.400 - 75.999     3 #############

Histogram (of 31 thermal zone SEN2 readings)

 Range (°C)    Count
42.050 - 42.149    27 ########################################
42.150 - 42.249     0 
42.250 - 42.349     0 
42.350 - 42.449     0 
42.450 - 42.549     0 
42.550 - 42.649     0 
42.650 - 42.749     0 
42.750 - 42.849     0 
42.850 - 42.949     0 
42.950 - 43.049     4 #####

Range is zero, cannot produce histogram of thermal zone INT3400 Thermal

Histogram (of 31 thermal zone TCPU_PCI readings)

 Range (°C)    Count
50.000 - 52.599     3 #############
52.600 - 55.199     1 ####
55.200 - 57.799     1 ####
57.800 - 60.399     7 ###############################
60.400 - 62.999     9 ########################################
63.000 - 65.599     2 ########
65.600 - 68.199     3 #############
68.200 - 70.799     1 ####
70.800 - 73.399     1 ####
73.400 - 75.999     3 #############

Histogram (of 31 thermal zone iwlwifi_1 readings)

 Range (°C)    Count
57.000 - 58.699     2 #####
58.700 - 60.399     0 
60.400 - 62.099    14 ########################################
62.100 - 63.799     2 #####
63.800 - 65.499     2 #####
65.500 - 67.199     4 ###########
67.200 - 68.899     4 ###########
68.900 - 70.599     0 
70.600 - 72.299     0 
72.300 - 73.999     3 ########

Range is zero, cannot produce histogram of thermal zone acpitz

Range is zero, cannot produce histogram of thermal zone SEN3
