Running for 86400.0 seconds (86400 samples at 1.0 second intervals).
Power measurements will start in 0 seconds time.

  Time    User  Nice   Sys  Idle    IO  Run Ctxt/s  IRQ/s Fork Exec Exit  Watts  uncore  pkg-0   core   psys   TCPU x86_pk INT340   SEN3 TCPU_P iwlwif acpitz   SEN2
21:32:37   0.0   0.0   0.0 100.0   0.0    1    220    307    0    0    0   4.48    0.00   1.18   0.21   3.09  52.05  52.00  20.00  42.05  54.00  70.00  42.05   0.00
21:32:38   0.0   0.0   0.0 100.0   0.0    1    195    114    0    0    0   2.18    0.00   0.60   0.07   1.51  51.05  53.00  20.00  42.05  53.00  64.00  42.05   0.00
21:32:39   0.0   0.0   0.1  99.8   0.0    2    379    189   14    6    8   5.56    0.00   1.51   0.18   3.87  51.05  51.00  20.00  42.05  50.00  64.00  42.05   0.00
21:32:40  16.3   0.0   0.8  82.9   0.0    3  37235   5389   38    0    0  86.77    0.00  25.07  19.57  42.14  57.05  57.00  20.00  42.05  58.00  57.00  42.05   0.00
21:32:41  18.0   0.0   0.6  81.4   0.0    3  38481   4737    5    4    4  88.68    0.00  25.53  19.99  43.16  74.05  74.00  20.00  42.05  74.00  57.00  42.05   0.00
21:32:42  12.4   0.0   1.2  86.2   0.1    2  26442   5363   88    5   64  74.75    0.00  20.92  14.88  38.95  60.05  60.00  20.00  42.05  60.00  65.00  42.05   0.00
21:32:43  23.3   0.0   1.9  74.8   0.0    3  79367  15486   36    0    9  93.09    0.00  27.27  21.60  44.21  60.05  60.00  20.00  42.05  60.00  65.00  42.05   0.00
21:32:44  12.8   0.0   0.9  86.3   0.0    5  52449   9272   44   58   43  80.49    0.00  22.91  16.86  40.72  57.05  57.00  20.00  42.05  57.00  65.00  42.05   0.00
21:32:45  14.9   0.0   0.8  84.2   0.0   10  55037   5804   24   32   24  95.78    0.00  27.71  21.59  46.48  71.05  71.00  20.00  42.05  71.00  61.00  42.05   0.00
21:32:46  49.4   0.0   1.4  49.3   0.0   21  65298   9240   29    0    0 116.01    0.00  34.43  28.34  53.24  60.05  60.00  20.00  42.05  61.00  60.00  42.05   0.00
21:32:47  72.6   0.0   0.9  26.4   0.0   20  33089  12851    0    0    1 100.90    0.00  29.78  23.59  47.53  61.05  61.00  20.00  42.05  61.00  60.00  42.05   0.00
21:32:48  77.1   0.0   0.8  22.0   0.0   19  22782   7814    0    0    1 103.63    0.00  29.97  23.35  50.30  60.05  60.00  20.00  42.05  60.00  62.00  42.05   0.00
21:32:49  73.5   0.0   0.7  25.8   0.0   19  14382   6919    0    0    0 103.94    0.00  30.16  23.63  50.15  60.05  60.00  20.00  42.05  60.00  62.00  42.05   0.00
21:32:50  64.0   0.0   0.6  35.5   0.0    5  15033   6287    1    0    0  99.78    0.00  28.79  22.36  48.63  73.05  73.00  20.00  42.05  73.00  61.00  42.05   0.00
21:32:51  40.6   0.0   0.4  59.0   0.0    5  17083   4952    0    0    1  98.76    0.00  28.55  22.36  47.86  63.05  63.00  20.00  42.05  63.00  61.00  42.05   0.00
21:32:52  30.6   0.0   0.8  68.6   0.0   33  23365   4931   10    0    2  89.03    0.00  25.52  19.38  44.13  61.05  61.00  20.00  42.05  62.00  66.00  42.05   0.00
21:32:53  73.8   0.0   0.9  25.3   0.0   28  20520   8015   24    0    1 102.32    0.00  30.22  24.18  47.92  61.05  61.00  20.00  42.05  61.00  66.00  42.05   0.00
21:32:54  91.6   0.0   0.2   8.2   0.0    5   5942   6848    0    0    0  96.93    0.00  28.61  22.65  45.67  67.05  68.00  20.00  42.05  68.00  66.00  42.05   0.00
21:32:55  49.1   0.0   0.8  50.1   0.0    5  32635  45397    0    0    0 100.44    0.00  29.45  23.29  47.69  71.05  71.00  20.00  42.05  71.00  62.00  42.05   0.00
21:32:56  27.5   0.0   0.6  71.9   0.0   25  55201   7467    0    0    0 108.70    0.00  31.90  25.94  50.85  61.05  61.00  20.00  42.05  62.00  62.00  42.05   0.00
21:32:57  86.9   0.0   0.7  12.4   0.0    3  13789   7813    0    0    1  96.87    0.00  28.44  22.08  46.34  59.05  59.00  20.00  42.05  58.00  62.00  42.05   0.00
21:32:58  96.2   0.0   0.5   3.3   0.0   31  11213   8229    0    0    0 106.36    0.00  31.51  25.18  49.67  62.05  62.00  20.00  42.05  62.00  63.00  42.05   0.00
21:32:59  97.1   0.0   0.7   2.2   0.0   28  12334   8843    1    1    1 101.64    0.00  29.99  23.64  48.01  61.05  61.00  20.00  42.05  61.00  63.00  43.05   0.00
21:33:00  96.7   0.0   0.7   2.6   0.0   28  14677   8689    1    0    0 101.10    0.00  29.82  23.49  47.79  61.05  61.00  20.00  42.05  62.00  62.00  43.05   0.00
21:33:01  96.5   0.0   0.5   3.0   0.0   28  14850   8657    0    0    0 100.75    0.00  29.72  23.38  47.65  61.05  61.00  20.00  42.05  61.00  62.00  43.05   0.00
21:33:02  96.2   0.0   0.8   3.1   0.0   28  11185   7609    0    0    0 101.11    0.00  29.84  23.49  47.77  61.05  61.00  20.00  42.05  61.00  62.00  43.05   0.00
21:33:03  96.0   0.0   0.5   3.5   0.0   28  10811   7637    0    0    0 100.95    0.00  29.77  23.40  47.79  62.05  62.00  20.00  42.05  62.00  62.00  43.05   0.00
21:33:04  86.0   0.0   0.7  13.3   0.0   28  11653   7301    0    0    0 100.75    0.00  29.67  23.30  47.77  62.05  62.00  20.00  42.05  62.00  62.00  43.05   0.00
21:33:05  27.4   0.0   0.4  72.2   0.0    5  17949  18640    0    0    0  96.72    0.00  28.20  22.18  46.33  74.05  74.00  20.00  42.05  74.00  62.00  43.05   0.00
21:33:06  16.5   0.0   0.5  83.0   0.0    2  15247   2815    3    4    0  99.12    0.00  29.05  23.39  46.68  68.05  68.00  20.00  42.05  68.00  67.00  43.05   0.00
-------- ----- ----- ----- ----- ----- ---- ------ ------ ---- ---- ---- ------  ------ ------ ------ ------ ------ ------ ------ ------ ------ ------ ------ ------
 Average  51.4   0.0   0.7  47.9   0.0 14.1 24294.8 8453.8 10.6  3.7  5.3  88.58    0.00  25.87  20.25  42.46  62.12  62.17  20.00  42.05  62.33  62.77  42.32   0.00
 GeoMean   0.0   0.0   0.0  27.5   0.0  8.4 13936.3 5461.7  0.0  0.0  0.0  70.52    0.00  20.42  13.42  35.06  61.84  61.90  20.00  42.05  62.07  62.71  42.31   0.00
  StdDev  35.0   0.0   0.4  35.1   0.0 11.6 19572.0 7860.7 19.5 11.7 14.0  29.25    0.00   8.65   7.14  13.53   5.95   5.87   0.00   0.00   5.80   2.69   0.44   0.00
-------- ----- ----- ----- ----- ----- ---- ------ ------ ---- ---- ---- ------  ------ ------ ------ ------ ------ ------ ------ ------ ------ ------ ------ ------
 Minimum   0.0   0.0   0.0   2.2   0.0  1.0  195.0  114.0  0.0  0.0  0.0   2.18    0.00   0.60   0.07   1.51  51.05  51.00  20.00  42.05  50.00  57.00  42.05   0.00
 Maximum  97.1   0.0   1.9 100.0   0.1 33.0 79367.0 45397.0 88.0 58.0 64.0 116.01    0.00  34.43  28.34  53.24  74.05  74.00  20.00  42.05  74.00  70.00  43.05   0.00
-------- ----- ----- ----- ----- ----- ---- ------ ------ ---- ---- ---- ------  ------ ------ ------ ------ ------ ------ ------ ------ ------ ------ ------ ------
Summary:
CPU:  88.58 Watts on average with standard deviation 29.25 
Note: power read from RAPL domains: uncore, pkg-0, core, psys.
These readings do not cover all the hardware in this device.

Histogram (of 30 power measurements)

  Range (Watts)   Count
  2.175 -  13.558     3 ######
 13.559 -  24.941     0 
 24.942 -  36.324     0 
 36.325 -  47.707     0 
 47.708 -  59.090     0 
 59.091 -  70.473     0 
 70.474 -  81.856     2 ####
 81.857 -  93.239     4 ########
 93.240 - 104.622    18 ########################################
104.623 - 116.005     3 ######

Histogram (of 30 CPU utilization measurements)

 Range (%CPU)   Count
 0.000 -  9.783     3 #################
 9.784 - 19.566     6 ##################################
19.567 - 29.350     3 #################
29.351 - 39.133     1 #####
39.134 - 48.917     1 #####
48.918 - 58.701     2 ###########
58.702 - 68.484     1 #####
68.485 - 78.268     4 ######################
78.269 - 88.052     2 ###########
88.053 - 97.835     7 ########################################

Histogram (of 30 thermal zone TCPU readings)

 Range (°C)    Count
51.050 - 53.349     3 ##########
53.350 - 55.649     0 
55.650 - 57.949     2 #######
57.950 - 60.249     6 #####################
60.250 - 62.549    11 ########################################
62.550 - 64.849     1 ###
64.850 - 67.149     1 ###
67.150 - 69.449     1 ###
69.450 - 71.749     2 #######
71.750 - 74.049     3 ##########

Histogram (of 30 thermal zone x86_pkg_temp readings)

 Range (°C)    Count
51.000 - 53.299     3 ##########
53.300 - 55.599     0 
55.600 - 57.899     2 #######
57.900 - 60.199     6 #####################
60.200 - 62.499    11 ########################################
62.500 - 64.799     1 ###
64.800 - 67.099     0 
67.100 - 69.399     2 #######
69.400 - 71.699     2 #######
71.700 - 73.999     3 ##########

Range is zero, cannot produce histogram of thermal zone INT3400 Thermal

Range is zero, cannot produce histogram of thermal zone SEN3

Histogram (of 30 thermal zone TCPU_PCI readings)

 Range (°C)    Count
50.000 - 52.399     1 ##
52.400 - 54.799     2 #####
54.800 - 57.199     1 ##
57.200 - 59.599     2 #####
59.600 - 61.999    16 ########################################
62.000 - 64.399     1 ##
64.400 - 66.799     0 
66.800 - 69.199     2 #####
69.200 - 71.599     2 #####
71.600 - 73.999     3 #######

Histogram (of 30 thermal zone iwlwifi_1 readings)

 Range (°C)    Count
57.000 - 58.299     2 #####
58.300 - 59.599     0 
59.600 - 60.899     2 #####
60.900 - 62.199    14 ########################################
62.200 - 63.499     2 #####
63.500 - 64.799     2 #####
64.800 - 66.099     6 #################
66.100 - 67.399     1 ##
67.400 - 68.699     0 
68.700 - 69.999     1 ##

Histogram (of 30 thermal zone acpitz readings)

 Range (°C)    Count
42.050 - 42.149    22 ########################################
42.150 - 42.249     0 
42.250 - 42.349     0 
42.350 - 42.449     0 
42.450 - 42.549     0 
42.550 - 42.649     0 
42.650 - 42.749     0 
42.750 - 42.849     0 
42.850 - 42.949     0 
42.950 - 43.049     8 ##############

Range is zero, cannot produce histogram of thermal zone SEN2
