Running for 86400.0 seconds (86400 samples at 1.0 second intervals).
Power measurements will start in 0 seconds time.

  Time    User  Nice   Sys  Idle    IO  Run Ctxt/s  IRQ/s Fork Exec Exit  Watts  uncore  pkg-0   core   psys   TCPU x86_pk   SEN2 INT340 TCPU_P iwlwif acpitz   SEN3
21:04:06   0.0   0.0   0.0  99.9   0.0    1    574    331    0    0    0   5.02    0.00   1.24   0.21   3.57  53.05  53.00  42.05  20.00  53.00  59.00  41.05   0.00
21:04:07   0.0   0.0   0.0 100.0   0.0    1    167     94    0    0    1   2.64    0.00   0.65   0.06   1.92  52.05  50.00  42.05  20.00  50.00  55.00  41.05   0.00
21:04:08   0.0   0.0   0.1  99.9   0.0    2    287    150    9    6    8   4.62    0.00   1.17   0.16   3.29  50.05  50.00  42.05  20.00  50.00  55.00  41.05   0.00
21:04:09  13.6   0.0   0.8  85.6   0.0    5  34083   4950   39    0    0  65.20    0.00  17.78  12.33  35.10  58.05  58.00  42.05  20.00  58.00  58.00  41.05   0.00
21:04:10  18.3   0.0   0.5  81.2   0.0    5  35664   4728    9    4    4  91.13    0.00  25.95  20.24  44.94  62.05  62.00  42.05  20.00  62.00  58.00  41.05   0.00
21:04:11  13.0   0.0   0.9  85.9   0.1    9  27868   5447   88    5   64  80.43    0.00  22.24  16.06  42.13  62.05  62.00  42.05  20.00  62.00  58.00  41.05   0.00
21:04:12  23.4   0.0   1.6  75.0   0.0    2  65318  14341   30    0    9  95.56    0.00  27.55  21.91  46.10  56.05  56.00  42.05  20.00  56.00  58.00  41.05   0.00
21:04:13  13.4   0.0   1.1  85.5   0.0    2  39227   8720   36   40   30  84.25    0.00  23.63  17.78  42.84  57.05  57.00  42.05  20.00  57.00  60.00  41.05   0.00
21:04:14  13.9   0.0   0.6  85.5   0.0    5  41259   5301   36   50   37  92.22    0.00  26.00  19.84  46.38  70.05  70.00  42.05  20.00  70.00  65.00  41.05   0.00
21:04:15  44.8   0.0   1.4  53.8   0.0   21  56056   8355   32    0    0 118.29    0.00  34.57  28.55  55.17  59.05  59.00  42.05  20.00  59.00  65.00  41.05   0.00
21:04:16  73.6   0.0   1.1  25.2   0.0   22  35754  12374    0    0    2 107.36    0.00  31.12  24.72  51.52  60.05  60.00  42.05  20.00  60.00  69.00  41.05   0.00
21:04:17  76.4   0.0   0.7  22.9   0.0   20  20218   7436    0    0    2 103.19    0.00  29.95  23.65  49.59  60.05  60.00  42.05  20.00  60.00  69.00  41.05   0.00
21:04:18  70.2   0.0   0.8  29.0   0.0    9  19772   7453    0    0    0 102.31    0.00  29.62  23.34  49.35  59.05  59.00  42.05  20.00  59.00  61.00  41.05   0.00
21:04:19  65.7   0.0   0.8  33.5   0.0    5  40948   9064    0    0    0  98.60    0.00  28.48  22.22  47.91  62.05  62.00  42.05  20.00  62.00  61.00  41.05   0.00
21:04:20  42.2   0.0   0.2  57.6   0.0    5  14197   4611    1    0    1 103.15    0.00  29.77  23.80  49.58  60.05  60.00  42.05  20.00  60.00  62.00  41.05   0.00
21:04:21  42.3   0.0   0.4  57.2   0.0   36  27182   5865    9    0    2 108.71    0.00  31.37  25.17  52.18  59.05  59.00  42.05  20.00  59.00  62.00  41.05   0.00
21:04:22  84.7   0.0   0.8  14.5   0.0   28  19006   9023   24    0    0 102.88    0.00  29.92  23.90  49.06  59.05  59.00  42.05  20.00  59.00  62.00  41.05   0.00
21:04:23  84.7   0.0   0.7  14.6   0.0   28   9570   7329    0    0    0 102.99    0.00  29.60  23.59  49.79  68.05  68.00  42.05  20.00  68.00  67.00  41.05   0.00
21:04:24  45.2   0.0   0.8  54.0   0.0    5  44472  46363    0    0    0 102.23    0.00  28.98  22.76  50.48  71.05  71.00  42.05  20.00  71.00  61.00  41.05   0.00
21:04:25  54.0   0.0   0.8  45.2   0.0   27  41842   7813    2    0    2 110.56    0.00  31.49  25.12  53.95  60.05  60.00  42.05  20.00  60.00  61.00  41.05   0.00
21:04:26  87.0   0.0   0.7  12.3   0.0   30  13397   8080    0    0    0 103.09    0.00  29.62  23.35  50.11  61.05  61.00  42.05  20.00  61.00  63.00  41.05   0.00
21:04:27  96.8   0.0   0.9   2.3   0.0   28  11390   8509    0    0    0 103.86    0.00  30.12  23.82  49.92  59.05  59.00  42.05  20.00  60.00  63.00  41.05   0.00
21:04:28  96.8   0.0   0.6   2.6   0.0   31  13785   8960    0    0    0 103.09    0.00  29.77  23.30  50.01  59.05  59.00  42.05  20.00  58.00  61.00  41.05   0.00
21:04:29  97.1   0.0   0.6   2.3   0.0   28  12755   8330    0    0    0 103.16    0.00  29.94  23.62  49.60  59.05  59.00  42.05  20.00  59.00  61.00  41.05   0.00
21:04:30  96.2   0.0   0.7   3.2   0.0   18  14142   8376    0    0    0 102.99    0.00  29.89  23.55  49.56  60.05  60.00  42.05  20.00  60.00  60.00  41.05   0.00
21:04:31  95.5   0.0   0.7   3.8   0.0   29  13164   7924    0    0    0 102.79    0.00  29.82  23.48  49.49  60.05  60.00  42.05  20.00  60.00  60.00  41.05   0.00
21:04:32  95.8   0.0   0.5   3.6   0.0   18  10793   7546    0    0    0 103.14    0.00  29.93  23.60  49.61  61.05  61.00  42.05  20.00  61.00  60.00  41.05   0.00
21:04:33  67.4   0.0   0.4  32.2   0.0   18  28682  21954    0    0    0  97.64    0.00  28.24  22.09  47.30  67.05  67.00  42.05  20.00  67.00  60.00  41.05   0.00
21:04:34  17.7   0.0   0.0  82.2   0.0    5   8265   2121    0    0    1  83.84    0.00  23.53  17.78  42.53  80.05  80.00  42.05  20.00  80.00  64.00  41.05   0.00
21:04:35  12.6   0.0   0.5  86.9   0.0    4   8912   2284    2    0    2  65.82    0.00  18.28  12.64  34.90  64.05  64.00  42.05  20.00  63.00  64.00  42.05   0.00
21:04:36  10.9   0.0   0.5  88.5   0.0    1   8407   2859    6    4   47  56.88    0.00  15.69  10.09  31.10  55.05  55.00  42.05  20.00  55.00  65.00  42.05   0.00
-------- ----- ----- ----- ----- ----- ---- ------ ------ ---- ---- ---- ------  ------ ------ ------ ------ ------ ------ ------ ------ ------ ------ ------ ------
 Average  50.1   0.0   0.7  49.2   0.0 14.5 23134.1 8280.4 10.4  3.5  6.8  87.34    0.00  25.03  19.44  42.87  60.76  60.65  42.05  20.00  60.61  61.52  41.11   0.00
 GeoMean  22.0   0.0   0.0  29.2   0.0  8.8 14079.9 5130.8  0.0  0.0  0.0  69.84    0.00  19.71  12.82  35.65  60.50  60.38  42.05  20.00  60.35  61.43  41.11   0.00
  StdDev  34.8   0.0   0.4  34.9   0.0 11.4 16401.2 8142.6 19.1 11.1 15.4  30.39    0.00   8.91   7.48  14.11   5.74   5.85   0.00   0.00   5.84   3.36   0.25   0.00
-------- ----- ----- ----- ----- ----- ---- ------ ------ ---- ---- ---- ------  ------ ------ ------ ------ ------ ------ ------ ------ ------ ------ ------ ------
 Minimum   0.0   0.0   0.0   2.3   0.0  1.0  167.0   94.0  0.0  0.0  0.0   2.64    0.00   0.65   0.06   1.92  50.05  50.00  42.05  20.00  50.00  55.00  41.05   0.00
 Maximum  97.1   0.0   1.6 100.0   0.1 36.0 65318.0 46363.0 88.0 50.0 64.0 118.29    0.00  34.57  28.55  55.17  80.05  80.00  42.05  20.00  80.00  69.00  42.05   0.00
-------- ----- ----- ----- ----- ----- ---- ------ ------ ---- ---- ---- ------  ------ ------ ------ ------ ------ ------ ------ ------ ------ ------ ------ ------
Summary:
CPU:  87.34 Watts on average with standard deviation 30.39 
Note: power read from RAPL domains: uncore, pkg-0, core, psys.
These readings do not cover all the hardware in this device.

Histogram (of 31 power measurements)

  Range (Watts)   Count
  2.635 -  14.199     3 #######
 14.200 -  25.765     0 
 25.766 -  37.330     0 
 37.331 -  48.896     0 
 48.897 -  60.461     1 ##
 60.462 -  72.026     2 #####
 72.027 -  83.592     1 ##
 83.593 -  95.157     4 ##########
 95.158 - 106.723    16 ########################################
106.724 - 118.288     4 ##########

Histogram (of 31 CPU utilization measurements)

 Range (%CPU)   Count
 0.042 -  9.808     3 ###############
 9.809 - 19.575     8 ########################################
19.576 - 29.342     1 #####
29.343 - 39.109     0 
39.110 - 48.875     4 ####################
48.876 - 58.642     1 #####
58.643 - 68.409     2 ##########
68.410 - 78.176     3 ###############
78.177 - 87.943     3 ###############
87.944 - 97.710     6 ##############################

Histogram (of 31 thermal zone TCPU readings)

 Range (°C)    Count
50.050 - 53.049     3 ##########
53.050 - 56.049     2 #######
56.050 - 59.049     9 ################################
59.050 - 62.049    11 ########################################
62.050 - 65.049     1 ###
65.050 - 68.049     2 #######
68.050 - 71.049     2 #######
71.050 - 74.049     0 
74.050 - 77.049     0 
77.050 - 80.049     1 ###

Histogram (of 31 thermal zone x86_pkg_temp readings)

 Range (°C)    Count
50.000 - 52.999     3 ##########
53.000 - 55.999     2 #######
56.000 - 58.999     9 ################################
59.000 - 61.999    11 ########################################
62.000 - 64.999     1 ###
65.000 - 67.999     2 #######
68.000 - 70.999     2 #######
71.000 - 73.999     0 
74.000 - 76.999     0 
77.000 - 79.999     1 ###

Range is zero, cannot produce histogram of thermal zone SEN2

Range is zero, cannot produce histogram of thermal zone INT3400 Thermal

Histogram (of 31 thermal zone TCPU_PCI readings)

 Range (°C)    Count
50.000 - 52.999     3 ##########
53.000 - 55.999     2 ######
56.000 - 58.999     8 ##########################
59.000 - 61.999    12 ########################################
62.000 - 64.999     1 ###
65.000 - 67.999     2 ######
68.000 - 70.999     2 ######
71.000 - 73.999     0 
74.000 - 76.999     0 
77.000 - 79.999     1 ###

Histogram (of 31 thermal zone iwlwifi_1 readings)

 Range (°C)    Count
55.000 - 56.399     2 ########
56.400 - 57.799     0 
57.800 - 59.199     5 ######################
59.200 - 60.599     5 ######################
60.600 - 61.999     9 ########################################
62.000 - 63.399     2 ########
63.400 - 64.799     2 ########
64.800 - 66.199     3 #############
66.200 - 67.599     1 ####
67.600 - 68.999     2 ########

Histogram (of 31 thermal zone acpitz readings)

 Range (°C)    Count
41.050 - 41.149    29 ########################################
41.150 - 41.249     0 
41.250 - 41.349     0 
41.350 - 41.449     0 
41.450 - 41.549     0 
41.550 - 41.649     0 
41.650 - 41.749     0 
41.750 - 41.849     0 
41.850 - 41.949     0 
41.950 - 42.049     2 ##

Range is zero, cannot produce histogram of thermal zone SEN3
