Running for 86400.0 seconds (86400 samples at 1.0 second intervals).
Power measurements will start in 0 seconds time.

  Time    User  Nice   Sys  Idle    IO  Run Ctxt/s  IRQ/s Fork Exec Exit  Watts  uncore  pkg-0   core   psys   TCPU x86_pk INT340   SEN3 TCPU_P iwlwif acpitz   SEN2
20:51:29   0.0   0.0   0.0 100.0   0.0    1    180    290    0    0    0   4.91    0.00   1.32   0.18   3.42  52.05  52.00  20.00  41.05  52.00  53.00  42.05   0.00
20:51:30   0.0   0.0   0.0 100.0   0.0    1    177     83    0    0    0   1.71    0.00   0.48   0.07   1.16  51.05  51.00  20.00  41.05  52.00  56.00  42.05   0.00
20:51:31   0.0   0.0   0.1  99.7   0.1    2    319    169    9    6    8   5.11    0.00   1.38   0.16   3.57  54.05  54.00  20.00  41.05  54.00  55.00  42.05   0.00
20:51:32  14.1   0.0   0.8  85.1   0.0    4  49528   5805   40    0    0  97.61    0.00  28.46  22.93  46.23  64.05  64.00  20.00  41.05  64.00  55.00  42.05   0.00
20:51:33  19.2   0.0   1.2  79.6   0.0    6  50491   6043    9    4    4 103.94    0.00  30.52  24.86  48.55  66.05  66.00  20.00  41.05  66.00  60.00  42.05   0.00
20:51:34   9.7   0.0   1.0  89.2   0.0    3  26175   5993  106    5   65  67.67    0.00  18.99  13.21  35.47  59.05  59.00  20.00  41.05  59.00  60.00  41.05   0.00
20:51:35  21.7   0.0   1.6  76.6   0.0    2  54346  13166   15    0    9  91.09    0.00  26.75  21.22  43.12  58.05  58.00  20.00  41.05  58.00  61.00  41.05   0.00
20:51:36  13.1   0.0   0.8  86.1   0.0    2  37056   9224   64   85   61  85.91    0.00  24.40  18.12  43.39  63.05  63.00  20.00  41.05  63.00  61.00  41.05   0.00
20:51:37  16.7   0.0   0.3  83.0   0.0    5  30447   4047    4    5    6  96.81    0.00  28.08  22.27  46.46  72.05  72.00  20.00  41.05  72.00  67.00  41.05   0.00
20:51:38  57.2   0.0   1.4  41.4   0.0    2  57113  13838   31    0    0 117.82    0.00  35.03  28.90  53.88  57.05  57.00  20.00  41.05  57.00  67.00  41.05   0.00
20:51:39  75.2   0.0   0.6  24.2   0.0   21  22462   7683    0    0    2 105.65    0.00  31.28  24.99  49.38  61.05  61.00  20.00  41.05  61.00  67.00  41.05   0.00
20:51:40  75.7   0.0   0.7  23.6   0.0   19  20043   7547    0    0    2 101.37    0.00  29.91  23.46  48.00  58.05  58.00  20.00  41.05  58.00  68.00  41.05   0.00
20:51:41  70.0   0.0   0.6  29.4   0.0   18  19760   7218    0    0    0 101.83    0.00  29.90  23.34  48.59  60.05  60.00  20.00  41.05  60.00  61.00  41.05   0.00
20:51:42  48.5   0.0   0.5  51.0   0.0    5  15073   5198    1    0    1  97.98    0.00  28.70  22.49  46.79  72.05  72.00  20.00  41.05  72.00  61.00  41.05   0.00
20:51:43  35.7   0.0   0.4  63.9   0.0    5  13115   4112    0    0    0  92.72    0.00  26.72  20.39  45.61  64.05  64.00  20.00  41.05  64.00  64.00  41.05   0.00
20:51:44  47.1   0.0   0.6  52.2   0.0   30  17404   5663   12    0    3  92.93    0.00  26.93  20.75  45.24  61.05  61.00  20.00  41.05  61.00  64.00  42.05   0.00
20:51:45  84.3   0.0   0.6  15.1   0.0   27  16696   8384   24    0    0 100.27    0.00  29.65  23.68  46.93  60.05  60.00  20.00  41.05  60.00  65.00  42.05   0.00
20:51:46  85.5   0.0   0.3  14.2   0.0   28   7244   6915    0    0    1  99.54    0.00  29.46  23.55  46.54  60.05  60.00  20.00  41.05  60.00  65.00  42.05   0.00
20:51:47  61.3   0.0   0.6  38.1   0.0    5  22692  40656    0    0    0  98.90    0.00  28.65  22.67  47.58  70.05  70.00  20.00  41.05  70.00  61.00  42.05   0.00
20:51:48  22.1   0.0   0.5  77.4   0.0   19  49184   7388    1    0    0 109.25    0.00  31.46  25.28  52.51  62.05  62.00  20.00  41.05  62.00  61.00  42.05   0.00
20:51:49  91.6   0.0   0.8   7.6   0.0    2  14240   7680    0    0    0 102.39    0.00  29.73  23.39  49.27  56.05  56.00  20.00  41.05  56.00  61.00  42.05   0.00
20:51:50  91.3   0.0   0.6   8.1   0.0   28  11133   7520    0    0    0 104.02    0.00  30.64  24.30  49.08  60.05  60.00  20.00  41.05  59.00  70.00  42.05   0.00
20:51:51  96.2   0.0   0.6   3.2   0.0   30  12446   8245    0    0    0 101.09    0.00  29.83  23.50  47.76  60.05  60.00  20.00  41.05  60.00  61.00  42.05   0.00
20:51:52  97.0   0.0   0.7   2.3   0.0   26  11324   8371    0    0    0 100.74    0.00  29.74  23.42  47.58  60.05  60.00  20.00  41.05  60.00  61.00  42.05   0.00
20:51:53  96.0   0.0   0.5   3.4   0.0   26  15747   8708    0    0    0 100.70    0.00  29.70  23.38  47.62  60.05  60.00  20.00  41.05  60.00  60.00  42.05   0.00
20:51:54  95.6   0.0   0.9   3.5   0.0   30  10273   8034    0    0    0 101.17    0.00  29.87  23.46  47.84  59.05  60.00  20.00  41.05  60.00  60.00  42.05   0.00
20:51:55  95.7   0.0   0.7   3.6   0.0   26  13500   7552    0    0    0 100.49    0.00  29.66  23.36  47.47  60.05  60.00  20.00  41.05  60.00  61.00  42.05   0.00
20:51:56  82.0   0.0   0.5  17.5   0.0   30  13772  21862    0    0    0 100.00    0.00  29.51  23.05  47.44  60.05  60.00  20.00  41.05  60.00  61.00  42.05   0.00
20:51:57  29.9   0.0   0.2  69.9   0.0    5  15002   3625    0    0    0  86.61    0.00  25.01  19.16  42.44  73.05  73.00  20.00  41.05  73.00  61.00  42.05   0.00
20:51:58  17.4   0.0   0.4  82.2   0.1    2  12356   2618    3    4    0  85.10    0.00  24.34  18.35  42.42  58.05  58.00  20.00  41.05  58.00  61.00  42.05   0.00
-------- ----- ----- ----- ----- ----- ---- ------ ------ ---- ---- ---- ------  ------ ------ ------ ------ ------ ------ ------ ------ ------ ------ ------ ------
 Average  51.7   0.0   0.6  47.7   0.0 13.7 21309.9 8121.2 10.6  3.6  5.4  88.51    0.00  25.87  20.26  42.38  61.05  61.03  20.00  41.05  61.03  61.63  41.72   0.00
 GeoMean   0.0   0.0   0.0  28.6   0.0  7.8 12665.6 5148.6  0.0  0.0  0.0  69.88    0.00  20.27  13.28  34.71  60.83  60.81  20.00  41.05  60.82  61.51  41.71   0.00
  StdDev  34.8   0.0   0.4  34.9   0.0 11.6 15871.2 7331.5 22.8 15.2 15.6  29.48    0.00   8.72   7.23  13.61   5.26   5.25   0.00   0.00   5.20   3.83   0.47   0.00
-------- ----- ----- ----- ----- ----- ---- ------ ------ ---- ---- ---- ------  ------ ------ ------ ------ ------ ------ ------ ------ ------ ------ ------ ------
 Minimum   0.0   0.0   0.0   2.3   0.0  1.0  177.0   83.0  0.0  0.0  0.0   1.71    0.00   0.48   0.07   1.16  51.05  51.00  20.00  41.05  52.00  53.00  41.05   0.00
 Maximum  97.0   0.0   1.6 100.0   0.1 30.0 57113.0 40656.0 106.0 85.0 65.0 117.82    0.00  35.03  28.90  53.88  73.05  73.00  20.00  41.05  73.00  70.00  42.05   0.00
-------- ----- ----- ----- ----- ----- ---- ------ ------ ---- ---- ---- ------  ------ ------ ------ ------ ------ ------ ------ ------ ------ ------ ------ ------
Summary:
CPU:  88.51 Watts on average with standard deviation 29.48 
Note: power read from RAPL domains: uncore, pkg-0, core, psys.
These readings do not cover all the hardware in this device.

Histogram (of 30 power measurements)

  Range (Watts)   Count
  1.712 -  13.322     3 ######
 13.323 -  24.932     0 
 24.933 -  36.542     0 
 36.543 -  48.153     0 
 48.154 -  59.763     0 
 59.764 -  71.374     1 ##
 71.375 -  82.984     0 
 82.985 -  94.594     6 #############
 94.595 - 106.205    18 ########################################
106.206 - 117.815     2 ####

Histogram (of 30 CPU utilization measurements)

 Range (%CPU)   Count
 0.000 -  9.768     3 #################
 9.769 - 19.536     5 ############################
19.537 - 29.305     3 #################
29.306 - 39.074     2 ###########
39.075 - 48.843     1 #####
48.844 - 58.611     2 ###########
58.612 - 68.380     1 #####
68.381 - 78.149     3 #################
78.150 - 87.917     3 #################
87.918 - 97.686     7 ########################################

Histogram (of 30 thermal zone TCPU readings)

 Range (°C)    Count
51.050 - 53.249     2 ######
53.250 - 55.449     1 ###
55.450 - 57.649     2 ######
57.650 - 59.849     5 ################
59.850 - 62.049    12 ########################################
62.050 - 64.249     3 ##########
64.250 - 66.449     1 ###
66.450 - 68.649     0 
68.650 - 70.849     1 ###
70.850 - 73.049     3 ##########

Histogram (of 30 thermal zone x86_pkg_temp readings)

 Range (°C)    Count
51.000 - 53.199     2 ######
53.200 - 55.399     1 ###
55.400 - 57.599     2 ######
57.600 - 59.799     4 ############
59.800 - 61.999    13 ########################################
62.000 - 64.199     3 #########
64.200 - 66.399     1 ###
66.400 - 68.599     0 
68.600 - 70.799     1 ###
70.800 - 72.999     3 #########

Range is zero, cannot produce histogram of thermal zone INT3400 Thermal

Range is zero, cannot produce histogram of thermal zone SEN3

Histogram (of 30 thermal zone TCPU_PCI readings)

 Range (°C)    Count
52.000 - 54.099     3 ##########
54.100 - 56.199     1 ###
56.200 - 58.299     4 ##############
58.300 - 60.399    11 ########################################
60.400 - 62.499     3 ##########
62.500 - 64.599     3 ##########
64.600 - 66.699     1 ###
66.700 - 68.799     0 
68.800 - 70.899     1 ###
70.900 - 72.999     3 ##########

Histogram (of 30 thermal zone iwlwifi_1 readings)

 Range (°C)    Count
53.000 - 54.699     1 ##
54.700 - 56.399     3 #######
56.400 - 58.099     0 
58.100 - 59.799     0 
59.800 - 61.499    17 ########################################
61.500 - 63.199     0 
63.200 - 64.899     2 ####
64.900 - 66.599     2 ####
66.600 - 68.299     4 #########
68.300 - 69.999     1 ##

Histogram (of 30 thermal zone acpitz readings)

 Range (°C)    Count
41.050 - 41.149    10 ####################
41.150 - 41.249     0 
41.250 - 41.349     0 
41.350 - 41.449     0 
41.450 - 41.549     0 
41.550 - 41.649     0 
41.650 - 41.749     0 
41.750 - 41.849     0 
41.850 - 41.949     0 
41.950 - 42.049    20 ########################################

Range is zero, cannot produce histogram of thermal zone SEN2
