Running for 86400.0 seconds (86400 samples at 1.0 second intervals).
Power measurements will start in 0 seconds time.

  Time    User  Nice   Sys  Idle    IO  Run Ctxt/s  IRQ/s Fork Exec Exit  Watts  uncore  pkg-0   core   psys   TCPU x86_pk   SEN2 INT340 TCPU_P iwlwif acpitz   SEN3
20:22:57   0.0   0.0   0.0 100.0   0.0    1    157    420    0    0    0   7.05    0.00   1.79   0.14   5.12  50.05  50.00  40.05  20.00  50.00  51.00  40.05   0.00
20:22:58   0.0   0.0   0.0 100.0   0.0    1    203    131    0    0    0   5.46    0.00   1.45   0.06   3.95  49.05  49.00  40.05  20.00  49.00  51.00  40.05   0.00
20:22:59   0.0   0.0   0.1  99.9   0.0    3    184    114    3    3    3   5.06    0.00   1.31   0.09   3.66  48.05  49.00  40.05  20.00  49.00  51.00  40.05   0.00
20:23:00  13.2   0.0   1.0  85.8   0.0    5  42391   5463   46    3    5  70.36    0.00  19.68  13.87  36.81  58.05  58.00  39.05  20.00  58.00  51.00  40.05   0.00
20:23:01  20.2   0.0   1.0  78.7   0.0    6  53643   5649    9    4    4 104.96    0.00  30.58  24.60  49.79  66.05  66.00  39.05  20.00  66.00  57.00  40.05   0.00
20:23:02  12.0   0.0   0.6  87.3   0.1    3  25742   5119   91    5   67  79.70    0.00  22.37  16.28  41.05  53.05  53.00  39.05  20.00  53.00  57.00  40.05   0.00
20:23:03  24.0   0.0   2.0  73.9   0.0    2  78871  15501   36    0    9  99.62    0.00  29.04  23.31  47.27  53.05  53.00  39.05  20.00  53.00  60.00  40.05   0.00
20:23:04  11.3   0.0   1.0  87.7   0.0    2  35667   9051   61   80   57  80.02    0.00  22.54  16.17  41.32  53.05  53.00  39.05  20.00  53.00  60.00  40.05   0.00
20:23:05  23.1   0.0   1.3  75.6   0.0   20  82483   8764   36   10   10 114.58    0.00  33.63  27.47  53.47  61.05  61.00  39.05  20.00  61.00  60.00  40.05   0.00
20:23:06  74.7   0.0   1.5  23.7   0.0   24  44236  14189    0    0    0 104.33    0.00  30.59  24.25  49.49  63.05  63.00  39.05  20.00  63.00  59.00  40.05   0.00
20:23:07  73.5   0.0   0.9  25.6   0.0   20  20860   7187    0    0    3 104.20    0.00  30.36  23.78  50.06  58.05  58.00  39.05  20.00  58.00  59.00  40.05   0.00
20:23:08  75.4   0.0   1.2  23.4   0.0   19  18917   7516    0    0    2 102.16    0.00  29.73  23.10  49.34  58.05  58.00  39.05  20.00  58.00  59.00  40.05   0.00
20:23:09  72.8   0.0   0.6  26.6   0.0   20  15043   7044    0    0    0 101.81    0.00  29.77  23.25  48.78  60.05  60.00  39.05  20.00  60.00  59.00  40.05   0.00
20:23:10  40.9   0.0   0.3  58.8   0.0    5  22173   5611    1    0    1 103.83    0.00  30.26  24.13  49.44  60.05  60.00  40.05  20.00  60.00  59.00  40.05   0.00
20:23:11  26.6   0.0   0.2  73.1   0.0    5  20048   3999    0    0    0  92.24    0.00  26.35  20.21  45.68  65.05  65.00  40.05  20.00  65.00  66.00  40.05   0.00
20:23:12  50.0   0.0   0.5  49.5   0.0    5  22680   6705   11    0    1  97.40    0.00  28.21  21.94  47.26  65.05  65.00  40.05  20.00  65.00  66.00  40.05   0.00
20:23:13  97.0   0.0   0.5   2.5   0.0   28  10316   8314   23    0    0 111.76    0.00  33.06  26.87  51.83  58.05  58.00  40.05  20.00  58.00  63.00  40.05   0.00
20:23:14  72.6   0.0   0.7  26.7   0.0    2  19387  45316    0    0    0  97.22    0.00  28.32  22.01  46.88  55.05  55.00  40.05  20.00  55.00  63.00  40.05   0.00
20:23:15  21.8   0.0   0.5  77.8   0.0    6  59521   7501    0    0    0  93.62    0.00  26.97  20.90  45.75  66.05  66.00  40.05  20.00  66.00  63.00  40.05   0.00
20:23:16  90.9   0.0   0.6   8.5   0.0   22  20615   8105    0    0    0 113.49    0.00  33.49  27.04  52.95  58.05  58.00  40.05  20.00  58.00  59.00  40.05   0.00
20:23:17  87.8   0.0   0.6  11.6   0.0   28  12029   8024    0    0    1 101.61    0.00  29.80  23.47  48.34  58.05  58.00  40.05  20.00  58.00  60.00  40.05   0.00
20:23:18  96.3   0.0   0.6   3.1   0.0   27  13844   9110    0    0    0 102.24    0.00  29.94  23.55  48.75  60.05  60.00  40.05  20.00  60.00  60.00  40.05   0.00
20:23:19  97.1   0.0   0.5   2.4   0.0    7  13610   8928    0    0    0 102.62    0.00  30.05  23.62  48.95  58.05  58.00  40.05  20.00  58.00  60.00  40.05   0.00
20:23:20  96.8   0.0   0.5   2.7   0.0   30  13278   8481    0    0    0 102.58    0.00  29.91  23.34  49.33  60.05  60.00  40.05  20.00  60.00  60.00  40.05   0.00
20:23:21  95.7   0.0   0.9   3.4   0.0   30  13502   8226    0    0    0 102.56    0.00  29.95  23.50  49.11  59.05  59.00  40.05  20.00  59.00  59.00  40.05   0.00
20:23:22  95.4   0.0   0.9   3.7   0.0   33  11928   8175    0    0    0 104.31    0.00  29.87  23.11  51.33  58.05  58.00  40.05  20.00  58.00  59.00  40.05   0.00
20:23:23  86.9   0.0   0.7  12.3   0.0   28  11438   7742    0    0    0 103.41    0.00  29.63  22.91  50.86  59.05  59.00  40.05  20.00  59.00  60.00  40.05   0.00
20:23:24  40.5   0.0   0.5  59.0   0.0   18  16060  20170    0    0    0  85.12    0.00  23.82  17.67  43.63  63.05  63.00  40.05  20.00  63.00  60.00  40.05   0.00
20:23:25  18.5   0.0   0.1  81.3   0.0    4   3932   1831    0    0    6  71.01    0.00  19.47  13.45  38.09  66.05  66.00  40.05  20.00  66.00  60.00  40.05   0.00
20:23:26  12.9   0.0   0.1  86.9   0.0    2   2419   1441    0    0    0  57.65    0.00  15.98  10.12  31.55  61.05  61.00  40.05  20.00  61.00  67.00  40.05   0.00
20:23:27   6.3   0.0   0.5  93.2   0.0    2   3141   2131    6    4  110  39.88    0.00  11.16   6.52  22.19  54.05  54.00  40.05  20.00  54.00  62.00  40.05   0.00
-------- ----- ----- ----- ----- ----- ---- ------ ------ ---- ---- ---- ------  ------ ------ ------ ------ ------ ------ ------ ------ ------ ------ ------ ------
 Average  49.5   0.0   0.7  49.8   0.0 13.2 22849.0 8256.7 10.4  3.5  9.0  85.87    0.00  24.81  19.06  42.00  58.53  58.52  39.73  20.00  58.52  59.35  40.05   0.00
 GeoMean   0.0   0.0   0.0  28.6   0.0  7.8 11721.7 5075.4  0.0  0.0  0.0  70.70    0.00  20.17  12.00  36.06  58.33  58.32  39.72  20.00  58.32  59.22  40.05   0.00
  StdDev  35.9   0.0   0.4  36.0   0.0 11.1 21041.9 7992.3 21.3 14.1 23.8  30.77    0.00   9.13   7.82  13.94   4.80   4.73   0.47   0.00   4.73   3.97   0.00   0.00
-------- ----- ----- ----- ----- ----- ---- ------ ------ ---- ---- ---- ------  ------ ------ ------ ------ ------ ------ ------ ------ ------ ------ ------ ------
 Minimum   0.0   0.0   0.0   2.4   0.0  1.0  157.0  114.0  0.0  0.0  0.0   5.06    0.00   1.31   0.06   3.66  48.05  49.00  39.05  20.00  49.00  51.00  40.05   0.00
 Maximum  97.1   0.0   2.0 100.0   0.1 33.0 82483.0 45316.0 91.0 80.0 110.0 114.58    0.00  33.63  27.47  53.47  66.05  66.00  40.05  20.00  66.00  67.00  40.05   0.00
-------- ----- ----- ----- ----- ----- ---- ------ ------ ---- ---- ---- ------  ------ ------ ------ ------ ------ ------ ------ ------ ------ ------ ------ ------
Summary:
CPU:  85.87 Watts on average with standard deviation 30.77 
Note: power read from RAPL domains: uncore, pkg-0, core, psys.
These readings do not cover all the hardware in this device.

Histogram (of 31 power measurements)

  Range (Watts)   Count
  5.064 -  16.015     3 ##########
 16.016 -  26.966     0 
 26.967 -  37.917     0 
 37.918 -  48.869     1 ###
 48.870 -  59.820     1 ###
 59.821 -  70.772     1 ###
 70.773 -  81.723     3 ##########
 81.724 -  92.675     2 ######
 92.676 - 103.626    12 ########################################
103.627 - 114.577     8 ##########################

Histogram (of 31 CPU utilization measurements)

 Range (%CPU)   Count
 0.042 -  9.795     4 ####################
 9.796 - 19.549     5 #########################
19.550 - 29.303     5 #########################
29.304 - 39.057     0 
39.058 - 48.811     2 ##########
48.812 - 58.565     1 #####
58.566 - 68.319     0 
68.320 - 78.073     5 #########################
78.074 - 87.827     1 #####
87.828 - 97.581     8 ########################################

Histogram (of 31 thermal zone TCPU readings)

 Range (°C)    Count
48.050 - 49.849     2 ##########
49.850 - 51.649     1 #####
51.650 - 53.449     3 ###############
53.450 - 55.249     2 ##########
55.250 - 57.049     0 
57.050 - 58.849     8 ########################################
58.850 - 60.649     6 ##############################
60.650 - 62.449     2 ##########
62.450 - 64.249     2 ##########
64.250 - 66.049     5 #########################

Histogram (of 31 thermal zone x86_pkg_temp readings)

 Range (°C)    Count
49.000 - 50.699     3 ############
50.700 - 52.399     0 
52.400 - 54.099     4 ################
54.100 - 55.799     1 ####
55.800 - 57.499     0 
57.500 - 59.199    10 ########################################
59.200 - 60.899     4 ################
60.900 - 62.599     2 ########
62.600 - 64.299     2 ########
64.300 - 65.999     5 ####################

Histogram (of 31 thermal zone SEN2 readings)

 Range (°C)    Count
39.050 - 39.149    10 ###################
39.150 - 39.249     0 
39.250 - 39.349     0 
39.350 - 39.449     0 
39.450 - 39.549     0 
39.550 - 39.649     0 
39.650 - 39.749     0 
39.750 - 39.849     0 
39.850 - 39.949     0 
39.950 - 40.049    21 ########################################

Range is zero, cannot produce histogram of thermal zone INT3400 Thermal

Histogram (of 31 thermal zone TCPU_PCI readings)

 Range (°C)    Count
49.000 - 50.699     3 ############
50.700 - 52.399     0 
52.400 - 54.099     4 ################
54.100 - 55.799     1 ####
55.800 - 57.499     0 
57.500 - 59.199    10 ########################################
59.200 - 60.899     4 ################
60.900 - 62.599     2 ########
62.600 - 64.299     2 ########
64.300 - 65.999     5 ####################

Histogram (of 31 thermal zone iwlwifi_1 readings)

 Range (°C)    Count
51.000 - 52.599     4 ################
52.600 - 54.199     0 
54.200 - 55.799     0 
55.800 - 57.399     2 ########
57.400 - 58.999     8 ################################
59.000 - 60.599    10 ########################################
60.600 - 62.199     1 ####
62.200 - 63.799     3 ############
63.800 - 65.399     0 
65.400 - 66.999     3 ############

Range is zero, cannot produce histogram of thermal zone acpitz

Range is zero, cannot produce histogram of thermal zone SEN3
