Running for 86400.0 seconds (86400 samples at 1.0 second intervals).
Power measurements will start in 0 seconds time.

  Time    User  Nice   Sys  Idle    IO  Run Ctxt/s  IRQ/s Fork Exec Exit  Watts  uncore  pkg-0   core   psys   TCPU x86_pk INT340   SEN3 TCPU_P iwlwif acpitz   SEN2
15:36:05   0.0   0.0   0.0 100.0   0.0    1    160    250    0    0    0   4.13    0.00   1.09   0.17   2.87  54.05  55.00  20.00  43.05  55.00  60.00  44.05   0.00
15:36:06   0.0   0.0   0.0  99.9   0.1    2    234    129    2    0    2   4.75    0.00   1.31   0.07   3.37  55.05  55.00  20.00  43.05  55.00  59.00  44.05   0.00
15:36:07   0.0   0.0   0.1  99.9   0.0    2    271    156    6    3    3   3.07    0.00   0.86   0.16   2.05  54.05  54.00  20.00  43.05  54.00  59.00  44.05   0.00
15:36:08   4.3   0.0   0.3  95.5   0.0    2   2261    705   13    0    0  40.18    0.00  11.82   6.48  21.88  62.05  62.00  20.00  43.05  62.00  57.00  44.05   0.00
15:36:09   4.1   0.0   0.2  95.7   0.0    2   1203    554    2    0    0  39.74    0.00  11.57   6.00  22.17  61.05  61.00  20.00  43.05  61.00  57.00  44.05   0.00
15:36:10   4.1   0.0   0.0  95.8   0.0    2   1030    529    1    0    0  38.71    0.00  11.40   6.03  21.28  61.05  61.00  20.00  43.05  61.00  57.00  44.05   0.00
15:36:11   4.2   0.0   0.0  95.8   0.0    2   1090    541    0    0    0  38.61    0.00  11.37   5.99  21.26  62.05  62.00  20.00  43.05  62.00  61.00  44.05   0.00
15:36:12   4.1   0.0   0.0  95.8   0.0    2   1030    482    0    0    0  38.30    0.00  11.27   5.91  21.12  60.05  60.00  20.00  43.05  60.00  62.00  44.05   0.00
15:36:13   4.1   0.0   0.0  95.8   0.0    2   1053    497    0    0    0  39.39    0.00  11.47   5.91  22.00  60.05  60.00  20.00  43.05  60.00  62.00  44.05   0.00
15:36:14   4.2   0.0   0.0  95.8   0.0    2    953    511    0    0    0  38.23    0.00  11.26   5.90  21.06  61.05  61.00  20.00  43.05  61.00  62.00  44.05   0.00
15:36:15   4.1   0.0   0.0  95.8   0.0    2   1109    531    0    0    0  38.30    0.00  11.27   5.92  21.11  61.05  61.00  20.00  43.05  61.00  61.00  44.05   0.00
15:36:16   4.2   0.0   0.0  95.8   0.0    2    876    499    0    0    0  38.19    0.00  11.26   5.91  21.02  61.05  61.00  20.00  43.05  61.00  61.00  44.05   0.00
15:36:17   4.1   0.0   0.0  95.8   0.0    2   1048    477    0    0    0  38.19    0.00  11.26   5.91  21.02  61.05  61.00  20.00  43.05  61.00  61.00  44.05   0.00
15:36:18   4.2   0.0   0.0  95.8   0.0    2    914    496    0    0    0  39.18    0.00  11.44   5.89  21.85  61.05  61.00  20.00  43.05  61.00  61.00  44.05   0.00
15:36:19   4.1   0.0   0.0  95.9   0.0    2   1078    510    0    0    0  38.21    0.00  11.26   5.91  21.04  61.05  61.00  20.00  43.05  61.00  61.00  44.05   0.00
15:36:20   4.1   0.0   0.0  95.8   0.0    2    880    489    0    0    0  39.17    0.00  11.45   5.90  21.82  60.05  60.00  20.00  43.05  60.00  61.00  44.05   0.00
15:36:21   4.1   0.0   0.0  95.9   0.0    2   1056    481    0    0    0  38.18    0.00  11.25   5.90  21.03  60.05  60.00  20.00  43.05  60.00  61.00  44.05   0.00
15:36:22   4.2   0.0   0.0  95.8   0.0    2    917    529    0    0    0  38.19    0.00  11.26   5.91  21.02  61.05  61.00  20.00  43.05  61.00  61.00  44.05   0.00
15:36:23   4.1   0.0   0.1  95.8   0.0    2   1242    635    0    0    0  40.72    0.00  11.57   6.15  23.00  60.05  60.00  20.00  43.05  61.00  61.00  44.05   0.00
15:36:24   4.2   0.0   0.1  95.7   0.1    2    927    533    0    0    0  41.43    0.00  11.54   5.92  23.97  61.05  60.00  20.00  43.05  60.00  61.00  44.05   0.00
15:36:25   4.1   0.0   0.0  95.9   0.0    2    894    484    0    0    0  40.10    0.00  11.30   5.89  22.91  60.05  60.00  20.00  43.05  60.00  61.00  44.05   0.00
15:36:26   4.2   0.0   0.0  95.8   0.0    2   1021    470    0    0    0  39.38    0.00  11.31   5.91  22.17  61.05  61.00  20.00  43.05  61.00  61.00  44.05   0.00
15:36:27   4.1   0.0   0.0  95.8   0.0    2    963    531    0    0    0  38.33    0.00  11.25   5.91  21.17  61.05  61.00  20.00  43.05  61.00  61.00  44.05   0.00
15:36:28   4.2   0.0   0.0  95.8   0.0    2   1020    508    0    0    0  38.15    0.00  11.27   5.90  20.99  60.05  60.00  20.00  43.05  60.00  61.00  44.05   0.00
15:36:29   4.1   0.0   0.0  95.9   0.0    2    906    495    0    0    0  38.15    0.00  11.24   5.90  21.01  60.05  60.00  20.00  43.05  60.00  61.00  44.05   0.00
15:36:30   4.2   0.0   0.0  95.8   0.0    2   1046    503    0    0    0  39.25    0.00  11.46   5.90  21.89  60.05  60.00  20.00  43.05  60.00  61.00  44.05   0.00
15:36:31   4.2   0.0   0.0  95.8   0.0    2    959    520    0    0    0  38.19    0.00  11.25   5.90  21.04  61.05  61.00  20.00  43.05  61.00  61.00  44.05   0.00
15:36:32   4.2   0.0   0.0  95.8   0.0    2   1048    474    0    0    0  38.14    0.00  11.25   5.90  20.99  60.05  60.00  20.00  43.05  60.00  61.00  44.05   0.00
15:36:33   4.2   0.0   0.0  95.8   0.0    2    911    508    0    0    1  38.17    0.00  11.25   5.90  21.02  60.05  60.00  20.00  43.05  60.00  61.00  44.05   0.00
15:36:34   4.2   0.0   0.0  95.8   0.0    2   1024    481    0    0    0  38.12    0.00  11.24   5.90  20.98  61.05  61.00  20.00  43.05  60.00  61.00  44.05   0.00
15:36:35   4.2   0.0   0.0  95.8   0.0    2    948    545    0    0    0  38.20    0.00  11.26   5.91  21.03  60.05  60.00  20.00  43.05  60.00  61.00  44.05   0.00
15:36:36   4.1   0.0   0.0  95.9   0.0    2    988    477    0    0    0  38.11    0.00  11.24   5.89  20.98  58.05  58.00  20.00  43.05  58.00  61.00  44.05   0.00
15:36:37   4.1   0.0   0.0  95.8   0.0    2    894    506    0    0    0  38.14    0.00  11.24   5.90  21.00  61.05  61.00  20.00  43.05  61.00  61.00  44.05   0.00
15:36:38   4.2   0.0   0.0  95.8   0.0    2   1189    512    0    0    0  38.33    0.00  11.28   5.93  21.11  60.05  60.00  20.00  43.05  60.00  61.00  44.05   0.00
15:36:39   4.2   0.0   0.0  95.8   0.0    2   1108    601    0    0    0  38.29    0.00  11.28   5.93  21.08  62.05  62.00  20.00  43.05  62.00  61.00  44.05   0.00
15:36:40   4.2   0.0   0.0  95.8   0.0    2    888    527    0    0    0  38.07    0.00  11.22   5.90  20.95  62.05  62.00  20.00  43.05  59.00  61.00  44.05   0.00
15:36:41   4.2   0.0   0.0  95.8   0.0    2   1034    521    0    0    0  38.20    0.00  11.25   5.91  21.03  60.05  60.00  20.00  43.05  60.00  61.00  44.05   0.00
15:36:42   4.2   0.0   0.0  95.8   0.0    2    916    520    0    0    0  38.14    0.00  11.24   5.92  20.99  60.05  60.00  20.00  43.05  59.00  61.00  44.05   0.00
15:36:43   4.1   0.0   0.0  95.8   0.0    2   1076    579    0    0    0  39.18    0.00  11.43   5.90  21.85  59.05  59.00  20.00  43.05  59.00  61.00  44.05   0.00
15:36:44   4.1   0.0   0.0  95.8   0.0    2    920    533    0    0    0  38.12    0.00  11.23   5.90  20.99  59.05  59.00  20.00  43.05  60.00  61.00  44.05   0.00
15:36:45   4.2   0.0   0.0  95.8   0.0    2   1052    543    0    0    0  39.22    0.00  11.43   5.91  21.88  59.05  59.00  20.00  43.05  60.00  61.00  44.05   0.00
15:36:46   4.1   0.0   0.0  95.8   0.0    2    900    558    0    0    0  38.11    0.00  11.24   5.92  20.95  60.05  60.00  20.00  43.05  60.00  61.00  44.05   0.00
15:36:47   4.1   0.0   0.0  95.8   0.0    2   1060    585    0    0    0  38.20    0.00  11.25   5.91  21.04  62.05  62.00  20.00  43.05  62.00  60.00  44.05   0.00
15:36:48   4.2   0.0   0.0  95.8   0.0    2    898    548    0    0    0  38.09    0.00  11.22   5.89  20.98  60.05  60.00  20.00  43.05  60.00  60.00  44.05   0.00
15:36:49   4.1   0.0   0.0  95.8   0.0    2   1191    701    0    0    0  40.94    0.00  11.55   6.14  23.25  59.05  59.00  20.00  43.05  59.00  60.00  44.05   0.00
15:36:50   4.2   0.0   0.1  95.7   0.0    2    902    578    0    0    0  40.15    0.00  11.30   5.91  22.94  59.05  59.00  20.00  43.05  60.00  60.00  44.05   0.00
15:36:51   4.2   0.0   0.0  95.8   0.0    2   1088    570    0    0    0  40.19    0.00  11.30   5.90  22.99  59.05  59.00  20.00  43.05  59.00  60.00  43.05   0.00
15:36:52   4.2   0.0   0.0  95.8   0.0    2    896    582    0    0    0  39.10    0.00  11.29   5.92  21.89  60.05  60.00  20.00  43.05  60.00  60.00  43.05   0.00
15:36:53   4.1   0.0   0.0  95.9   0.0    2   1034    536    0    0    0  38.27    0.00  11.26   5.91  21.11  59.05  59.00  20.00  43.05  59.00  61.00  43.05   0.00
15:36:54   4.1   0.0   0.0  95.8   0.0    2    894    562    0    0    0  38.22    0.00  11.25   5.91  21.06  59.05  59.00  20.00  43.05  59.00  61.00  43.05   0.00
15:36:55   4.2   0.0   0.0  95.8   0.0    2    934    570    0    0    0  38.16    0.00  11.26   5.90  21.00  59.05  59.00  20.00  43.05  59.00  60.00  43.05   0.00
15:36:56   4.2   0.0   0.0  95.8   0.0    2    996    556    0    0    0  38.35    0.00  11.29   5.94  21.12  60.05  60.00  20.00  43.05  60.00  60.00  43.05   0.00
15:36:57   4.2   0.0   0.0  95.7   0.0    2   1028    568    0    0    0  38.28    0.00  11.26   5.92  21.10  59.05  59.00  20.00  43.05  59.00  60.00  43.05   0.00
15:36:58   4.2   0.0   0.0  95.8   0.0    2    894    569    0    0    0  39.28    0.00  11.46   5.91  21.90  60.05  60.00  20.00  43.05  60.00  60.00  43.05   0.00
15:36:59   4.2   0.0   0.0  95.8   0.0    2   1080    592    0    0    0  39.38    0.00  11.49   5.92  21.97  60.05  60.00  20.00  43.05  60.00  60.00  43.05   0.00
15:37:00   4.2   0.0   0.0  95.8   0.0    2   1035    565    0    0    0  38.37    0.00  11.28   5.92  21.16  59.05  59.00  20.00  43.05  59.00  60.00  43.05   0.00
15:37:01   4.2   0.0   0.0  95.8   0.0    2    907    547    0    0    0  38.35    0.00  11.29   5.93  21.13  59.05  59.00  20.00  43.05  59.00  60.00  43.05   0.00
15:37:02   4.2   0.0   0.0  95.8   0.0    2   1089    600    0    0    0  38.45    0.00  11.30   5.95  21.20  60.05  60.00  20.00  43.05  59.00  60.00  43.05   0.00
15:37:03   4.1   0.0   0.0  95.9   0.0    2   1076    587    0    0    0  38.33    0.00  11.28   5.93  21.12  60.05  60.00  20.00  43.05  60.00  60.00  43.05   0.00
15:37:04   4.1   0.0   0.0  95.8   0.0    2    894    539    0    0    0  38.25    0.00  11.27   5.92  21.05  60.05  60.00  20.00  43.05  60.00  60.00  43.05   0.00
15:37:05   4.2   0.0   0.0  95.8   0.0    2   1047    550    0    0    0  39.31    0.00  11.46   5.92  21.93  60.05  60.00  20.00  43.05  59.00  60.00  43.05   0.00
15:37:06   4.2   0.0   0.0  95.8   0.0    2   1022    568    0    0    0  38.29    0.00  11.26   5.92  21.11  59.05  59.00  20.00  43.05  59.00  60.00  43.05   0.00
15:37:07   4.1   0.0   0.0  95.8   0.0    2    956    564    0    0    0  38.20    0.00  11.25   5.91  21.03  59.05  59.00  20.00  43.05  60.00  60.00  43.05   0.00
15:37:08   4.2   0.0   0.0  95.8   0.0    2   1352    605    0    0    0  38.49    0.00  11.31   5.96  21.23  59.05  59.00  20.00  43.05  59.00  60.00  43.05   0.00
15:37:09   4.2   0.0   0.0  95.7   0.0    2   1062    552    0    0    0  38.25    0.00  11.26   5.91  21.08  59.05  59.00  20.00  43.05  59.00  60.00  43.05   0.00
15:37:10   4.2   0.0   0.0  95.8   0.0    2    944    571    0    0    0  38.44    0.00  11.31   5.98  21.16  59.05  59.00  20.00  43.05  59.00  60.00  43.05   0.00
15:37:11   4.1   0.0   0.0  95.8   0.0    2   1090    568    0    0    0  38.28    0.00  11.27   5.91  21.10  60.05  60.00  20.00  43.05  59.00  60.00  43.05   0.00
15:37:12   4.2   0.0   0.0  95.8   0.0    2   1028    569    0    0    0  38.31    0.00  11.28   5.93  21.11  59.05  59.00  20.00  43.05  59.00  60.00  43.05   0.00
15:37:13   4.1   0.0   0.0  95.8   0.0    2    945    538    0    0    0  39.31    0.00  11.45   5.92  21.94  59.05  59.00  20.00  43.05  59.00  60.00  43.05   0.00
15:37:14   4.1   0.0   0.0  95.9   0.0    2   1060    563    0    0    0  38.20    0.00  11.24   5.91  21.05  59.05  59.00  20.00  43.05  59.00  60.00  43.05   0.00
15:37:15   4.1   0.0   0.0  95.8   0.0    2   1076    574    0    0    0  38.31    0.00  11.27   5.93  21.11  59.05  59.00  20.00  43.05  59.00  60.00  43.05   0.00
15:37:16   4.2   0.0   0.0  95.8   0.0    2    884    539    0    0    0  38.19    0.00  11.24   5.92  21.03  59.05  59.00  20.00  43.05  59.00  60.00  43.05   0.00
15:37:17   4.2   0.0   0.0  95.8   0.0    2   1052    544    0    0    0  38.27    0.00  11.26   5.92  21.09  59.05  59.00  20.00  43.05  60.00  60.00  43.05   0.00
15:37:18   4.1   0.0   0.0  95.9   0.0    2   1046    571    0    0    0  38.30    0.00  11.25   5.92  21.13  59.05  59.00  20.00  43.05  59.00  60.00  43.05   0.00
15:37:19   4.2   0.0   0.0  95.8   0.0    2    969    579    0    0    0  38.24    0.00  11.26   5.92  21.06  59.05  59.00  20.00  42.05  59.00  60.00  43.05   0.00
15:37:20   4.2   0.0   0.0  95.7   0.0    2   1008    561    0    0    0  38.15    0.00  11.23   5.91  21.02  60.05  60.00  20.00  42.05  60.00  60.00  43.05   0.00
15:37:21   4.2   0.0   0.0  95.8   0.0    2   1022    528    0    0    0  38.22    0.00  11.24   5.91  21.06  59.05  59.00  20.00  42.05  59.00  60.00  43.05   0.00
15:37:22   4.1   0.0   0.0  95.8   0.0    2    932    546    0    0    0  38.20    0.00  11.24   5.92  21.04  60.05  60.00  20.00  42.05  60.00  60.00  43.05   0.00
15:37:23   4.1   0.0   0.0  95.8   0.0    2   1237    771    0    0    0  41.72    0.00  11.81   6.23  23.68  59.05  59.00  20.00  42.05  59.00  60.00  43.05   0.00
15:37:24   4.2   0.0   0.0  95.8   0.0    8    940    572    0    0    0  40.29    0.00  11.31   5.92  23.07  59.05  59.00  20.00  43.05  59.00  60.00  43.05   0.00
15:37:25   4.2   0.0   0.0  95.8   0.0    2   1004    532    0    0    0  40.20    0.00  11.30   5.91  23.00  59.05  59.00  20.00  43.05  59.00  60.00  43.05   0.00
15:37:26   4.2   0.0   0.0  95.8   0.0    2   1046    531    0    0    0  39.63    0.00  11.30   5.92  22.41  59.05  59.00  20.00  43.05  59.00  60.00  43.05   0.00
15:37:27   4.2   0.0   0.0  95.8   0.0    2    945    567    0    0    0  38.45    0.00  11.27   5.92  21.27  59.05  59.00  20.00  43.05  60.00  60.00  43.05   0.00
15:37:28   4.2   0.0   0.0  95.8   0.0    2   1046    584    0    0    0  38.29    0.00  11.26   5.93  21.10  59.05  59.00  20.00  43.05  59.00  60.00  43.05   0.00
15:37:29   4.1   0.0   0.0  95.8   0.0    2   1050    536    0    0    0  38.37    0.00  11.30   5.92  21.15  59.05  59.00  20.00  43.05  59.00  60.00  43.05   0.00
15:37:30   4.1   0.0   0.0  95.9   0.0    2    888    526    0    0    0  38.25    0.00  11.26   5.92  21.07  59.05  59.00  20.00  42.05  59.00  60.00  43.05   0.00
15:37:31   4.2   0.0   0.1  95.7   0.0    2   1096    602    0    0    0  38.32    0.00  11.29   5.94  21.09  59.05  59.00  20.00  42.05  60.00  60.00  43.05   0.00
15:37:32   4.1   0.0   0.0  95.8   0.0    2   1028    575    0    0    0  38.31    0.00  11.28   5.93  21.09  59.05  59.00  20.00  42.05  59.00  60.00  43.05   0.00
15:37:33   4.2   0.0   0.0  95.8   0.0    2    906    547    0    0    0  39.32    0.00  11.47   5.93  21.92  59.05  59.00  20.00  42.05  59.00  59.00  43.05   0.00
15:37:34   4.1   0.0   0.1  95.8   0.0    2   1030    563    0    0    0  38.22    0.00  11.26   5.91  21.05  59.05  59.00  20.00  42.05  59.00  60.00  43.05   0.00
15:37:35   4.2   0.0   0.0  95.8   0.0    2   1079    576    0    0    0  38.27    0.00  11.28   5.92  21.08  59.05  59.00  20.00  42.05  59.00  60.00  43.05   0.00
15:37:36   4.2   0.0   0.0  95.8   0.0    2    864    535    0    0    0  38.31    0.00  11.28   5.92  21.10  60.05  60.00  20.00  42.05  60.00  60.00  43.05   0.00
15:37:37   4.2   0.0   0.0  95.8   0.0    2   1038    541    0    0    0  38.30    0.00  11.27   5.93  21.10  59.05  59.00  20.00  42.05  59.00  60.00  43.05   0.00
15:37:38   4.2   0.0   0.0  95.8   0.0    2   1048    556    0    0    0  40.37    0.00  11.66   5.92  22.80  59.05  59.00  20.00  42.05  59.00  60.00  43.05   0.00
15:37:39   4.1   0.0   0.0  95.8   0.0    2   1278    586    0    0    0  38.47    0.00  11.28   5.95  21.23  59.05  59.00  20.00  42.05  59.00  60.00  43.05   0.00
15:37:40   4.2   0.0   0.0  95.7   0.0    2   1018    554    0    0    0  38.18    0.00  11.25   5.90  21.03  59.05  59.00  20.00  42.05  59.00  59.00  43.05   0.00
15:37:41   4.1   0.0   0.1  95.8   0.0    2   1046    551    0    0    0  38.26    0.00  11.26   5.93  21.07  59.05  59.00  20.00  42.05  59.00  59.00  43.05   0.00
15:37:42   4.1   0.0   0.0  95.9   0.0    2    920    567    0    0    0  38.30    0.00  11.26   5.92  21.12  58.05  58.00  20.00  42.05  58.00  59.00  43.05   0.00
15:37:43   4.2   0.0   0.0  95.8   0.0    2   1070    550    0    0    0  38.24    0.00  11.25   5.91  21.09  59.05  59.00  20.00  42.05  59.00  59.00  43.05   0.00
15:37:44   4.1   0.0   0.0  95.8   0.0    2   1030    557    0    0    0  39.28    0.00  11.45   5.91  21.92  59.05  59.00  20.00  42.05  59.00  59.00  43.05   0.00
15:37:45   4.2   0.0   0.0  95.8   0.0    2    898    522    0    0    0  38.19    0.00  11.23   5.90  21.06  59.05  59.00  20.00  42.05  59.00  59.00  43.05   0.00
15:37:46   4.1   0.0   0.0  95.9   0.0    2   1016    560    0    0    0  38.27    0.00  11.26   5.93  21.09  59.05  59.00  20.00  42.05  59.00  59.00  43.05   0.00
15:37:47   4.2   0.0   0.1  95.8   0.0    2   1098    550    0    0    0  38.19    0.00  11.23   5.90  21.05  59.05  59.00  20.00  42.05  59.00  59.00  43.05   0.00
15:37:48   4.2   0.0   0.0  95.8   0.0    2    896    540    0    0    0  38.27    0.00  11.26   5.92  21.08  59.05  59.00  20.00  42.05  59.00  59.00  43.05   0.00
15:37:49   4.2   0.0   0.0  95.7   0.0    2   1219    673    0    0    0  40.81    0.00  11.59   6.18  23.04  59.05  59.00  20.00  42.05  59.00  59.00  43.05   0.00
15:37:50   4.2   0.0   0.0  95.8   0.0    2    996    563    0    0    0  40.33    0.00  11.35   5.93  23.06  59.05  59.00  20.00  42.05  59.00  59.00  43.05   0.00
15:37:51   4.1   0.0   0.0  95.8   0.0    2    961    549    0    0    1  40.24    0.00  11.31   5.92  23.02  59.05  59.00  20.00  42.05  59.00  59.00  43.05   0.00
15:37:52   4.2   0.0   0.0  95.8   0.0    2   1088    559    0    0    0  39.41    0.00  11.28   5.91  22.22  59.05  59.00  20.00  42.05  59.00  59.00  43.05   0.00
15:37:53   4.2   0.0   0.0  95.8   0.0    2   1056    546    0    0    0  38.46    0.00  11.28   5.93  21.25  59.05  59.00  20.00  42.05  59.00  59.00  43.05   0.00
15:37:54   4.2   0.0   0.0  95.8   0.0    2    922    564    0    0    0  38.41    0.00  11.29   5.96  21.16  59.05  59.00  20.00  42.05  59.00  59.00  43.05   0.00
15:37:55   4.2   0.0   0.0  95.8   0.0    2   1084    571    0    0    0  38.30    0.00  11.26   5.92  21.11  59.05  59.00  20.00  42.05  58.00  59.00  43.05   0.00
15:37:56   4.1   0.0   0.0  95.8   0.0    2   1032    526    0    0    0  38.23    0.00  11.25   5.90  21.08  58.05  58.00  20.00  42.05  57.00  59.00  43.05   0.00
15:37:57   4.1   0.0   0.0  95.9   0.0    2    902    515    0    0    0  38.24    0.00  11.26   5.92  21.07  59.05  59.00  20.00  42.05  59.00  59.00  43.05   0.00
15:37:58   4.2   0.0   0.0  95.8   0.0    2   1026    577    0    0    0  39.38    0.00  11.49   5.94  21.95  59.05  59.00  20.00  42.05  60.00  59.00  43.05   0.00
15:37:59   4.1   0.0   0.0  95.9   0.0    2   1080    558    0    0    0  39.23    0.00  11.43   5.90  21.90  59.05  59.00  20.00  42.05  59.00  59.00  43.05   0.00
15:38:00   4.1   0.0   0.0  95.8   0.0    2    907    549    0    0    0  38.27    0.00  11.25   5.91  21.10  59.05  59.00  20.00  42.05  59.00  59.00  43.05   0.00
15:38:01   4.1   0.0   0.0  95.8   0.0    2   1042    526    0    0    0  38.27    0.00  11.26   5.92  21.09  59.05  59.00  20.00  42.05  59.00  59.00  43.05   0.00
15:38:02   4.2   0.0   0.0  95.8   0.0    2   1050    584    0    0    0  38.38    0.00  11.32   5.95  21.11  59.05  59.00  20.00  42.05  59.00  59.00  43.05   0.00
15:38:03   4.1   0.0   0.0  95.8   0.0    2    974    596    0    0    0  39.41    0.00  11.49   5.93  21.99  59.05  59.00  20.00  42.05  59.00  60.00  43.05   0.00
15:38:04   4.1   0.0   0.0  95.9   0.0    2   1034    557    0    0    0  38.25    0.00  11.26   5.91  21.08  59.05  59.00  20.00  42.05  59.00  59.00  43.05   0.00
15:38:05   4.2   0.0   0.0  95.8   0.0    2   1030    573    0    0    0  38.27    0.00  11.27   5.92  21.08  59.05  59.00  20.00  42.05  59.00  59.00  43.05   0.00
15:38:06   4.2   0.0   0.0  95.8   0.0    2    908    565    0    0    0  38.27    0.00  11.27   5.92  21.08  59.05  59.00  20.00  42.05  59.00  59.00  43.05   0.00
15:38:07   4.2   0.0   0.0  95.8   0.0    2   1101    559    0    0    0  38.23    0.00  11.24   5.90  21.09  59.05  59.00  20.00  42.05  59.00  59.00  43.05   0.00
15:38:08   4.1   0.0   0.0  95.8   0.0    2    902    543    0    0    0  38.28    0.00  11.27   5.92  21.09  59.05  59.00  20.00  42.05  59.00  59.00  43.05   0.00
15:38:09   4.2   0.0   0.0  95.8   0.0    2   1356    573    0    0    0  38.45    0.00  11.29   5.94  21.21  59.05  59.00  20.00  42.05  59.00  59.00  43.05   0.00
15:38:10   4.2   0.0   0.0  95.8   0.0    2   1064    545    0    0    0  38.46    0.00  11.33   5.98  21.15  59.05  59.00  20.00  42.05  59.00  59.00  43.05   0.00
15:38:11   4.1   0.0   0.0  95.8   0.0    2    952    600    0    0    0  38.33    0.00  11.28   5.93  21.11  59.05  59.00  20.00  42.05  59.00  59.00  43.05   0.00
15:38:12   4.2   0.0   0.0  95.8   0.0    2   1042    564    0    0    0  38.25    0.00  11.26   5.91  21.08  59.05  59.00  20.00  42.05  59.00  59.00  43.05   0.00
15:38:13   4.1   0.0   0.0  95.8   0.0    2   1051    526    0    0    0  39.37    0.00  11.45   5.93  21.99  59.05  59.00  20.00  42.05  59.00  59.00  43.05   0.00
15:38:14   4.2   0.0   0.0  95.8   0.0    2    898    554    0    0    0  38.19    0.00  11.25   5.91  21.03  60.05  60.00  20.00  42.05  60.00  59.00  43.05   0.00
15:38:15   4.1   0.0   0.0  95.9   0.0    2   1068    563    0    0    0  38.29    0.00  11.27   5.92  21.10  59.05  59.00  20.00  42.05  59.00  59.00  43.05   0.00
15:38:16   4.1   0.0   0.0  95.8   0.0    2   1016    536    0    0    0  38.14    0.00  11.22   5.90  21.02  58.05  58.00  20.00  42.05  59.00  59.00  43.05   0.00
15:38:17   4.1   0.0   0.0  95.9   0.0    2    928    533    0    0    0  38.20    0.00  11.23   5.91  21.06  59.05  59.00  20.00  42.05  59.00  59.00  43.05   0.00
15:38:18   4.2   0.0   0.0  95.8   0.0    2   1069    574    0    0    0  39.28    0.00  11.45   5.93  21.91  59.05  59.00  20.00  42.05  59.00  60.00  43.05   0.00
15:38:19   4.1   0.0   0.0  95.8   0.0    2   1089    550    0    0    0  38.17    0.00  11.23   5.90  21.04  59.05  59.00  20.00  42.05  59.00  60.00  43.05   0.00
15:38:20   4.2   0.0   0.0  95.8   0.0    2    888    543    0    0    0  38.28    0.00  11.26   5.93  21.09  59.05  59.00  20.00  42.05  59.00  59.00  43.05   0.00
15:38:21   4.2   0.0   0.0  95.8   0.0    2   1039    517    0    0    0  38.23    0.00  11.25   5.92  21.07  59.05  59.00  20.00  42.05  59.00  59.00  43.05   0.00
15:38:22   4.1   0.0   0.0  95.8   0.0    2   1038    564    0    0    0  38.23    0.00  11.26   5.92  21.06  59.05  59.00  20.00  42.05  59.00  59.00  43.05   0.00
15:38:23   4.2   0.0   0.0  95.8   0.0    2   1113    713    0    0    0  41.50    0.00  11.71   6.13  23.65  59.05  59.00  20.00  42.05  59.00  60.00  43.05   0.00
15:38:24   4.1   0.0   0.0  95.9   0.0    2   1010    595    0    0    0  40.37    0.00  11.35   5.95  23.06  60.05  60.00  20.00  42.05  59.00  59.00  43.05   0.00
15:38:25   4.2   0.0   0.1  95.8   0.0    2   1044    526    0    0    0  40.30    0.00  11.35   5.93  23.02  59.05  59.00  20.00  42.05  59.00  59.00  43.05   0.00
15:38:26   4.1   0.0   0.0  95.9   0.0    2    912    509    0    0    0  39.50    0.00  11.29   5.91  22.31  59.05  59.00  20.00  42.05  59.00  59.00  43.05   0.00
15:38:27   4.1   0.0   0.0  95.9   0.0    2   1108    577    0    0    0  38.45    0.00  11.28   5.92  21.24  59.05  59.00  20.00  42.05  59.00  59.00  43.05   0.00
15:38:28   4.2   0.0   0.0  95.7   0.0    2   1018    546    0    0    0  38.19    0.00  11.24   5.90  21.05  58.05  58.00  20.00  42.05  58.00  59.00  43.05   0.00
15:38:29   4.1   0.0   0.0  95.8   0.0    2    930    555    0    0    0  39.31    0.00  11.46   5.92  21.94  59.05  59.00  20.00  42.05  59.00  59.00  43.05   0.00
15:38:30   4.1   0.0   0.0  95.8   0.0    2   1062    537    0    0    0  38.29    0.00  11.27   5.93  21.08  59.05  59.00  20.00  42.05  59.00  59.00  43.05   0.00
15:38:31   4.1   0.0   0.0  95.9   0.0    2    944    542    0    0    0  38.27    0.00  11.26   5.92  21.09  59.05  59.00  20.00  42.05  59.00  59.00  43.05   0.00
15:38:32   4.1   0.0   0.1  95.8   0.0    2   1045    443    0    0    0  38.25    0.00  11.27   5.92  21.06  59.05  59.00  20.00  42.05  59.00  59.00  43.05   0.00
15:38:33   4.2   0.0   0.0  95.8   0.0    2   1042    536    0    0    0  38.23    0.00  11.26   5.91  21.06  59.05  59.00  20.00  42.05  58.00  59.00  43.05   0.00
15:38:34   4.2   0.0   0.0  95.8   0.0    2    893    475    0    0    0  38.30    0.00  11.28   5.92  21.10  59.05  59.00  20.00  42.05  59.00  59.00  43.05   0.00
15:38:35   4.2   0.0   0.0  95.8   0.0    2   1044    576    0    0    0  38.29    0.00  11.29   5.92  21.07  59.05  59.00  20.00  42.05  59.00  59.00  43.05   0.00
15:38:36   4.2   0.0   0.0  95.8   0.0    2   1030    470    0    0    0  38.22    0.00  11.24   5.91  21.06  59.05  59.00  20.00  42.05  59.00  60.00  43.05   0.00
15:38:37   4.2   0.0   0.0  95.8   0.0    2    946    492    0    0    0  38.26    0.00  11.28   5.92  21.06  59.05  59.00  20.00  42.05  59.00  60.00  43.05   0.00
15:38:38   4.2   0.0   0.0  95.8   0.0    2   1040    518    0    0    0  39.29    0.00  11.45   5.92  21.91  59.05  59.00  20.00  42.05  59.00  60.00  43.05   0.00
15:38:39   4.2   0.0   0.0  95.8   0.0    2   1392    561    0    0    0  38.39    0.00  11.29   5.93  21.17  58.05  58.00  20.00  42.05  58.00  59.00  43.05   0.00
15:38:40   4.2   0.0   0.0  95.8   0.0    2    870    498    0    0    0  38.23    0.00  11.25   5.92  21.06  59.05  59.00  20.00  42.05  59.00  59.00  43.05   0.00
15:38:41   4.2   0.0   0.0  95.8   0.0    2   1038    526    0    0    0  38.23    0.00  11.25   5.91  21.07  59.05  59.00  20.00  42.05  59.00  59.00  43.05   0.00
15:38:42   4.1   0.0   0.0  95.9   0.0    2   1046    554    0    0    0  38.19    0.00  11.25   5.91  21.04  59.05  59.00  20.00  42.05  59.00  59.00  43.05   0.00
15:38:43   4.1   0.0   0.0  95.8   0.0    2    916    549    0    0    0  38.19    0.00  11.23   5.91  21.05  59.05  59.00  20.00  42.05  59.00  59.00  43.05   0.00
15:38:44   4.1   0.0   0.1  95.8   0.0    2   1053    583    0    0    0  39.27    0.00  11.44   5.92  21.91  59.05  59.00  20.00  42.05  59.00  60.00  43.05   0.00
15:38:45   4.2   0.0   0.0  95.8   0.0    2   1022    524    0    0    0  38.24    0.00  11.24   5.92  21.08  59.05  59.00  20.00  42.05  59.00  59.00  43.05   0.00
15:38:46   4.1   0.0   0.0  95.9   0.0    2    877    572    0    0    0  38.20    0.00  11.25   5.91  21.05  59.05  59.00  20.00  42.05  59.00  59.00  43.05   0.00
15:38:47   4.2   0.0   0.0  95.8   0.0    2   1092    577    0    0    0  38.20    0.00  11.25   5.92  21.03  59.05  59.00  20.00  42.05  59.00  59.00  43.05   0.00
15:38:48   4.2   0.0   0.1  95.7   0.0    2   1229    772    0    0    0  42.18    0.00  11.77   6.17  24.23  58.05  58.00  20.00  42.05  58.00  59.00  42.05   0.00
15:38:49   4.2   0.0   0.0  95.8   0.0    2    912    525    0    0    0  40.17    0.00  11.29   5.90  22.98  59.05  59.00  20.00  42.05  59.00  59.00  42.05   0.00
15:38:50   4.2   0.0   0.0  95.7   0.0    2   1030    564    0    0    0  40.26    0.00  11.32   5.93  23.00  59.05  59.00  20.00  42.05  59.00  59.00  42.05   0.00
15:38:51   4.2   0.0   0.1  95.7   0.0    2   1047    545    0    0    0  39.18    0.00  11.27   5.91  22.00  58.05  58.00  20.00  42.05  58.00  59.00  42.05   0.00
15:38:52   4.1   0.0   0.0  95.9   0.0    2    946    542    0    0    0  38.34    0.00  11.25   5.91  21.18  59.05  59.00  20.00  42.05  59.00  59.00  42.05   0.00
15:38:53   4.1   0.0   0.0  95.8   0.0    2   1038    563    0    0    0  39.37    0.00  11.48   5.93  21.96  59.05  59.00  20.00  42.05  59.00  59.00  42.05   0.00
15:38:54   4.2   0.0   0.1  95.8   0.0    2    894    591    0    0    0  38.35    0.00  11.30   5.94  21.12  59.05  59.00  20.00  42.05  59.00  59.00  42.05   0.00
15:38:55   4.3   0.0   0.0  95.6   0.0    2   1079    624    0    0    0  38.23    0.00  11.27   5.91  21.05  59.05  59.00  20.00  42.05  59.00  59.00  42.05   0.00
15:38:56   4.2   0.0   0.0  95.8   0.0    2   1020    538    0    0    0  38.24    0.00  11.26   5.91  21.06  59.05  59.00  20.00  42.05  59.00  59.00  42.05   0.00
15:38:57   4.1   0.0   0.0  95.8   0.0    2    920    542    0    0    0  38.29    0.00  11.28   5.92  21.09  58.05  58.00  20.00  42.05  58.00  59.00  42.05   0.00
15:38:58   4.1   0.0   0.0  95.9   0.0    2   1060    541    0    0    0  38.26    0.00  11.26   5.91  21.09  59.05  59.00  20.00  42.05  59.00  59.00  42.05   0.00
15:38:59   4.1   0.0   0.0  95.8   0.0    2   1098    564    0    0    0  39.26    0.00  11.45   5.91  21.90  59.05  59.00  20.00  42.05  59.00  59.00  42.05   0.00
15:39:00   4.2   0.0   0.0  95.8   0.0    2    939    564    0    0    0  38.22    0.00  11.25   5.91  21.06  59.05  59.00  20.00  42.05  59.00  59.00  42.05   0.00
15:39:01   4.2   0.0   0.0  95.8   0.0    2   1049    533    0    0    0  38.29    0.00  11.28   5.92  21.09  59.05  59.00  20.00  42.05  59.00  59.00  42.05   0.00
15:39:02   4.2   0.0   0.0  95.7   0.0    2   1088    546    0    0    0  38.27    0.00  11.26   5.92  21.08  59.05  59.00  20.00  42.05  59.00  59.00  42.05   0.00
15:39:03   4.1   0.0   0.0  95.8   0.0    2    962    571    0    0    0  39.28    0.00  11.46   5.92  21.90  59.05  59.00  20.00  42.05  59.00  59.00  42.05   0.00
15:39:04   4.2   0.0   0.0  95.8   0.0    2   1006    554    0    0    0  38.24    0.00  11.26   5.92  21.06  59.05  59.00  20.00  42.05  59.00  59.00  42.05   0.00
15:39:05   4.2   0.0   0.0  95.8   0.0    2   1047    536    0    0    0  38.23    0.00  11.25   5.91  21.06  59.05  59.00  20.00  42.05  59.00  59.00  42.05   0.00
15:39:06   4.1   0.0   0.0  95.9   0.0    2    892    537    0    0    0  38.24    0.00  11.27   5.92  21.05  59.05  59.00  20.00  42.05  59.00  59.00  42.05   0.00
15:39:07   4.2   0.0   0.0  95.8   0.0    2   1067    555    0    0    0  38.28    0.00  11.27   5.92  21.09  58.05  58.00  20.00  42.05  58.00  59.00  42.05   0.00
15:39:08   4.2   0.0   0.0  95.8   0.0    2   1034    559    0    0    0  38.28    0.00  11.28   5.92  21.08  59.05  58.00  20.00  42.05  58.00  59.00  43.05   0.00
15:39:09   4.2   0.0   0.0  95.8   0.0    2   1206    565    0    0    0  38.37    0.00  11.30   5.95  21.12  58.05  58.00  20.00  42.05  58.00  59.00  43.05   0.00
15:39:10   4.2   0.0   0.0  95.8   0.0    2   1059    530    0    0    0  38.31    0.00  11.29   5.93  21.09  59.05  59.00  20.00  42.05  59.00  59.00  43.05   0.00
15:39:11   4.2   0.0   0.0  95.8   0.0    1   1061    555    0    0    0  38.19    0.00  11.24   5.90  21.05  59.05  59.00  20.00  42.05  59.00  59.00  43.05   0.00
15:39:12   4.2   0.0   0.0  95.8   0.0    2    951    548    0    0    0  38.29    0.00  11.28   5.92  21.09  59.05  59.00  20.00  42.05  59.00  59.00  43.05   0.00
15:39:13   4.1   0.0   0.0  95.8   0.0    2   1051    532    0    0    0  39.26    0.00  11.43   5.91  21.91  59.05  59.00  20.00  42.05  59.00  59.00  43.05   0.00
15:39:14   4.1   0.0   0.0  95.8   0.0    2    898    556    0    0    0  38.23    0.00  11.25   5.92  21.06  59.05  59.00  20.00  42.05  59.00  59.00  43.05   0.00
15:39:15   4.2   0.0   0.0  95.8   0.0    2   1047    586    0    0    0  38.31    0.00  11.28   5.92  21.10  59.05  59.00  20.00  42.05  59.00  59.00  43.05   0.00
15:39:16   4.1   0.0   0.1  95.8   0.0    2   1032    547    0    0    0  38.14    0.00  11.23   5.90  21.01  59.05  59.00  20.00  42.05  59.00  59.00  43.05   0.00
15:39:17   4.1   0.0   0.0  95.9   0.0    2    910    512    0    0    0  38.19    0.00  11.24   5.92  21.03  59.05  59.00  20.00  42.05  59.00  59.00  43.05   0.00
15:39:18   4.2   0.0   0.0  95.8   0.0    2   1046    565    0    0    0  38.21    0.00  11.24   5.92  21.05  59.05  59.00  20.00  42.05  59.00  59.00  42.05   0.00
15:39:19   4.1   0.0   0.0  95.8   0.0    2   1101    565    0    0    0  39.22    0.00  11.43   5.91  21.88  59.05  59.00  20.00  42.05  59.00  59.00  42.05   0.00
15:39:20   4.1   0.0   0.0  95.8   0.0    2    911    520    0    0    0  38.20    0.00  11.24   5.92  21.04  59.05  59.00  20.00  42.05  59.00  59.00  42.05   0.00
15:39:21   4.2   0.0   0.0  95.8   0.0    2   1009    516    0    0    0  38.23    0.00  11.25   5.92  21.06  59.05  59.00  20.00  42.05  59.00  59.00  42.05   0.00
15:39:22   4.1   0.0   0.0  95.8   0.0    2   1060    544    0    0    0  38.17    0.00  11.24   5.91  21.02  58.05  58.00  20.00  42.05  58.00  59.00  42.05   0.00
15:39:23   4.2   0.0   0.1  95.7   0.0    2   1120    685    0    0    0  40.81    0.00  11.56   6.15  23.09  59.05  59.00  20.00  42.05  59.00  59.00  42.05   0.00
15:39:24   4.1   0.0   0.0  95.9   0.0    2   1036    568    0    0    0  40.30    0.00  11.34   5.93  23.02  58.05  58.00  20.00  42.05  58.00  59.00  42.05   0.00
15:39:25   4.2   0.0   0.0  95.8   0.0    2   1029    538    0    0    0  40.23    0.00  11.31   5.91  23.01  59.05  59.00  20.00  42.05  59.00  59.00  42.05   0.00
15:39:26   4.1   0.0   0.0  95.9   0.0    2    896    527    0    0    0  39.38    0.00  11.30   5.93  22.16  59.05  59.00  20.00  42.05  59.00  59.00  42.05   0.00
15:39:27   4.2   0.0   0.0  95.7   0.0    2   1109    547    0    0    0  39.41    0.00  11.46   5.91  22.04  58.05  58.00  20.00  42.05  58.00  59.00  42.05   0.00
15:39:28   4.1   0.0   0.0  95.9   0.0    2   1036    545    0    0    0  38.38    0.00  11.30   5.95  21.13  58.05  58.00  20.00  42.05  58.00  59.00  42.05   0.00
15:39:29   4.1   0.0   0.1  95.8   0.0    2    929    525    0    0    0  38.20    0.00  11.25   5.91  21.04  59.05  59.00  20.00  42.05  59.00  59.00  42.05   0.00
15:39:30   4.2   0.0   0.0  95.8   0.0    2   1022    514    0    0    0  38.27    0.00  11.27   5.92  21.08  58.05  58.00  20.00  42.05  59.00  59.00  42.05   0.00
15:39:31   4.2   0.0   0.0  95.8   0.0    2   1074    528    0    0    0  38.28    0.00  11.26   5.92  21.09  58.05  58.00  20.00  42.05  58.00  59.00  42.05   0.00
15:39:32   4.1   0.0   0.0  95.9   0.0    2    924    544    0    0    0  38.27    0.00  11.26   5.92  21.10  59.05  59.00  20.00  42.05  58.00  59.00  42.05   0.00
15:39:33   4.2   0.0   0.0  95.8   0.0    2   1058    524    0    0    0  38.26    0.00  11.28   5.92  21.05  57.05  57.00  20.00  42.05  58.00  59.00  42.05   0.00
15:39:34   4.1   0.0   0.0  95.8   0.0    2    914    559    0    0    0  39.25    0.00  11.45   5.91  21.89  58.05  58.00  20.00  42.05  58.00  59.00  42.05   0.00
15:39:35   4.1   0.0   0.0  95.8   0.0    2   1073    568    0    0    0  38.32    0.00  11.29   5.93  21.09  59.05  59.00  20.00  42.05  59.00  59.00  42.05   0.00
15:39:36   4.2   0.0   0.0  95.8   0.0    2   1042    534    0    0    0  38.19    0.00  11.24   5.91  21.04  58.05  58.00  20.00  42.05  59.00  59.00  42.05   0.00
15:39:37   4.1   0.0   0.1  95.8   0.0    2    929    531    0    0    0  39.30    0.00  11.47   5.91  21.92  58.05  58.00  20.00  42.05  58.00  59.00  42.05   0.00
15:39:38   4.1   0.0   0.1  95.8   0.0    2   1047    564    0    0    0  38.38    0.00  11.28   5.94  21.15  58.05  59.00  20.00  42.05  59.00  59.00  42.05   0.00
15:39:39   4.2   0.0   0.0  95.8   0.0    2   1097    544    0    0    0  38.21    0.00  11.25   5.92  21.05  59.05  59.00  20.00  42.05  59.00  59.00  42.05   0.00
15:39:40   4.1   0.0   0.0  95.9   0.0    2   1208    549    0    0    0  38.29    0.00  11.26   5.93  21.11  58.05  58.00  20.00  42.05  58.00  59.00  42.05   0.00
15:39:41   4.1   0.0   0.0  95.9   0.0    2   1034    505    0    0    0  38.21    0.00  11.25   5.92  21.05  59.05  59.00  20.00  42.05  59.00  59.00  42.05   0.00
15:39:42   4.2   0.0   0.0  95.8   0.0    2   1064    578    0    0    0  39.25    0.00  11.44   5.92  21.89  59.05  59.00  20.00  42.05  59.00  59.00  42.05   0.00
15:39:43   4.1   0.0   0.0  95.8   0.0    2    952    533    0    0    0  38.19    0.00  11.23   5.91  21.04  58.05  58.00  20.00  42.05  58.00  59.00  42.05   0.00
15:39:44   4.1   0.0   0.0  95.9   0.0    2   1046    561    0    0    0  38.14    0.00  11.22   5.90  21.02  59.05  59.00  20.00  42.05  58.00  59.00  42.05   0.00
15:39:45   4.2   0.0   0.1  95.8   0.0    2   1046    513    0    0    0  38.23    0.00  11.25   5.92  21.06  58.05  58.00  20.00  42.05  58.00  59.00  42.05   0.00
15:39:46   4.1   0.0   0.0  95.9   0.0    2    900    553    0    0    0  38.20    0.00  11.25   5.92  21.04  59.05  59.00  20.00  42.05  59.00  59.00  42.05   0.00
15:39:47   4.1   0.0   0.0  95.8   0.0    2   1097    569    0    0    0  38.22    0.00  11.25   5.92  21.05  59.05  59.00  20.00  42.05  59.00  59.00  42.05   0.00
15:39:48   4.1   0.0   0.0  95.9   0.0    3   1049    546    0    0    0  38.23    0.00  11.25   5.92  21.06  59.05  59.00  20.00  42.05  59.00  59.00  42.05   0.00
15:39:49   4.2   0.0   0.0  95.8   0.0    2   1077    617    0    0    0  41.99    0.00  11.60   6.17  24.22  59.05  59.00  20.00  42.05  59.00  59.00  42.05   0.00
15:39:50   4.2   0.0   0.0  95.8   0.0    2   1044    572    0    0    0  40.23    0.00  11.30   5.92  23.01  59.05  59.00  20.00  42.05  59.00  59.00  42.05   0.00
15:39:51   4.2   0.0   0.0  95.8   0.0    2    965    550    0    0    0  40.24    0.00  11.31   5.93  22.99  59.05  59.00  20.00  42.05  59.00  59.00  42.05   0.00
15:39:52   4.1   0.0   0.0  95.8   0.0    2   1123    524    0    0    1  40.16    0.00  11.50   5.94  22.72  58.05  58.00  20.00  42.05  58.00  59.00  42.05   0.00
15:39:53   4.1   0.0   0.1  95.8   0.0    2   1056    518    0    0    0  38.31    0.00  11.26   5.91  21.14  58.05  58.00  20.00  42.05  58.00  59.00  42.05   0.00
15:39:54   4.2   0.0   0.0  95.8   0.0    2    933    541    0    0    0  38.33    0.00  11.28   5.95  21.10  58.05  58.00  20.00  42.05  58.00  59.00  42.05   0.00
15:39:55   4.2   0.0   0.0  95.8   0.0    2   1048    506    0    0    0  38.32    0.00  11.31   5.93  21.07  59.05  59.00  20.00  42.05  59.00  59.00  42.05   0.00
15:39:56   4.1   0.0   0.0  95.9   0.0    2   1008    500    0    0    0  38.22    0.00  11.24   5.91  21.06  59.05  59.00  20.00  42.05  58.00  59.00  42.05   0.00
15:39:57   4.2   0.0   0.0  95.7   0.0    2    918    529    0    0    0  39.26    0.00  11.45   5.92  21.90  59.05  59.00  20.00  42.05  59.00  59.00  42.05   0.00
15:39:58   4.1   0.0   0.0  95.9   0.0    2   1038    573    0    0    0  38.33    0.00  11.29   5.95  21.10  58.05  58.00  20.00  42.05  58.00  59.00  42.05   0.00
15:39:59   4.2   0.0   0.0  95.8   0.0    2   1078    546    0    0    0  38.29    0.00  11.27   5.92  21.09  58.05  58.00  20.00  42.05  59.00  59.00  42.05   0.00
15:40:00   4.1   0.0   0.0  95.8   0.0    2    912    531    0    0    0  38.28    0.00  11.26   5.92  21.10  58.05  58.00  20.00  42.05  58.00  59.00  42.05   0.00
15:40:01   4.1   0.0   0.0  95.9   0.0    2   1030    491    0    0    0  38.24    0.00  11.26   5.92  21.05  58.05  58.00  20.00  42.05  58.00  59.00  42.05   0.00
15:40:02   4.2   0.0   0.0  95.8   0.0    2   1056    553    0    0    0  39.29    0.00  11.46   5.93  21.91  58.05  58.00  20.00  42.05  58.00  59.00  42.05   0.00
15:40:03   4.1   0.0   0.0  95.8   0.0    2    962    567    0    0    0  38.25    0.00  11.26   5.92  21.06  58.05  58.00  20.00  42.05  58.00  59.00  42.05   0.00
15:40:04   4.1   0.0   0.0  95.8   0.0    2   1028    528    0    0    0  38.35    0.00  11.28   5.95  21.12  58.05  58.00  20.00  42.05  58.00  59.00  42.05   0.00
15:40:05   4.2   0.0   0.0  95.8   0.0    2   1036    506    0    0    0  38.22    0.00  11.26   5.91  21.05  58.05  58.00  20.00  42.05  58.00  59.00  42.05   0.00
15:40:06   4.2   0.0   0.0  95.8   0.0    2    890    536    0    0    0  38.24    0.00  11.27   5.92  21.05  58.05  58.00  20.00  42.05  58.00  59.00  42.05   0.00
15:40:07   4.1   0.0   0.0  95.8   0.0    2   1120    556    0    0    0  39.35    0.00  11.48   5.93  21.95  59.05  59.00  20.00  42.05  59.00  59.00  42.05   0.00
-------- ----- ----- ----- ----- ----- ---- ------ ------ ---- ---- ---- ------  ------ ------ ------ ------ ------ ------ ------ ------ ------ ------ ------ ------
 Average   4.1   0.0   0.0  95.9   0.0  2.0 1012.3  545.6  0.1  0.0  0.0  38.27    0.00  11.19   5.86  21.23  59.15  59.10  20.00  42.38  59.09  59.54  42.95   0.00
 GeoMean   0.0   0.0   0.0  95.9   0.0  2.0  997.3  540.9  0.0  0.0  0.0  37.61    0.00  10.99   5.65  20.91  59.14  59.09  20.00  42.38  59.09  59.54  42.95   0.00
  StdDev   0.5   0.0   0.0   0.5   0.0  0.4  148.9   58.7  0.9  0.2  0.3   3.92    0.00   1.13   0.64   2.18   0.99   0.97   0.00   0.47   0.96   0.83   0.68   0.00
-------- ----- ----- ----- ----- ----- ---- ------ ------ ---- ---- ---- ------  ------ ------ ------ ------ ------ ------ ------ ------ ------ ------ ------ ------
 Minimum   0.0   0.0   0.0  95.5   0.0  1.0  160.0  129.0  0.0  0.0  0.0   3.07    0.00   0.86   0.07   2.05  54.05  54.00  20.00  42.05  54.00  57.00  42.05   0.00
 Maximum   4.3   0.0   0.3 100.0   0.1  8.0 2261.0  772.0 13.0  3.0  3.0  42.18    0.00  11.82   6.48  24.23  62.05  62.00  20.00  43.05  62.00  62.00  44.05   0.00
-------- ----- ----- ----- ----- ----- ---- ------ ------ ---- ---- ---- ------  ------ ------ ------ ------ ------ ------ ------ ------ ------ ------ ------ ------
Summary:
CPU:  38.27 Watts on average with standard deviation 3.92  
Note: power read from RAPL domains: uncore, pkg-0, core, psys.
These readings do not cover all the hardware in this device.

Histogram (of 243 power measurements)

 Range (Watts)  Count
 3.071 -  6.980     3 
 6.981 - 10.891     0 
10.892 - 14.801     0 
14.802 - 18.712     0 
18.713 - 22.623     0 
22.624 - 26.533     0 
26.534 - 30.444     0 
30.445 - 34.354     0 
34.355 - 38.265    94 #########################
38.266 - 42.175   146 ########################################

Histogram (of 243 CPU utilization measurements)

Range (%CPU)  Count
0.042 - 0.491     3 
0.492 - 0.942     0 
0.943 - 1.393     0 
1.394 - 1.844     0 
1.845 - 2.294     0 
2.295 - 2.745     0 
2.746 - 3.196     0 
3.197 - 3.647     0 
3.648 - 4.097     2 
4.098 - 4.548   238 ########################################

Histogram (of 243 thermal zone TCPU readings)

 Range (°C)    Count
54.050 - 54.849     2 
54.850 - 55.649     1 
55.650 - 56.449     0 
56.450 - 57.249     1 
57.250 - 58.049    36 #########
58.050 - 58.849     0 
58.850 - 59.649   152 ########################################
59.650 - 60.449    31 ########
60.450 - 61.249    15 ###
61.250 - 62.049     5 #

Histogram (of 243 thermal zone x86_pkg_temp readings)

 Range (°C)    Count
54.000 - 54.799     1 
54.800 - 55.599     2 
55.600 - 56.399     0 
56.400 - 57.199     1 
57.200 - 57.999    36 #########
58.000 - 58.799     0 
58.800 - 59.599   152 ########################################
59.600 - 60.399    32 ########
60.400 - 61.199    14 ###
61.200 - 61.999     5 #

Range is zero, cannot produce histogram of thermal zone INT3400 Thermal

Histogram (of 243 thermal zone SEN3 readings)

 Range (°C)    Count
42.050 - 42.149   163 ########################################
42.150 - 42.249     0 
42.250 - 42.349     0 
42.350 - 42.449     0 
42.450 - 42.549     0 
42.550 - 42.649     0 
42.650 - 42.749     0 
42.750 - 42.849     0 
42.850 - 42.949     0 
42.950 - 43.049    80 ###################

Histogram (of 243 thermal zone TCPU_PCI readings)

 Range (°C)    Count
54.000 - 54.799     1 
54.800 - 55.599     2 
55.600 - 56.399     0 
56.400 - 57.199     1 
57.200 - 57.999    37 #########
58.000 - 58.799     0 
58.800 - 59.599   149 ########################################
59.600 - 60.399    35 #########
60.400 - 61.199    14 ###
61.200 - 61.999     4 #

Histogram (of 243 thermal zone iwlwifi_1 readings)

 Range (°C)    Count
57.000 - 57.499     3 
57.500 - 57.999     0 
58.000 - 58.499     0 
58.500 - 58.999   143 ########################################
59.000 - 59.499     0 
59.500 - 59.999    59 ################
60.000 - 60.499     0 
60.500 - 60.999    35 #########
61.000 - 61.499     0 
61.500 - 61.999     3 

Histogram (of 243 thermal zone acpitz readings)

 Range (°C)    Count
42.050 - 42.249    70 ######################
42.250 - 42.449     0 
42.450 - 42.649     0 
42.650 - 42.849     0 
42.850 - 43.049   127 ########################################
43.050 - 43.249     0 
43.250 - 43.449     0 
43.450 - 43.649     0 
43.650 - 43.849     0 
43.850 - 44.049    46 ##############

Range is zero, cannot produce histogram of thermal zone SEN2
