Running for 86400.0 seconds (86400 samples at 1.0 second intervals).
Power measurements will start in 0 seconds time.

  Time    User  Nice   Sys  Idle    IO  Run Ctxt/s  IRQ/s Fork Exec Exit  Watts  uncore  pkg-0   core   psys   TCPU x86_pk INT340   SEN3 TCPU_P iwlwif acpitz   SEN2
00:43:09   0.0   0.0   0.0 100.0   0.0    1    171    301    0    0    0   4.37    0.00   1.16   0.17   3.04  50.05  50.00  20.00  40.05  50.00  52.00  40.05   0.00
00:43:10   0.1   0.0   0.0  99.9   0.0    1    177     98    0    0    0   2.20    0.00   0.60   0.09   1.51  50.05  50.00  20.00  40.05  50.00  53.00  40.05   0.00
00:43:11   0.1   0.0   0.1  99.8   0.0    2    324    162    9    6    8   3.32    0.00   0.95   0.17   2.20  48.05  48.00  20.00  40.05  48.00  53.00  40.05   0.00
00:43:12  16.8   0.0   1.2  82.0   0.0    7  35160   5284   42    0    0  97.22    0.00  28.41  22.93  45.87  71.05  71.00  20.00  40.05  71.00  52.00  40.05   0.00
00:43:13  19.4   0.0   0.7  79.8   0.1    5  28701   4731   37    7   28 106.24    0.00  31.18  25.64  49.42  67.05  67.00  20.00  40.05  67.00  52.00  40.05   0.00
00:43:14  12.5   0.0   1.4  86.1   0.0   14  37126   8311   83    2   39  77.51    0.00  22.14  16.38  38.98  61.05  61.00  20.00  40.05  61.00  52.00  40.05   0.00
00:43:15  21.5   0.0   1.3  77.2   0.0    4  86997  16290    4    0    9  86.96    0.00  25.46  19.95  41.55  58.05  58.00  20.00  40.05  58.00  69.00  40.05   0.00
00:43:16  10.6   0.0   0.8  88.6   0.0    4  19293   3818   56   74   55  77.72    0.00  21.91  15.64  40.17  62.05  62.00  20.00  40.05  62.00  61.00  40.05   0.00
00:43:17  22.1   0.0   0.6  77.3   0.0   18  39665   5241   31    0    0 117.68    0.00  34.91  29.13  53.63  68.05  68.00  20.00  40.05  68.00  61.00  40.05   0.00
00:43:18  75.2   0.0   1.8  23.0   0.0   21  52794  14807    1    0    1 105.08    0.00  31.00  24.69  49.39  58.05  58.00  20.00  40.05  58.00  62.00  40.05   0.00
00:43:19  79.9   0.0   0.7  19.3   0.0   20  17573   7237    0    0    0 101.78    0.00  29.94  23.46  48.38  59.05  59.00  20.00  40.05  60.00  62.00  40.05   0.00
00:43:20  71.8   0.0   1.1  27.1   0.0   20  23669   7647    0    0    2 101.68    0.00  30.03  23.75  47.91  58.05  58.00  20.00  40.05  58.00  60.00  40.05   0.00
00:43:21  74.3   0.0   0.4  25.3   0.0   19  11276   6778    0    0    0 101.49    0.00  29.84  23.41  48.24  60.05  60.00  20.00  40.05  58.00  60.00  40.05   0.00
00:43:22  45.6   0.0   0.3  54.1   0.0   20  16515   5378    1    0    1  97.72    0.00  28.04  21.93  47.74  69.05  69.00  20.00  40.05  69.00  60.00  40.05   0.00
00:43:23  34.6   0.0   0.3  65.1   0.1    5  14790   4071    1    0    2  98.81    0.00  28.42  22.53  47.87  73.05  73.00  20.00  40.05  73.00  60.00  40.05   0.00
00:43:24  63.1   0.0   0.7  36.2   0.0   29  26059   8217   36    0    0 114.83    0.00  33.49  27.24  54.10  64.05  64.00  20.00  40.05  64.00  60.00  40.05   0.00
00:43:25  99.0   0.0   0.4   0.6   0.0   28   6299   7864    0    0    1 101.45    0.00  29.98  24.12  47.36  59.05  59.00  20.00  40.05  59.00  67.00  40.05   0.00
00:43:26  97.8   0.0   0.5   1.7   0.0   28   4947   6987    0    0    1 104.14    0.00  30.86  24.85  48.43  62.05  62.00  20.00  40.05  62.00  61.00  40.05   0.00
00:43:27  75.2   0.0   0.8  24.1   0.0    2  16198  42288    0    0    0  96.52    0.00  28.55  22.54  45.43  55.05  55.00  20.00  40.05  55.00  61.00  40.05   0.00
00:43:28  76.1   0.0   0.7  23.2   0.0   24  30137   8218    2    0    1 106.24    0.00  31.42  25.20  49.61  60.05  60.00  20.00  40.05  60.00  60.00  40.05   0.00
00:43:29  95.0   0.0   0.7   4.3   0.0   29  12660   7436    0    0    0 100.74    0.00  29.74  23.54  47.45  58.05  58.00  20.00  40.05  58.00  60.00  40.05   0.00
00:43:30  87.0   0.0   0.7  12.3   0.0    2  18852   8085    0    0    0 101.50    0.00  30.05  23.79  47.67  59.05  59.00  20.00  40.05  59.00  59.00  40.05   0.00
00:43:31  96.5   0.0   0.7   2.9   0.0   30   9955   7351    0    0    0  99.86    0.00  29.47  23.23  47.16  58.05  58.00  20.00  40.05  58.00  59.00  40.05   0.00
00:43:32  96.8   0.0   0.6   2.6   0.0   28  10976   7928    0    0    0 100.56    0.00  29.68  23.41  47.47  58.05  58.00  20.00  40.05  59.00  59.00  40.05   0.00
00:43:33  96.6   0.0   0.6   2.8   0.0   29  11375   7888    0    0    0 100.68    0.00  29.70  23.40  47.58  58.05  58.00  20.00  40.05  58.00  59.00  40.05   0.00
00:43:34  95.9   0.0   0.8   3.3   0.0   28  11741   7846    0    0    0 100.50    0.00  29.51  23.01  47.97  59.05  59.00  20.00  40.05  59.00  59.00  41.05   0.00
00:43:35  95.8   0.0   0.6   3.6   0.0   26  12218   7617    0    0    0 100.40    0.00  29.59  23.26  47.54  59.05  59.00  20.00  40.05  59.00  60.00  41.05   0.00
00:43:36  95.7   0.0   0.7   3.6   0.0   28  10057   7218    0    0    0 100.08    0.00  29.50  23.18  47.40  59.05  59.00  20.00  40.05  59.00  60.00  41.05   0.00
00:43:37  95.3   0.0   1.1   3.6   0.0   28  11213   7301    0    0    0 100.58    0.00  29.63  23.27  47.68  59.05  59.00  20.00  40.05  59.00  60.00  41.05   0.00
00:43:38  94.4   0.0   0.9   4.7   0.0   28  19454   8186    0    0    0 100.49    0.00  29.59  23.26  47.64  61.05  61.00  20.00  40.05  61.00  60.00  41.05   0.00
00:43:39  86.5   0.0   0.7  12.8   0.0   28  10635  26531    0    0    0 100.36    0.00  29.50  23.01  47.85  60.05  60.00  20.00  40.05  60.00  60.00  41.05   0.00
00:43:40  86.4   0.0   0.7  12.9   0.0    5  13068   7330    0    0    0  94.68    0.00  27.71  21.44  45.52  62.05  62.00  20.00  40.05  62.00  60.00  41.05   0.00
00:43:41  17.2   0.0   0.1  82.6   0.0    5   5113   2795    0    0    6  77.28    0.00  21.78  15.90  39.60  70.05  70.00  20.00  40.05  70.00  60.00  41.05   0.00
00:43:42  18.4   0.0   0.2  81.4   0.0    5   5098   2005    0    0    0  84.98    0.00  24.41  18.62  41.95  70.05  70.00  20.00  40.05  70.00  64.00  41.05   0.00
-------- ----- ----- ----- ----- ----- ---- ------ ------ ---- ---- ---- ------  ------ ------ ------ ------ ------ ------ ------ ------ ------ ------ ------ ------
 Average  60.4   0.0   0.7  38.9   0.0 16.8 18537.8 8213.1  8.9  2.6  4.5  90.17    0.00  26.42  20.77  42.98  60.70  60.65  20.00  40.05  60.65  59.32  40.31   0.00
 GeoMean   0.0   0.0   0.5  18.1   0.0 11.1 10918.4 5319.9  0.0  0.0  0.0  72.49    0.00  21.10  14.40  35.68  60.43  60.38  20.00  40.05  60.38  59.20  40.31   0.00
  StdDev  36.1   0.0   0.4  36.2   0.0 11.0 16759.7 7573.5 19.4 12.5 11.9  28.39    0.00   8.42   6.98  13.07   5.70   5.70   0.00   0.00   5.70   3.84   0.44   0.00
-------- ----- ----- ----- ----- ----- ---- ------ ------ ---- ---- ---- ------  ------ ------ ------ ------ ------ ------ ------ ------ ------ ------ ------ ------
 Minimum   0.0   0.0   0.0   0.6   0.0  1.0  171.0   98.0  0.0  0.0  0.0   2.20    0.00   0.60   0.09   1.51  48.05  48.00  20.00  40.05  48.00  52.00  40.05   0.00
 Maximum  99.0   0.0   1.8 100.0   0.1 30.0 86997.0 42288.0 83.0 74.0 55.0 117.68    0.00  34.91  29.13  54.10  73.05  73.00  20.00  40.05  73.00  69.00  41.05   0.00
-------- ----- ----- ----- ----- ----- ---- ------ ------ ---- ---- ---- ------  ------ ------ ------ ------ ------ ------ ------ ------ ------ ------ ------ ------
Summary:
CPU:  90.17 Watts on average with standard deviation 28.39 
Note: power read from RAPL domains: uncore, pkg-0, core, psys.
These readings do not cover all the hardware in this device.

Histogram (of 34 power measurements)

  Range (Watts)   Count
  2.202 -  13.748     3 #####
 13.749 -  25.295     0 
 25.296 -  36.843     0 
 36.844 -  48.390     0 
 48.391 -  59.938     0 
 59.939 -  71.485     0 
 71.486 -  83.032     3 #####
 83.033 -  94.580     2 ###
 94.581 - 106.127    22 ########################################
106.128 - 117.675     4 #######

Histogram (of 34 CPU utilization measurements)

 Range (%CPU)   Count
 0.042 -  9.978     3 ##########
 9.979 - 19.916     5 ##################
19.917 - 29.853     3 ##########
29.854 - 39.791     1 ###
39.792 - 49.729     1 ###
49.730 - 59.666     0 
59.667 - 69.604     1 ###
69.605 - 79.542     5 ##################
79.543 - 89.479     4 ##############
89.480 - 99.417    11 ########################################

Histogram (of 34 thermal zone TCPU readings)

 Range (°C)    Count
48.050 - 50.549     3 ############
50.550 - 53.049     0 
53.050 - 55.549     1 ####
55.550 - 58.049     7 ############################
58.050 - 60.549    10 ########################################
60.550 - 63.049     5 ####################
63.050 - 65.549     1 ####
65.550 - 68.049     2 ########
68.050 - 70.549     3 ############
70.550 - 73.049     2 ########

Histogram (of 34 thermal zone x86_pkg_temp readings)

 Range (°C)    Count
48.000 - 50.499     3 ############
50.500 - 52.999     0 
53.000 - 55.499     1 ####
55.500 - 57.999     7 ############################
58.000 - 60.499    10 ########################################
60.500 - 62.999     5 ####################
63.000 - 65.499     1 ####
65.500 - 67.999     2 ########
68.000 - 70.499     3 ############
70.500 - 72.999     2 ########

Range is zero, cannot produce histogram of thermal zone INT3400 Thermal

Range is zero, cannot produce histogram of thermal zone SEN3

Histogram (of 34 thermal zone TCPU_PCI readings)

 Range (°C)    Count
48.000 - 50.499     3 ############
50.500 - 52.999     0 
53.000 - 55.499     1 ####
55.500 - 57.999     7 ############################
58.000 - 60.499    10 ########################################
60.500 - 62.999     5 ####################
63.000 - 65.499     1 ####
65.500 - 67.999     2 ########
68.000 - 70.499     3 ############
70.500 - 72.999     2 ########

Histogram (of 34 thermal zone iwlwifi_1 readings)

 Range (°C)    Count
52.000 - 53.699     6 ############
53.700 - 55.399     0 
55.400 - 57.099     0 
57.100 - 58.799     0 
58.800 - 60.499    19 ########################################
60.500 - 62.199     6 ############
62.200 - 63.899     0 
63.900 - 65.599     1 ##
65.600 - 67.299     1 ##
67.300 - 68.999     1 ##

Histogram (of 34 thermal zone acpitz readings)

 Range (°C)    Count
40.050 - 40.149    25 ########################################
40.150 - 40.249     0 
40.250 - 40.349     0 
40.350 - 40.449     0 
40.450 - 40.549     0 
40.550 - 40.649     0 
40.650 - 40.749     0 
40.750 - 40.849     0 
40.850 - 40.949     0 
40.950 - 41.049     9 ##############

Range is zero, cannot produce histogram of thermal zone SEN2
