Running for 86400.0 seconds (86400 samples at 1.0 second intervals).
Power measurements will start in 0 seconds time.

  Time    User  Nice   Sys  Idle    IO  Run Ctxt/s  IRQ/s Fork Exec Exit  Watts  uncore  pkg-0   core   psys   TCPU x86_pk INT340   SEN3 TCPU_P iwlwif acpitz   SEN2
15:25:12   0.0   0.0   0.0 100.0   0.0    1    179    273    0    0    0   3.74    0.00   1.07   0.20   2.47  52.05  52.00  20.00  42.05  52.00  54.00  42.05   0.00
15:25:13   0.0   0.0   0.0 100.0   0.0    2    142     85    0    0    0   1.76    0.00   0.49   0.07   1.20  51.05  52.00  20.00  42.05  51.00  62.00  42.05   0.00
15:25:14   0.0   0.0   0.1  99.9   0.0    3    257    145    9    6    8   3.03    0.00   0.84   0.17   2.01  50.05  50.00  20.00  42.05  50.00  58.00  42.05   0.00
15:25:15  15.4   0.0   1.0  83.6   0.0    5  38962   5214   39    0    0  78.36    0.00  22.40  16.84  39.13  66.05  66.00  20.00  42.05  66.00  58.00  42.05   0.00
15:25:16  16.0   0.0   0.5  83.4   0.1    6  29905   4195    9    4    4  73.03    0.00  20.58  14.77  37.69  66.05  66.00  20.00  42.05  66.00  61.00  42.05   0.00
15:25:17  18.0   0.0   0.5  81.5   0.1    4  25878   4462   32    3   26  81.50    0.00  22.98  16.86  41.65  61.05  61.00  20.00  42.05  61.00  61.00  42.05   0.00
15:25:18  12.4   0.0   1.2  86.3   0.0   13  38540   8654   90    2   42  74.35    0.00  21.19  15.42  37.74  69.05  69.00  20.00  42.05  69.00  67.00  42.05   0.00
15:25:19  23.4   0.0   1.5  75.1   0.0    4 108349  17851   14   13   15 101.16    0.00  29.68  23.86  47.63  65.05  65.00  20.00  42.05  65.00  67.00  42.05   0.00
15:25:20  14.0   0.0   0.9  85.2   0.0    6  42567   5667   58   77   60  89.29    0.00  25.59  19.04  44.66  73.05  73.00  20.00  42.05  73.00  66.00  42.05   0.00
15:25:21  62.3   0.0   1.6  36.1   0.0   22  67537  10499   29    0    0 109.70    0.00  32.47  26.35  50.88  60.05  59.00  20.00  42.05  59.00  66.00  42.05   0.00
15:25:22  73.0   0.0   1.1  25.8   0.0   21  31817  14157    0    0    2 104.92    0.00  30.77  24.37  49.78  61.05  60.00  20.00  42.05  60.00  66.00  42.05   0.00
15:25:23  73.1   0.0   0.6  26.3   0.0   21  21495   7442    0    0    0 102.21    0.00  29.58  23.24  49.39  61.05  61.00  20.00  42.05  61.00  71.00  42.05   0.00
15:25:24  77.1   0.0   0.6  22.3   0.0   20  19137   7355    0    0    2 104.19    0.00  30.27  23.85  50.08  62.05  62.00  20.00  42.05  62.00  61.00  42.05   0.00
15:25:25  73.3   0.0   1.1  25.6   0.0   21  65990  11590    0    0    0 102.02    0.00  29.57  23.12  49.33  62.05  62.00  20.00  42.05  63.00  61.00  42.05   0.00
15:25:26  61.1   0.0   0.6  38.3   0.0   10  18661   6710    0    0    0  95.06    0.00  27.55  21.09  46.42  70.05  70.00  20.00  42.05  70.00  63.00  42.05   0.00
15:25:27  38.0   0.0   0.5  61.5   0.0   21  20258   5480    1    0    3  98.66    0.00  28.83  22.87  46.96  61.05  61.00  20.00  42.05  61.00  63.00  42.05   0.00
15:25:28  40.6   0.0   0.4  59.0   0.0   28  24712   5965   12    0    0 104.50    0.00  30.74  24.82  48.94  62.05  62.00  20.00  42.05  62.00  67.00  42.05   0.00
15:25:29  77.0   0.0   0.6  22.4   0.0   29  20715   8957   24    0    0 102.58    0.00  30.31  24.23  48.04  61.05  61.00  20.00  42.05  61.00  67.00  42.05   0.00
15:25:30  97.9   0.0   0.7   1.5   0.0   30   6376   7471    0    0    0 101.59    0.00  30.06  24.03  47.49  60.05  60.00  20.00  42.05  60.00  64.00  42.05   0.00
15:25:31  62.5   0.0   0.9  36.5   0.1   26  24708  46977    0    0    0 101.83    0.00  29.92  23.64  48.28  62.05  62.00  20.00  42.05  62.00  64.00  42.05   0.00
15:25:32  93.2   0.0   0.7   6.1   0.0   23  16422   7299    0    0    0 104.22    0.00  30.80  24.65  48.77  61.05  61.00  20.00  42.05  61.00  64.00  42.05   0.00
15:25:33  95.8   0.0   0.8   3.4   0.0   26  11929   7682    0    0    0 100.32    0.00  29.58  23.30  47.44  62.05  62.00  20.00  42.05  61.00  63.00  42.05   0.00
15:25:34  87.9   0.0   0.7  11.4   0.0   31  16334   9321    0    0    0 100.01    0.00  29.54  23.26  47.21  61.05  61.00  20.00  42.05  62.00  61.00  42.05   0.00
15:25:35  95.9   0.0   1.0   3.2   0.0   32  14308   8306    0    0    0 100.27    0.00  29.55  23.21  47.50  62.05  62.00  20.00  42.05  62.00  61.00  42.05   0.00
15:25:36  95.7   0.0   0.8   3.5   0.0   28  13838   8212    0    0    0  99.93    0.00  29.44  23.11  47.37  62.05  62.00  20.00  42.05  62.00  62.00  42.05   0.00
15:25:37  94.1   0.0   1.3   4.7   0.0   30  25313   9440    0    0    0 100.36    0.00  29.43  22.88  48.05  61.05  61.00  20.00  42.05  60.00  62.00  42.05   0.00
15:25:38  94.9   0.0   0.9   4.2   0.0   28  14532   8189    0    0    0 100.36    0.00  29.55  23.16  47.65  60.05  60.00  20.00  42.05  60.00  62.00  42.05   0.00
15:25:39  94.7   0.0   0.7   4.7   0.0   19  11273   7652    0    0    0 100.97    0.00  29.79  23.49  47.68  61.05  61.00  20.00  42.05  62.00  62.00  42.05   0.00
15:25:40  94.1   0.0   1.3   4.6   0.0   29  12965   7832    0    0    0 101.64    0.00  29.93  23.49  48.22  61.05  61.00  20.00  42.05  61.00  62.00  42.05   0.00
15:25:41  82.1   0.0   1.0  16.9   0.0   31  24891  28853    0    0    0 100.35    0.00  29.61  23.25  47.49  61.05  61.00  20.00  42.05  61.00  62.00  42.05   0.00
15:25:42  95.9   0.0   1.0   3.0   0.0   34   9435   7944    0    0    0 102.55    0.00  30.20  23.73  48.63  62.05  62.00  20.00  42.05  62.00  62.00  43.05   0.00
15:25:43  96.1   0.0   0.6   3.3   0.0   29   9782   7660    0    0    0 102.20    0.00  30.07  23.64  48.49  62.05  62.00  20.00  42.05  62.00  63.00  43.05   0.00
15:25:44  96.6   0.0   0.5   3.0   0.0   29   8781   7552    0    0    0 104.31    0.00  30.74  24.22  49.35  62.05  62.00  20.00  42.05  62.00  63.00  43.05   0.00
15:25:45  95.4   0.0   0.5   4.0   0.0   29   8736   7222    0    0    0 103.56    0.00  30.50  23.97  49.09  62.05  62.00  20.00  42.05  62.00  63.00  43.05   0.00
15:25:46  96.0   0.0   0.7   3.3   0.0    3   8163   7421    0    0    0 105.93    0.00  31.10  24.41  50.42  62.05  62.00  20.00  42.05  62.00  63.00  43.05   0.00
15:25:47  94.4   0.0   0.9   4.7   0.0   27  12433   8035    0    0    0 104.11    0.00  30.68  24.12  49.31  63.05  63.00  20.00  42.05  63.00  63.00  43.05   0.00
15:25:48  75.4   0.0   0.8  23.9   0.0   27  13790  19708    0    0    1  97.18    0.00  28.47  22.08  46.63  62.05  62.00  20.00  42.05  62.00  64.00  43.05   0.00
15:25:49  92.1   0.0   1.9   6.0   0.0   25  67277  12079    0    0    1 104.47    0.00  30.22  23.61  50.65  65.05  65.00  20.00  42.05  65.00  64.00  43.05   0.00
15:25:50  96.8   0.0   0.8   2.4   0.0   20   5649   7045    0    0    0 103.95    0.00  30.09  23.55  50.31  62.05  62.00  20.00  42.05  63.00  64.00  43.05   0.00
15:25:51  97.0   0.0   0.4   2.6   0.0   20   6190   7142    0    0    0 103.89    0.00  30.01  23.25  50.63  63.05  63.00  20.00  42.05  63.00  64.00  43.05   0.00
15:25:52  88.9   0.0   0.4  10.7   0.0    6   8262   7453    0    0    0  98.06    0.00  28.75  22.23  47.08  58.05  57.00  20.00  42.05  57.00  64.00  43.05   0.00
15:25:53  17.1   0.0   0.2  82.7   0.0    6   8575   2105    0    0    1  79.30    0.00  22.80  16.95  39.55  72.05  72.00  20.00  42.05  72.00  63.00  43.05   0.00
15:25:54  11.2   0.0   0.3  88.5   0.0   20   5003   1627    1    0    1  60.12    0.00  17.27  11.82  31.04  67.05  67.00  20.00  42.05  63.00  73.00  43.05   0.00
15:25:55  16.3   0.0   0.6  83.0   0.0    5   7968   2248    0    0    0  81.47    0.00  23.38  17.25  40.85  72.05  72.00  20.00  42.05  72.00  73.00  43.05   0.00
15:25:56   6.1   0.0   0.0  93.9   0.0    3   1355    756    0    0    1  45.34    0.00  12.90   7.81  24.63  57.05  57.00  20.00  42.05  57.00  71.00  43.05   0.00
15:25:57   4.2   0.0   0.0  95.8   0.0    3    339    511    0    0    0  33.81    0.00  10.07   5.08  18.67  56.05  56.00  20.00  42.05  56.00  71.00  44.05   0.00
15:25:58   6.5   0.0   0.2  93.2   0.0    3    527    677    0    0    0  40.29    0.00  12.06   6.98  21.25  56.05  56.00  20.00  42.05  57.00  58.00  44.05   0.00
15:25:59   5.3   0.0   0.2  94.5   0.0    4    659   1053    2    0    6  38.97    0.00  11.41   6.34  21.22  60.05  59.00  20.00  42.05  59.00  58.00  44.05   0.00
15:26:00   8.0   0.0   0.2  91.8   0.0   19   1106   1277    4    0    2  47.50    0.00  13.44   8.13  25.93  68.05  68.00  20.00  42.05  68.00  60.00  44.05   0.00
15:26:01   9.1   0.0   0.1  90.7   0.1    3   1239   1204    1    0    3  55.95    0.00  15.88  10.23  29.84  57.05  57.00  20.00  42.05  57.00  60.00  44.05   0.00
15:26:02   4.3   0.0   0.0  95.7   0.0    3    443    607    0    0    2  34.24    0.00  10.13   5.12  18.99  55.05  55.00  20.00  42.05  55.00  60.00  44.05   0.00
15:26:03   4.3   0.0   0.0  95.6   0.0    3    737    638    0    0    0  34.56    0.00  10.22   5.21  19.13  55.05  55.00  20.00  42.05  55.00  62.00  44.05   0.00
15:26:04   4.2   0.0   0.0  95.7   0.0    3    338    579    0    0    0  33.20    0.00   9.88   4.89  18.43  55.05  55.00  20.00  42.05  56.00  62.00  44.05   0.00
15:26:05  29.1   0.0   0.4  70.5   0.0    3   5570  30133    0    0    0  70.24    0.00  20.85  15.30  34.08  57.05  57.00  20.00  42.05  57.00  57.00  44.05   0.00
15:26:06   8.3   0.0   0.8  90.8   0.1    3   2153   1536    8    4    0  55.08    0.00  16.01  10.44  28.63  73.05  73.00  20.00  43.05  73.00  57.00  44.05   0.00
-------- ----- ----- ----- ----- ----- ---- ------ ------ ---- ---- ---- ------  ------ ------ ------ ------ ------ ------ ------ ------ ------ ------ ------ ------
 Average  53.1   0.0   0.6  46.2   0.0 16.4 17500.0 7748.1  6.1  2.0  3.3  81.49    0.00  23.80  18.05  39.64  61.69  61.58  20.00  42.07  61.56  63.09  42.69   0.00
 GeoMean   0.0   0.0   0.0  22.8   0.0 11.1 7460.5 4279.4  0.0  0.0  0.0  67.61    0.00  19.70  13.26  33.87  61.49  61.38  20.00  42.07  61.37  62.98  42.68   0.00
  StdDev  38.8   0.0   0.4  39.0   0.0 11.2 20423.3 8102.7 16.0 10.4 10.3  30.11    0.00   8.86   7.77  13.56   4.98   4.98   0.00   0.13   4.93   3.82   0.77   0.00
-------- ----- ----- ----- ----- ----- ---- ------ ------ ---- ---- ---- ------  ------ ------ ------ ------ ------ ------ ------ ------ ------ ------ ------ ------
 Minimum   0.0   0.0   0.0   1.5   0.0  1.0  142.0   85.0  0.0  0.0  0.0   1.76    0.00   0.49   0.07   1.20  50.05  50.00  20.00  42.05  50.00  54.00  42.05   0.00
 Maximum  97.9   0.0   1.9 100.0   0.1 34.0 108349.0 46977.0 90.0 77.0 60.0 109.70    0.00  32.47  26.35  50.88  73.05  73.00  20.00  43.05  73.00  73.00  44.05   0.00
-------- ----- ----- ----- ----- ----- ---- ------ ------ ---- ---- ---- ------  ------ ------ ------ ------ ------ ------ ------ ------ ------ ------ ------ ------
Summary:
CPU:  81.49 Watts on average with standard deviation 30.11 
Note: power read from RAPL domains: uncore, pkg-0, core, psys.
These readings do not cover all the hardware in this device.

Histogram (of 55 power measurements)

  Range (Watts)   Count
  1.756 -  12.550     3 ####
 12.551 -  23.345     0 
 23.346 -  34.139     2 ##
 34.140 -  44.934     4 #####
 44.935 -  55.728     3 ####
 55.729 -  66.523     2 ##
 66.524 -  77.318     3 ####
 77.319 -  88.112     4 #####
 88.113 -  98.907     5 ######
 98.908 - 109.701    29 ########################################

Histogram (of 55 CPU utilization measurements)

 Range (%CPU)   Count
 0.000 -  9.853    13 ###########################
 9.854 - 19.706     8 ################
19.707 - 29.560     2 ####
29.561 - 39.414     1 ##
39.415 - 49.267     1 ##
49.268 - 59.121     0 
59.122 - 68.975     3 ######
68.976 - 78.829     6 ############
78.830 - 88.682     2 ####
88.683 - 98.536    19 ########################################

Histogram (of 55 thermal zone TCPU readings)

 Range (°C)    Count
50.050 - 52.349     3 #######
52.350 - 54.649     0 
54.650 - 56.949     5 ############
56.950 - 59.249     4 ##########
59.250 - 61.549    15 #####################################
61.550 - 63.849    16 ########################################
63.850 - 66.149     4 ##########
66.150 - 68.449     2 #####
68.450 - 70.749     2 #####
70.750 - 73.049     4 ##########

Histogram (of 55 thermal zone x86_pkg_temp readings)

 Range (°C)    Count
50.000 - 52.299     3 #######
52.300 - 54.599     0 
54.600 - 56.899     5 ############
56.900 - 59.199     6 ###############
59.200 - 61.499    13 ################################
61.500 - 63.799    16 ########################################
63.800 - 66.099     4 ##########
66.100 - 68.399     2 #####
68.400 - 70.699     2 #####
70.700 - 72.999     4 ##########

Range is zero, cannot produce histogram of thermal zone INT3400 Thermal

Histogram (of 55 thermal zone SEN3 readings)

 Range (°C)    Count
42.050 - 42.149    54 ########################################
42.150 - 42.249     0 
42.250 - 42.349     0 
42.350 - 42.449     0 
42.450 - 42.549     0 
42.550 - 42.649     0 
42.650 - 42.749     0 
42.750 - 42.849     0 
42.850 - 42.949     0 
42.950 - 43.049     1 

Histogram (of 55 thermal zone TCPU_PCI readings)

 Range (°C)    Count
50.000 - 52.299     3 ######
52.300 - 54.599     0 
54.600 - 56.899     4 ########
56.900 - 59.199     7 ###############
59.200 - 61.499    12 ##########################
61.500 - 63.799    18 ########################################
63.800 - 66.099     4 ########
66.100 - 68.399     1 ##
68.400 - 70.699     2 ####
70.700 - 72.999     4 ########

Histogram (of 55 thermal zone iwlwifi_1 readings)

 Range (°C)    Count
54.000 - 55.899     1 ##
55.900 - 57.799     2 ####
57.800 - 59.699     4 ########
59.700 - 61.599     9 ##################
61.600 - 63.499    19 ########################################
63.500 - 65.399     8 ################
65.400 - 67.299     7 ##############
67.300 - 69.199     0 
69.200 - 71.099     3 ######
71.100 - 72.999     2 ####

Histogram (of 55 thermal zone acpitz readings)

 Range (°C)    Count
42.050 - 42.249    30 ########################################
42.250 - 42.449     0 
42.450 - 42.649     0 
42.650 - 42.849     0 
42.850 - 43.049    15 ####################
43.050 - 43.249     0 
43.250 - 43.449     0 
43.450 - 43.649     0 
43.650 - 43.849     0 
43.850 - 44.049    10 #############

Range is zero, cannot produce histogram of thermal zone SEN2
