Running for 86400.0 seconds (86400 samples at 1.0 second intervals).
Power measurements will start in 0 seconds time.

  Time    User  Nice   Sys  Idle    IO  Run Ctxt/s  IRQ/s Fork Exec Exit  Watts  uncore  pkg-0   core   psys   TCPU x86_pk INT340   SEN3 TCPU_P iwlwif acpitz   SEN2
15:35:09   0.0   0.0   0.0 100.0   0.0    1    186    402    0    0    0   4.59    0.00   1.25   0.23   3.11  52.05  53.00  20.00  42.05  52.00  59.00  42.05   0.00
15:35:10   0.0   0.0   0.0 100.0   0.0    1    207    114    0    0    0   2.28    0.00   0.63   0.07   1.57  53.05  53.00  20.00  42.05  53.00  58.00  42.05   0.00
15:35:11   0.0   0.0   0.1  99.9   0.0    3    329    156    9    6    8   2.58    0.00   0.72   0.16   1.70  51.05  51.00  20.00  42.05  51.00  55.00  42.05   0.00
15:35:12  16.6   0.0   0.9  82.5   0.0    6  56196   6682   44    0    0 107.54    0.00  31.54  25.77  50.23  66.05  66.00  20.00  42.05  66.00  55.00  42.05   0.00
15:35:13  19.5   0.0   0.8  79.7   0.0    6  44702   5970   29    4   28 103.10    0.00  30.09  24.15  48.87  68.05  68.00  20.00  42.05  68.00  68.00  42.05   0.00
15:35:14  11.1   0.0   1.1  87.8   0.0   12  36282   6435   92    5   41  73.95    0.00  20.97  15.24  37.73  68.05  68.00  20.00  42.05  68.00  68.00  42.05   0.00
15:35:15  23.3   0.0   1.3  75.4   0.0    2  78636  17312    5    0   10  89.97    0.00  26.41  20.75  42.81  61.05  61.00  20.00  42.05  61.00  60.00  42.05   0.00
15:35:16   9.1   0.0   0.8  90.1   0.0    5  12148   3657   68   90   67  73.34    0.00  20.56  14.14  38.64  62.05  62.00  20.00  42.05  62.00  60.00  42.05   0.00
15:35:17  16.4   0.0   0.3  83.3   0.0    5  30333   3980    2    0    0 107.79    0.00  31.65  26.09  50.05  74.05  74.00  20.00  42.05  74.00  61.00  42.05   0.00
15:35:18  58.2   0.0   1.4  40.4   0.0   18  59486  13153   32    0    0 110.21    0.00  32.65  26.47  51.09  61.05  61.00  20.00  42.05  61.00  61.00  42.05   0.00
15:35:19  77.2   0.0   1.0  21.8   0.0   19  44220  12191    0    0    1 103.55    0.00  30.51  24.18  48.86  61.05  62.00  20.00  42.05  62.00  61.00  42.05   0.00
15:35:20  70.6   0.0   0.7  28.7   0.0   20  23526   7453    0    0    1 100.87    0.00  29.65  23.49  47.73  59.05  59.00  20.00  42.05  59.00  63.00  42.05   0.00
15:35:21  76.4   0.0   0.9  22.7   0.0   19  36642   9063    0    0    0 100.44    0.00  29.68  23.23  47.53  62.05  62.00  20.00  42.05  62.00  60.00  42.05   0.00
15:35:22  66.8   0.0   0.8  32.5   0.0   20  35590   8331    0    0    0 100.42    0.00  29.47  23.15  47.81  61.05  61.00  20.00  41.05  61.00  60.00  42.05   0.00
15:35:23  51.5   0.0   1.0  47.6   0.0    5  38952   8747    0    0    0  97.61    0.00  27.84  21.46  48.31  70.05  70.00  20.00  41.05  70.00  62.00  42.05   0.00
15:35:24  36.3   0.0   0.5  63.2   0.0    5  30145   6154    1    0    2 107.68    0.00  31.17  25.21  51.29  66.05  66.00  20.00  41.05  66.00  62.00  42.05   0.00
15:35:25  33.6   0.0   0.5  65.9   0.0   24  25823   5675   11    0    1 104.51    0.00  30.24  24.25  50.03  64.05  64.00  20.00  41.05  64.00  66.00  42.05   0.00
15:35:26  67.2   0.0   0.5  32.2   0.0   19  20244  36082   24    0    0  97.90    0.00  28.72  22.75  46.44  61.05  61.00  20.00  41.05  61.00  66.00  42.05   0.00
15:35:27  95.8   0.0   0.3   3.9   0.0   19   6270   7360    0    0    0 106.14    0.00  31.55  25.54  49.04  60.05  60.00  20.00  42.05  60.00  63.00  42.05   0.00
15:35:28  79.1   0.0   0.7  20.2   0.0   27  27865   8521    0    0    0 103.43    0.00  30.44  24.15  48.83  62.05  62.00  20.00  42.05  62.00  63.00  42.05   0.00
15:35:29  94.3   0.0   0.6   5.1   0.0   29  15800   7358    0    0    2 102.34    0.00  30.26  24.10  47.98  61.05  61.00  20.00  42.05  61.00  63.00  42.05   0.00
15:35:30  96.2   0.0   0.9   2.9   0.0   29  11103   7705    0    0    0 101.14    0.00  29.85  23.57  47.72  60.05  60.00  20.00  42.05  60.00  63.00  42.05   0.00
15:35:31  96.8   0.0   0.6   2.6   0.0   28  14820   8822    0    0    0 101.16    0.00  29.86  23.54  47.76  60.05  60.00  20.00  42.05  60.00  62.00  42.05   0.00
15:35:32  96.2   0.0   0.8   3.0   0.0   28  15191   8802    0    0    0 101.25    0.00  29.87  23.50  47.88  62.05  62.00  20.00  42.05  62.00  62.00  42.05   0.00
15:35:33  96.1   0.0   1.0   3.0   0.0   28  13870   8440    0    0    0 101.81    0.00  29.89  23.35  48.57  60.05  60.00  20.00  42.05  60.00  61.00  42.05   0.00
15:35:34  94.3   0.0   1.2   4.5   0.0   28  20710   9286    0    0    1 100.43    0.00  29.60  23.17  47.66  60.05  60.00  20.00  42.05  60.00  61.00  43.05   0.00
15:35:35  95.3   0.0   0.8   3.9   0.0   27  12473   7977    0    0    0 100.98    0.00  29.76  23.33  47.89  62.05  62.00  20.00  42.05  62.00  61.00  43.05   0.00
15:35:36  92.3   0.0   0.4   7.3   0.0   31  10130   7529    0    0    0 100.72    0.00  29.71  23.42  47.58  62.05  62.00  20.00  42.05  62.00  61.00  43.05   0.00
15:35:37  80.5   0.0   0.7  18.8   0.0   28  16891  40012    0    0    0 100.92    0.00  29.84  23.44  47.63  61.05  61.00  20.00  42.05  61.00  61.00  43.05   0.00
15:35:38  94.8   0.0   1.2   4.1   0.0   16  30530   9859    0    0    0 102.40    0.00  30.03  23.36  49.02  60.05  60.00  20.00  42.05  60.00  63.00  43.05   0.00
15:35:39  95.1   0.0   1.2   3.7   0.0   27  19859   8513    0    0    0 100.88    0.00  29.68  23.26  47.93  62.05  62.00  20.00  42.05  62.00  63.00  43.05   0.00
15:35:40  95.8   0.0   0.6   3.5   0.0   24   8320   7104    0    0    0 102.41    0.00  30.17  23.70  48.54  62.05  62.00  20.00  42.05  62.00  63.00  43.05   0.00
15:35:41  95.6   0.0   0.5   3.9   0.0   28   8167   7212    0    0    0 103.47    0.00  30.49  23.97  49.01  62.05  62.00  20.00  42.05  62.00  62.00  43.05   0.00
15:35:42  95.5   0.0   0.7   3.9   0.0   27   8196   7541    0    0    0 103.09    0.00  30.37  23.86  48.86  63.05  63.00  20.00  42.05  62.00  63.00  43.05   0.00
15:35:43  95.5   0.0   0.6   3.9   0.0   26  12246   7750    0    0    0 105.15    0.00  30.88  24.16  50.11  63.05  63.00  20.00  42.05  63.00  63.00  43.05   0.00
15:35:44  75.6   0.0   1.1  23.3   0.0   26  15586  18103    0    0    4  96.42    0.00  28.45  22.09  45.88  62.05  62.00  20.00  42.05  62.00  63.00  43.05   0.00
15:35:45  95.7   0.0   0.5   3.7   0.0    2   7505   7014    0    0    0 106.48    0.00  31.39  24.77  50.32  62.05  62.00  20.00  42.05  62.00  63.00  43.05   0.00
15:35:46  94.5   0.0   1.3   4.2   0.0   26  40283  10135    0    0    0 102.95    0.00  30.29  23.80  48.86  61.05  61.00  20.00  42.05  61.00  63.00  43.05   0.00
15:35:47  95.8   0.0   0.5   3.7   0.0   26   7639   7326    0    0    0  97.10    0.00  28.49  22.14  46.47  61.05  61.00  20.00  42.05  61.00  63.00  43.05   0.00
15:35:48  96.1   0.0   0.6   3.3   0.0   27   8334   7444    0    0    0  99.53    0.00  29.07  22.59  47.88  61.05  61.00  20.00  42.05  61.00  62.00  43.05   0.00
15:35:49  95.2   0.0   1.0   3.7   0.0   21  10408   7374    0    0    0 107.27    0.00  31.09  24.34  51.84  62.05  62.00  20.00  42.05  62.00  62.00  43.05   0.00
15:35:50  19.7   0.0   0.1  80.2   0.0    5   5595   2301    0    0    0  90.39    0.00  25.81  20.00  44.58  78.05  78.00  20.00  42.05  78.00  62.00  43.05   0.00
15:35:51  10.3   0.0   0.3  89.4   0.0    5   2818   1670    2    0    3  68.06    0.00  19.19  13.72  35.14  79.05  79.00  20.00  42.05  79.00  63.00  43.05   0.00
15:35:52  14.2   0.0   0.5  85.3   0.0    4   5390   1781    0    0    0  80.49    0.00  23.31  17.63  39.55  63.05  63.00  20.00  42.05  63.00  73.00  43.05   0.00
15:35:53   6.2   0.0   0.0  93.7   0.0    2   1133    828    0    0    0  42.53    0.00  12.42   7.09  23.02  58.05  58.00  20.00  42.05  58.00  73.00  43.05   0.00
15:35:54  25.0   0.0   0.3  74.8   0.0    2   4474  24976    0    0    0  67.10    0.00  20.06  14.59  32.45  59.05  59.00  20.00  42.05  58.00  65.00  43.05   0.00
15:35:55   4.2   0.0   0.0  95.8   0.0    2    374    693    0    0    2  34.86    0.00  10.25   5.07  19.53  58.05  58.00  20.00  42.05  58.00  65.00  44.05   0.00
15:35:56   4.2   0.0   0.0  95.8   0.0    2    345    620    0    0    1  33.71    0.00  10.05   5.05  18.62  57.05  58.00  20.00  42.05  58.00  60.00  44.05   0.00
15:35:57   6.2   0.0   0.2  93.6   0.0    3    653   1272    2    0    4  46.84    0.00  13.33   8.19  25.32  68.05  68.00  20.00  42.05  68.00  60.00  44.05   0.00
15:35:58  10.3   0.0   0.0  89.7   0.0    2   1883   1461    4    0    0  54.58    0.00  15.78  10.27  28.52  58.05  57.00  20.00  43.05  57.00  58.00  44.05   0.00
15:35:59   5.4   0.0   0.0  94.6   0.0    3    572    732    0    0    2  41.06    0.00  11.81   6.75  22.51  66.05  66.00  20.00  43.05  66.00  58.00  44.05   0.00
15:36:00   4.4   0.0   0.0  95.6   0.0    2    408    671    0    0    2  34.58    0.00  10.25   5.23  19.09  55.05  55.00  20.00  43.05  57.00  58.00  44.05   0.00
15:36:01   4.2   0.0   0.0  95.8   0.0    2    334    611    0    0    0  33.35    0.00   9.95   4.94  18.45  57.05  57.00  20.00  43.05  57.00  60.00  44.05   0.00
15:36:02   4.2   0.0   0.0  95.8   0.0    2    344    649    0    0    0  34.11    0.00  10.06   4.87  19.18  57.05  57.00  20.00  43.05  57.00  57.00  44.05   0.00
15:36:03  10.5   0.0   1.0  88.5   0.0    2  49172   6214   10    4    1  62.00    0.00  18.25  12.81  30.95  71.05  71.00  20.00  43.05  71.00  57.00  44.05   0.00
-------- ----- ----- ----- ----- ----- ---- ------ ------ ---- ---- ---- ------  ------ ------ ------ ------ ------ ------ ------ ------ ------ ------ ------ ------
 Average  52.8   0.0   0.6  46.6   0.0 14.7 17988.0 7695.0  6.1  2.0  3.3  82.90    0.00  24.28  18.55  40.07  62.14  62.13  20.00  42.07  62.11  61.96  42.76   0.00
 GeoMean   0.0   0.0   0.0  22.6   0.0  8.9 7750.0 4444.2  0.0  0.0  0.0  68.96    0.00  20.13  13.57  34.39  61.93  61.92  20.00  42.07  61.90  61.87  42.75   0.00
  StdDev  39.2   0.0   0.4  39.4   0.0 11.1 17705.3 7578.2 16.9 12.0 10.9  30.61    0.00   9.02   7.97  13.70   5.26   5.23   0.00   0.45   5.23   3.40   0.73   0.00
-------- ----- ----- ----- ----- ----- ---- ------ ------ ---- ---- ---- ------  ------ ------ ------ ------ ------ ------ ------ ------ ------ ------ ------ ------
 Minimum   0.0   0.0   0.0   2.6   0.0  1.0  186.0  114.0  0.0  0.0  0.0   2.28    0.00   0.63   0.07   1.57  51.05  51.00  20.00  41.05  51.00  55.00  42.05   0.00
 Maximum  96.8   0.0   1.4 100.0   0.0 31.0 78636.0 40012.0 92.0 90.0 67.0 110.21    0.00  32.65  26.47  51.84  79.05  79.00  20.00  43.05  79.00  73.00  44.05   0.00
-------- ----- ----- ----- ----- ----- ---- ------ ------ ---- ---- ---- ------  ------ ------ ------ ------ ------ ------ ------ ------ ------ ------ ------ ------
Summary:
CPU:  82.90 Watts on average with standard deviation 30.61 
Note: power read from RAPL domains: uncore, pkg-0, core, psys.
These readings do not cover all the hardware in this device.

Histogram (of 55 power measurements)

  Range (Watts)   Count
  2.277 -  13.069     3 ###
 13.070 -  23.862     0 
 23.863 -  34.655     4 #####
 34.656 -  45.448     3 ###
 45.449 -  56.241     2 ##
 56.242 -  67.034     1 #
 67.035 -  77.827     4 #####
 77.828 -  88.621     1 #
 88.622 -  99.414     6 #######
 99.415 - 110.207    31 ########################################

Histogram (of 55 CPU utilization measurements)

 Range (%CPU)   Count
 0.042 -  9.776    11 ######################
 9.777 - 19.511     8 ################
19.512 - 29.246     4 ########
29.247 - 38.981     2 ####
38.982 - 48.716     0 
48.717 - 58.451     1 ##
58.452 - 68.186     3 ######
68.187 - 77.921     3 ######
77.922 - 87.656     3 ######
87.657 - 97.391    20 ########################################

Histogram (of 55 thermal zone TCPU readings)

 Range (°C)    Count
51.050 - 53.849     3 ####
53.850 - 56.649     1 #
56.650 - 59.449     8 ###########
59.450 - 62.249    28 ########################################
62.250 - 65.049     4 #####
65.050 - 67.849     3 ####
67.850 - 70.649     4 #####
70.650 - 73.449     1 #
73.450 - 76.249     1 #
76.250 - 79.049     2 ##

Histogram (of 55 thermal zone x86_pkg_temp readings)

 Range (°C)    Count
51.000 - 53.799     3 ####
53.800 - 56.599     1 #
56.600 - 59.399     8 ###########
59.400 - 62.199    28 ########################################
62.200 - 64.999     4 #####
65.000 - 67.799     3 ####
67.800 - 70.599     4 #####
70.600 - 73.399     1 #
73.400 - 76.199     1 #
76.200 - 78.999     2 ##

Range is zero, cannot produce histogram of thermal zone INT3400 Thermal

Histogram (of 55 thermal zone SEN3 readings)

 Range (°C)    Count
41.050 - 41.249     5 ####
41.250 - 41.449     0 
41.450 - 41.649     0 
41.650 - 41.849     0 
41.850 - 42.049    44 ########################################
42.050 - 42.249     0 
42.250 - 42.449     0 
42.450 - 42.649     0 
42.650 - 42.849     0 
42.850 - 43.049     6 #####

Histogram (of 55 thermal zone TCPU_PCI readings)

 Range (°C)    Count
51.000 - 53.799     3 ####
53.800 - 56.599     0 
56.600 - 59.399     9 ############
59.400 - 62.199    29 ########################################
62.200 - 64.999     3 ####
65.000 - 67.799     3 ####
67.800 - 70.599     4 #####
70.600 - 73.399     1 #
73.400 - 76.199     1 #
76.200 - 78.999     2 ##

Histogram (of 55 thermal zone iwlwifi_1 readings)

 Range (°C)    Count
55.000 - 56.799     2 #####
56.800 - 58.599     6 ###############
58.600 - 60.399     8 ####################
60.400 - 62.199    16 ########################################
62.200 - 63.999    15 #####################################
64.000 - 65.799     2 #####
65.800 - 67.599     2 #####
67.600 - 69.399     2 #####
69.400 - 71.199     0 
71.200 - 72.999     2 #####

Histogram (of 55 thermal zone acpitz readings)

 Range (°C)    Count
42.050 - 42.249    25 ########################################
42.250 - 42.449     0 
42.450 - 42.649     0 
42.650 - 42.849     0 
42.850 - 43.049    21 #################################
43.050 - 43.249     0 
43.250 - 43.449     0 
43.450 - 43.649     0 
43.650 - 43.849     0 
43.850 - 44.049     9 ##############

Range is zero, cannot produce histogram of thermal zone SEN2
