Running for 86400.0 seconds (86400 samples at 1.0 second intervals).
Power measurements will start in 0 seconds time.

  Time    User  Nice   Sys  Idle    IO  Run Ctxt/s  IRQ/s Fork Exec Exit  Watts  uncore  pkg-0   core   psys   TCPU x86_pk INT340   SEN3 TCPU_P iwlwif acpitz   SEN2
15:30:11   0.0   0.0   0.0 100.0   0.0    1    246    342    0    0    0   4.64    0.00   1.26   0.18   3.20  52.05  52.00  20.00  41.05  52.00  59.00  42.05   0.00
15:30:12   0.0   0.0   0.0 100.0   0.0    1    174     95    0    0    0   2.02    0.00   0.57   0.07   1.38  52.05  52.00  20.00  41.05  52.00  57.00  42.05   0.00
15:30:13   0.0   0.0   0.2  99.8   0.0    3    309    142   14    6    8   3.19    0.00   0.90   0.19   2.10  50.05  50.00  20.00  41.05  50.00  57.00  42.05   0.00
15:30:14  17.4   0.0   0.8  81.8   0.0    5  40810   5660   38    0    0  92.13    0.00  26.77  21.17  44.19  72.05  72.00  20.00  42.05  72.00  55.00  42.05   0.00
15:30:15  17.3   0.0   0.5  82.1   0.0    6  33152   4278    5    4    4  99.70    0.00  29.00  23.09  47.61  72.05  72.00  20.00  42.05  72.00  55.00  42.05   0.00
15:30:16  13.7   0.0   0.9  85.4   0.0    4  28781   5015   91    5   65  71.19    0.00  19.90  13.94  37.35  66.05  66.00  20.00  42.05  66.00  55.00  42.05   0.00
15:30:17  25.4   0.0   1.9  72.6   0.0    3  91995  17401   33    0    9 106.48    0.00  31.26  25.28  49.95  69.05  69.00  20.00  42.05  69.00  70.00  42.05   0.00
15:30:18  13.4   0.0   1.5  85.0   0.0    4  56284  10169   68   90   67  83.85    0.00  23.83  17.29  42.73  67.05  67.00  20.00  42.05  67.00  67.00  42.05   0.00
15:30:19  41.3   0.0   1.1  57.6   0.0   23  75936  10430   33    0    0 116.65    0.00  34.63  28.58  53.44  60.05  60.00  20.00  41.05  60.00  67.00  42.05   0.00
15:30:20  73.7   0.0   0.8  25.5   0.0   19  39838  15237    0    0    0 101.88    0.00  30.11  23.94  47.84  61.05  61.00  20.00  41.05  61.00  68.00  42.05   0.00
15:30:21  76.2   0.0   0.6  23.2   0.0   20  20064   7289    0    0    1 102.15    0.00  30.01  23.54  48.59  59.05  59.00  20.00  41.05  59.00  68.00  42.05   0.00
15:30:22  73.8   0.0   1.0  25.1   0.0   15  21747   7414    1    0    1  98.90    0.00  29.09  22.77  47.05  67.05  67.00  20.00  41.05  67.00  61.00  42.05   0.00
15:30:23  71.4   0.0   0.8  27.7   0.0   21  36914   8991    0    0    0 105.08    0.00  30.86  24.40  49.82  62.05  62.00  20.00  41.05  62.00  61.00  42.05   0.00
15:30:24  67.1   0.0   0.7  32.2   0.0   17  22187   7138    0    0    0 102.14    0.00  29.51  23.10  49.52  61.05  61.00  20.00  41.05  61.00  63.00  42.05   0.00
15:30:25  36.3   0.0   0.5  63.2   0.0    5  15647   4811    1    0    1 103.76    0.00  29.86  23.80  50.10  78.05  78.00  20.00  41.05  78.00  63.00  42.05   0.00
15:30:26  44.4   0.0   0.3  55.3   0.0    5  20337   6006    0    0    2 103.26    0.00  29.86  24.00  49.40  73.05  73.00  20.00  41.05  73.00  63.00  42.05   0.00
15:30:27  57.4   0.0   0.7  41.8   0.0   15  20446   6531    8    0    1 106.02    0.00  31.30  25.36  49.37  59.05  59.00  20.00  41.05  59.00  68.00  42.05   0.00
15:30:28  73.3   0.0   0.6  26.1   0.0   28  16611   7609   24    0    0  99.35    0.00  29.29  23.35  46.71  60.05  60.00  20.00  41.05  60.00  71.00  42.05   0.00
15:30:29  98.5   0.0   0.5   1.0   0.0   28   5774   7246    0    0    0 101.32    0.00  30.01  24.04  47.28  61.05  61.00  20.00  42.05  61.00  71.00  42.05   0.00
15:30:30  62.8   0.0   0.7  36.5   0.0   25  25807  48278    0    0    0 102.43    0.00  30.34  24.38  47.71  62.05  62.00  20.00  42.05  62.00  61.00  42.05   0.00
15:30:31  94.3   0.0   0.7   4.9   0.0   25  15928   7511    0    0    1 101.82    0.00  30.07  23.90  47.85  60.05  60.00  20.00  42.05  60.00  61.00  42.05   0.00
15:30:32  84.7   0.0   1.2  14.1   0.0   24  33161   9705    0    0    0 101.34    0.00  29.71  23.10  48.52  64.05  64.00  20.00  42.05  64.00  62.00  42.05   0.00
15:30:33  96.3   0.0   0.7   3.0   0.0   27  13172   8787    0    0    0 101.69    0.00  30.01  23.67  48.01  61.05  61.00  20.00  42.05  61.00  62.00  42.05   0.00
15:30:34  96.5   0.0   0.7   2.8   0.0   33  14597   8493    0    0    0 101.11    0.00  29.84  23.50  47.78  61.05  61.00  20.00  42.05  61.00  62.00  42.05   0.00
15:30:35  95.7   0.0   0.9   3.4   0.0   30  17775   8975    0    0    0 100.90    0.00  29.75  23.37  47.77  61.05  61.00  20.00  42.05  61.00  62.00  42.05   0.00
15:30:36  94.9   0.0   0.9   4.3   0.0   28  21025   9016    0    0    0 101.09    0.00  29.79  23.36  47.95  62.05  62.00  20.00  42.05  62.00  62.00  43.05   0.00
15:30:37  95.1   0.0   0.5   4.4   0.0   23  12036   7720    0    0    0 100.83    0.00  29.70  23.26  47.87  62.05  62.00  20.00  42.05  62.00  61.00  43.05   0.00
15:30:38  92.5   0.0   0.8   6.8   0.0   25  11460   7816    0    0    1 101.06    0.00  29.80  23.45  47.81  61.05  61.00  20.00  42.05  61.00  62.00  43.05   0.00
15:30:39  94.1   0.0   0.9   4.9   0.0   27  12996   7999    0    0    0 101.05    0.00  29.75  23.26  48.04  61.05  61.00  20.00  42.05  61.00  62.00  43.05   0.00
15:30:40  83.0   0.0   0.7  16.3   0.0   27  22411  29254    0    0    0 102.25    0.00  30.07  23.46  48.73  61.05  61.00  20.00  42.05  61.00  62.00  43.05   0.00
15:30:41  96.3   0.0   0.6   3.1   0.0   28   8093   7384    0    0    0 100.66    0.00  29.62  23.21  47.83  62.05  62.00  20.00  42.05  62.00  62.00  43.05   0.00
15:30:42  96.7   0.0   0.5   2.8   0.0   28   8443   7364    0    0    0 101.88    0.00  30.01  23.57  48.31  63.05  62.00  20.00  42.05  62.00  63.00  43.05   0.00
15:30:43  95.9   0.0   0.5   3.6   0.0   26   9123   7542    0    0    0 102.37    0.00  30.11  23.65  48.61  63.05  63.00  20.00  42.05  63.00  63.00  43.05   0.00
15:30:44  95.4   0.0   1.0   3.6   0.0   28   8673   7428    0    0    0 103.36    0.00  30.46  23.92  48.97  62.05  62.00  20.00  42.05  63.00  63.00  43.05   0.00
15:30:45  95.9   0.0   0.7   3.4   0.0   27   7116   7095    0    0    0 103.84    0.00  30.61  24.12  49.11  62.05  62.00  20.00  42.05  62.00  63.00  43.05   0.00
15:30:46  93.0   0.0   0.5   6.5   0.0   19   9164  19509    0    0    0 100.60    0.00  29.57  23.09  47.95  60.05  60.00  20.00  42.05  60.00  63.00  43.05   0.00
15:30:47  82.6   0.0   0.7  16.7   0.0   26  10973   6952    0    0    2  97.88    0.00  28.70  22.16  47.01  62.05  62.00  20.00  42.05  62.00  64.00  43.05   0.00
15:30:48  92.1   0.0   1.9   6.0   0.0   26  58690  11024    0    0    0 101.88    0.00  29.94  23.46  48.48  62.05  62.00  20.00  42.05  62.00  63.00  43.05   0.00
15:30:49  96.1   0.0   0.5   3.4   0.0   26   7858   7380    0    0    0 106.69    0.00  31.19  24.52  50.98  66.05  66.00  20.00  42.05  66.00  63.00  43.05   0.00
15:30:50  96.1   0.0   0.7   3.2   0.0   28   9442   7488    0    0    0 109.20    0.00  31.66  24.91  52.63  66.05  66.00  20.00  42.05  66.00  64.00  43.05   0.00
15:30:51  56.4   0.0   0.6  43.0   0.0    5   9117   5413    0    0    0  88.05    0.00  25.10  18.76  44.19  69.05  69.00  20.00  42.05  69.00  64.00  43.05   0.00
15:30:52  16.9   0.0   0.3  82.8   0.0    5   6073   1791    0    0    0  85.14    0.00  23.89  17.77  43.48  69.05  69.00  20.00  42.05  69.00  67.00  43.05   0.00
15:30:53  12.0   0.0   0.2  87.8   0.0    3   2860   1590    1    0    5  68.72    0.00  19.81  14.30  34.62  63.05  63.00  20.00  42.05  63.00  67.00  43.05   0.00
15:30:54  12.2   0.0   0.1  87.7   0.0    4   4119   1473    0    0    1  73.23    0.00  21.05  15.55  36.62  69.05  69.00  20.00  42.05  69.00  74.00  43.05   0.00
15:30:55   5.4   0.0   0.0  94.5   0.1    2    643    609    2    0    2  39.53    0.00  11.57   6.30  21.66  58.05  58.00  20.00  42.05  58.00  74.00  43.05   0.00
15:30:56   4.2   0.0   0.0  95.8   0.0    2    280    418    0    0    0  33.74    0.00  10.07   5.08  18.59  58.05  58.00  20.00  42.05  58.00  74.00  44.05   0.00
15:30:57   4.2   0.0   0.0  95.8   0.0    2    366    467    0    0    0  34.00    0.00  10.07   5.05  18.89  58.05  58.00  20.00  42.05  58.00  59.00  44.05   0.00
15:30:58  28.5   0.0   0.3  71.2   0.0    3   2151  26728    0    0    1  69.63    0.00  20.72  15.14  33.77  59.05  59.00  20.00  42.05  59.00  58.00  44.05   0.00
15:30:59   7.4   0.0   0.1  92.5   0.0    5    923   1244    2    0    2  39.71    0.00  11.64   6.32  21.75  55.05  55.00  20.00  42.05  55.00  58.00  44.05   0.00
15:31:00   8.6   0.0   0.3  91.1   0.0    2   1655   1349    2    0    0  44.54    0.00  12.86   7.54  24.14  58.05  58.00  20.00  42.05  58.00  58.00  44.05   0.00
15:31:01   4.5   0.0   0.0  95.5   0.0    2    450    605    0    0    4  34.04    0.00  10.14   5.10  18.79  58.05  58.00  20.00  42.05  58.00  58.00  44.05   0.00
15:31:02   5.7   0.0   0.2  94.0   0.0    2   4204   1146    0    0    0  38.05    0.00  11.22   5.95  20.87  57.05  57.00  20.00  42.05  57.00  58.00  44.05   0.00
15:31:03   4.4   0.0   0.0  95.5   0.0    2    421    560    0    0    0  33.42    0.00   9.94   4.90  18.58  57.05  56.00  20.00  42.05  56.00  58.00  44.05   0.00
15:31:04   5.8   0.0   0.0  94.1   0.0    3    840    962    4    0    0  38.09    0.00  11.06   5.77  21.26  62.05  62.00  20.00  42.05  62.00  58.00  44.05   0.00
15:31:05   5.9   0.0   1.0  93.1   0.0    1   2308   2064    5    4   46  38.27    0.00  11.06   6.33  20.88  56.05  56.00  20.00  42.05  56.00  58.00  44.05   0.00
-------- ----- ----- ----- ----- ----- ---- ------ ------ ---- ---- ---- ------  ------ ------ ------ ------ ------ ------ ------ ------ ------ ------ ------ ------
 Average  53.0   0.0   0.6  46.4   0.0 14.9 16756.5 7653.5  6.0  2.0  4.1  81.92    0.00  23.98  18.24  39.70  62.07  61.98  20.00  41.81  62.00  62.76  42.78   0.00
 GeoMean   0.0   0.0   0.0  23.5   0.0  9.1 7279.3 4230.9  0.0  0.0  0.0  67.81    0.00  19.79  13.17  33.96  61.85  61.77  20.00  41.81  61.78  62.59  42.77   0.00
  StdDev  38.3   0.0   0.4  38.5   0.0 11.2 18918.8 8069.4 16.8 12.0 13.6  31.40    0.00   9.24   8.19  14.05   5.20   5.22   0.00   0.42   5.22   4.68   0.75   0.00
-------- ----- ----- ----- ----- ----- ---- ------ ------ ---- ---- ---- ------  ------ ------ ------ ------ ------ ------ ------ ------ ------ ------ ------ ------
 Minimum   0.0   0.0   0.0   1.0   0.0  1.0  174.0   95.0  0.0  0.0  0.0   2.02    0.00   0.57   0.07   1.38  50.05  50.00  20.00  41.05  50.00  55.00  42.05   0.00
 Maximum  98.5   0.0   1.9 100.0   0.1 33.0 91995.0 48278.0 91.0 90.0 67.0 116.65    0.00  34.63  28.58  53.44  78.05  78.00  20.00  42.05  78.00  74.00  44.05   0.00
-------- ----- ----- ----- ----- ----- ---- ------ ------ ---- ---- ---- ------  ------ ------ ------ ------ ------ ------ ------ ------ ------ ------ ------ ------
Summary:
CPU:  81.92 Watts on average with standard deviation 31.40 
Note: power read from RAPL domains: uncore, pkg-0, core, psys.
These readings do not cover all the hardware in this device.

Histogram (of 55 power measurements)

  Range (Watts)   Count
  2.021 -  13.483     3 ####
 13.484 -  24.946     0 
 24.947 -  36.410     4 #####
 36.411 -  47.873     6 ########
 47.874 -  59.336     0 
 59.337 -  70.799     2 ##
 70.800 -  82.263     2 ##
 82.264 -  93.726     4 #####
 93.727 - 105.189    29 ########################################
105.190 - 116.652     5 ######

Histogram (of 55 CPU utilization measurements)

 Range (%CPU)   Count
 0.000 -  9.895    13 ############################
 9.896 - 19.791     7 ###############
19.792 - 29.687     2 ####
29.688 - 39.582     1 ##
39.583 - 49.478     2 ####
49.479 - 59.374     2 ####
59.375 - 69.270     2 ####
69.271 - 79.166     5 ###########
79.167 - 89.062     3 ######
89.063 - 98.957    18 ########################################

Histogram (of 55 thermal zone TCPU readings)

 Range (°C)    Count
50.050 - 52.849     3 #######
52.850 - 55.649     1 ##
55.650 - 58.449     8 ####################
58.450 - 61.249    16 ########################################
61.250 - 64.049    14 ###################################
64.050 - 66.849     3 #######
66.850 - 69.649     6 ###############
69.650 - 72.449     2 #####
72.450 - 75.249     1 ##
75.250 - 78.049     1 ##

Histogram (of 55 thermal zone x86_pkg_temp readings)

 Range (°C)    Count
50.000 - 52.799     3 #######
52.800 - 55.599     1 ##
55.600 - 58.399     8 ####################
58.400 - 61.199    16 ########################################
61.200 - 63.999    14 ###################################
64.000 - 66.799     3 #######
66.800 - 69.599     6 ###############
69.600 - 72.399     2 #####
72.400 - 75.199     1 ##
75.200 - 77.999     1 ##

Range is zero, cannot produce histogram of thermal zone INT3400 Thermal

Histogram (of 55 thermal zone SEN3 readings)

 Range (°C)    Count
41.050 - 41.149    13 ############
41.150 - 41.249     0 
41.250 - 41.349     0 
41.350 - 41.449     0 
41.450 - 41.549     0 
41.550 - 41.649     0 
41.650 - 41.749     0 
41.750 - 41.849     0 
41.850 - 41.949     0 
41.950 - 42.049    42 ########################################

Histogram (of 55 thermal zone TCPU_PCI readings)

 Range (°C)    Count
50.000 - 52.799     3 #######
52.800 - 55.599     1 ##
55.600 - 58.399     8 ####################
58.400 - 61.199    16 ########################################
61.200 - 63.999    14 ###################################
64.000 - 66.799     3 #######
66.800 - 69.599     6 ###############
69.600 - 72.399     2 #####
72.400 - 75.199     1 ##
75.200 - 77.999     1 ##

Histogram (of 55 thermal zone iwlwifi_1 readings)

 Range (°C)    Count
55.000 - 56.899     3 ########
56.900 - 58.799    10 ############################
58.800 - 60.699     2 #####
60.700 - 62.599    14 ########################################
62.600 - 64.499    13 #####################################
64.500 - 66.399     0 
66.400 - 68.299     7 ####################
68.300 - 70.199     1 ##
70.200 - 72.099     2 #####
72.100 - 73.999     3 ########

Histogram (of 55 thermal zone acpitz readings)

 Range (°C)    Count
42.050 - 42.249    25 ########################################
42.250 - 42.449     0 
42.450 - 42.649     0 
42.650 - 42.849     0 
42.850 - 43.049    20 ################################
43.050 - 43.249     0 
43.250 - 43.449     0 
43.450 - 43.649     0 
43.650 - 43.849     0 
43.850 - 44.049    10 ################

Range is zero, cannot produce histogram of thermal zone SEN2
