Running for 86400.0 seconds (86400 samples at 1.0 second intervals).
Power measurements will start in 0 seconds time.

  Time    User  Nice   Sys  Idle    IO  Run Ctxt/s  IRQ/s Fork Exec Exit  Watts  uncore  pkg-0   core   psys   TCPU x86_pk INT340   SEN3 TCPU_P iwlwif acpitz   SEN2
21:12:03   0.0   0.0   0.0 100.0   0.0    1    205    411    0    0    0   4.68    0.00   1.24   0.18   3.26  52.05  52.00  20.00  41.05  52.00  56.00  42.05   0.00
21:12:04   0.0   0.0   0.0 100.0   0.0    1    207     96    0    0    0   1.90    0.00   0.53   0.06   1.31  52.05  52.00  20.00  41.05  52.00  56.00  42.05   0.00
21:12:05   0.1   0.0   0.1  99.8   0.0    2    343    171   14    6    8   5.21    0.00   1.42   0.19   3.60  50.05  50.00  20.00  42.05  50.00  55.00  42.05   0.00
21:12:06  16.8   0.0   0.8  82.3   0.0    5  43602   5984   38    0    0 103.05    0.00  30.25  24.62  48.18  73.05  73.00  20.00  42.05  73.00  55.00  42.05   0.00
21:12:07  19.5   0.0   0.5  79.9   0.0    5  35638   5344   52    7   28 105.03    0.00  30.76  24.93  49.34  68.05  68.00  20.00  42.05  68.00  55.00  42.05   0.00
21:12:08  21.7   0.0   1.8  76.5   0.0    6  84125  17186   72    2   50 101.00    0.00  29.50  23.46  48.03  62.05  62.00  20.00  42.05  62.00  57.00  42.05   0.00
21:12:09  14.1   0.0   1.1  84.8   0.0    5  30710   8248   54   66   49  83.95    0.00  23.95  17.78  42.22  57.05  57.00  20.00  42.05  57.00  66.00  42.05   0.00
21:12:10  15.9   0.0   0.8  83.4   0.0    5  40901   5084   18   24   18  85.15    0.00  24.32  18.32  42.51  69.05  69.00  20.00  42.05  69.00  66.00  42.05   0.00
21:12:11  51.0   0.0   1.3  47.7   0.0   20  54813   9462   26    0    0 114.78    0.00  34.00  27.93  52.85  62.05  62.00  20.00  42.05  62.00  61.00  42.05   0.00
21:12:12  69.6   0.0   1.3  29.1   0.0   23  31878  12628    0    0    1 101.04    0.00  29.82  23.62  47.60  62.05  62.00  20.00  42.05  62.00  61.00  42.05   0.00
21:12:13  72.9   0.0   0.8  26.3   0.0   19  19865   7101    0    0    0 102.81    0.00  30.17  23.65  48.99  60.05  60.00  20.00  42.05  60.00  62.00  42.05   0.00
21:12:14  69.0   0.0   0.6  30.4   0.0   19  19000   6733    0    0    1 102.25    0.00  30.12  23.81  48.32  60.05  60.00  20.00  42.05  60.00  62.00  42.05   0.00
21:12:15  68.1   0.0   0.9  31.0   0.0    5  18625   7074    0    0    0  98.29    0.00  28.87  22.54  46.87  60.05  60.00  20.00  42.05  60.00  62.00  42.05   0.00
21:12:16  35.0   0.0   0.3  64.6   0.0    5  16379   4750    1    0    1 105.41    0.00  31.00  25.07  49.34  70.05  70.00  20.00  42.05  70.00  62.00  42.05   0.00
21:12:17  17.3   0.0   0.3  82.3   0.0   32  22291   3384   15    0    2  90.08    0.00  25.88  19.83  44.38  75.05  75.00  20.00  42.05  78.00  62.00  42.05   0.00
21:12:18  72.8   0.0   1.2  26.0   0.0   28  22072   8679   24    0    1 113.42    0.00  33.57  27.29  52.56  61.05  61.00  20.00  42.05  61.00  65.00  42.05   0.00
21:12:19  98.3   0.0   0.5   1.2   0.0   27   6593   7684    0    0    0 100.58    0.00  29.77  23.82  46.99  60.05  60.00  20.00  42.05  61.00  68.00  42.05   0.00
21:12:20  72.2   0.0   0.7  27.1   0.0    8  21683  38710    0    0    0  98.38    0.00  29.06  23.15  46.17  63.05  63.00  20.00  41.05  63.00  68.00  42.05   0.00
21:12:21  18.4   0.0   0.3  81.2   0.0    6  42429   6820    0    0    0  97.28    0.00  28.09  22.16  47.04  73.05  73.00  20.00  41.05  72.00  61.00  42.05   0.00
21:12:22  59.3   0.0   0.6  40.0   0.0   27  45701   8706    0    0    1 115.08    0.00  33.98  27.66  53.45  60.05  60.00  20.00  41.05  60.00  61.00  43.05   0.00
21:12:23  86.0   0.0   0.8  13.2   0.0   27  16959   8050    0    0    0 101.13    0.00  29.57  23.30  48.26  61.05  61.00  20.00  41.05  61.00  73.00  43.05   0.00
21:12:24  96.6   0.0   0.6   2.8   0.0   29  13699   8980    0    0    0 103.32    0.00  29.98  23.59  49.75  61.05  61.00  20.00  41.05  61.00  73.00  43.05   0.00
21:12:25  96.7   0.0   0.7   2.7   0.0   28  15370   9275    0    0    0 102.98    0.00  29.71  23.14  50.12  61.05  61.00  20.00  42.05  61.00  61.00  43.05   0.00
21:12:26  96.8   0.0   0.7   2.6   0.0    3  11603   8283    0    0    0 102.19    0.00  29.78  23.42  48.99  61.05  61.00  20.00  42.05  61.00  61.00  43.05   0.00
21:12:27  95.7   0.0   0.7   3.6   0.0   18  13288   7858    0    0    0 101.20    0.00  29.79  23.45  47.97  62.05  62.00  20.00  42.05  62.00  61.00  43.05   0.00
21:12:28  95.5   0.0   0.9   3.6   0.0   27  11137   8144    0    0    0 101.01    0.00  29.79  23.44  47.78  62.05  62.00  20.00  42.05  62.00  63.00  43.05   0.00
21:12:29  90.2   0.0   0.5   9.3   0.0   18  12568  16918    0    0    0  99.37    0.00  29.36  23.09  46.93  62.05  62.00  20.00  42.05  62.00  62.00  43.05   0.00
21:12:30  53.3   0.0   0.6  46.1   0.0    5  14507  10840    0    0    0  95.32    0.00  27.99  21.99  45.34  72.05  72.00  20.00  42.05  72.00  62.00  43.05   0.00
21:12:31  17.5   0.0   0.2  82.3   0.0    3   8933   2207    0    0    2  94.02    0.00  27.23  21.59  45.20  60.05  60.00  20.00  42.05  60.00  63.00  43.05   0.00
21:12:32  12.4   0.0   0.2  87.4   0.0    3   5687   1907    1    0    1  70.53    0.00  20.37  14.79  35.38  64.05  64.00  20.00  42.05  64.00  63.00  44.05   0.00
21:12:33   5.8   0.0   0.5  93.7   0.0    1   5338   2428    7    4   48  41.21    0.00  11.70   7.42  22.09  55.05  55.00  20.00  42.05  55.00  63.00  44.05   0.00
-------- ----- ----- ----- ----- ----- ---- ------ ------ ---- ---- ---- ------  ------ ------ ------ ------ ------ ------ ------ ------ ------ ------ ------ ------
 Average  49.6   0.0   0.7  49.7   0.0 13.3 22133.8 8036.9 10.4  3.5  6.8  88.44    0.00  25.86  20.30  42.28  62.31  62.26  20.00  41.82  62.35  62.13  42.50   0.00
 GeoMean   0.0   0.0   0.0  28.7   0.0  8.2 12776.2 5129.9  0.0  0.0  0.0  69.90    0.00  20.27  13.34  34.70  62.02  61.97  20.00  41.82  62.06  61.97  42.50   0.00
  StdDev  35.1   0.0   0.4  35.2   0.0 10.7 18060.0 6913.5 18.8 12.3 15.0  30.72    0.00   9.09   7.61  14.09   5.98   5.98   0.00   0.42   6.15   4.43   0.61   0.00
-------- ----- ----- ----- ----- ----- ---- ------ ------ ---- ---- ---- ------  ------ ------ ------ ------ ------ ------ ------ ------ ------ ------ ------ ------
 Minimum   0.0   0.0   0.0   1.2   0.0  1.0  205.0   96.0  0.0  0.0  0.0   1.90    0.00   0.53   0.06   1.31  50.05  50.00  20.00  41.05  50.00  55.00  42.05   0.00
 Maximum  98.3   0.0   1.8 100.0   0.0 32.0 84125.0 38710.0 72.0 66.0 50.0 115.08    0.00  34.00  27.93  53.45  75.05  75.00  20.00  42.05  78.00  73.00  44.05   0.00
-------- ----- ----- ----- ----- ----- ---- ------ ------ ---- ---- ---- ------  ------ ------ ------ ------ ------ ------ ------ ------ ------ ------ ------ ------
Summary:
CPU:  88.44 Watts on average with standard deviation 30.72 
Note: power read from RAPL domains: uncore, pkg-0, core, psys.
These readings do not cover all the hardware in this device.

Histogram (of 31 power measurements)

  Range (Watts)   Count
  1.903 -  13.220     3 ######
 13.221 -  24.538     0 
 24.539 -  35.856     0 
 35.857 -  47.173     1 ##
 47.174 -  58.491     0 
 58.492 -  69.809     0 
 69.810 -  81.127     1 ##
 81.128 -  92.445     3 ######
 92.446 - 103.762    18 ########################################
103.763 - 115.080     5 ###########

Histogram (of 31 CPU utilization measurements)

 Range (%CPU)   Count
 0.000 -  9.882     4 ######################
 9.883 - 19.765     7 ########################################
19.766 - 29.649     2 ###########
29.650 - 39.532     1 #####
39.533 - 49.415     0 
49.416 - 59.298     2 ###########
59.299 - 69.181     2 ###########
69.182 - 79.065     5 ############################
79.066 - 88.948     1 #####
88.949 - 98.831     7 ########################################

Histogram (of 31 thermal zone TCPU readings)

 Range (°C)    Count
50.050 - 52.549     3 ##########
52.550 - 55.049     1 ###
55.050 - 57.549     1 ###
57.550 - 60.049     6 #####################
60.050 - 62.549    11 ########################################
62.550 - 65.049     2 #######
65.050 - 67.549     0 
67.550 - 70.049     3 ##########
70.050 - 72.549     1 ###
72.550 - 75.049     3 ##########

Histogram (of 31 thermal zone x86_pkg_temp readings)

 Range (°C)    Count
50.000 - 52.499     3 ##########
52.500 - 54.999     1 ###
55.000 - 57.499     1 ###
57.500 - 59.999     6 #####################
60.000 - 62.499    11 ########################################
62.500 - 64.999     2 #######
65.000 - 67.499     0 
67.500 - 69.999     3 ##########
70.000 - 72.499     1 ###
72.500 - 74.999     3 ##########

Range is zero, cannot produce histogram of thermal zone INT3400 Thermal

Histogram (of 31 thermal zone SEN3 readings)

 Range (°C)    Count
41.050 - 41.149     7 ###########
41.150 - 41.249     0 
41.250 - 41.349     0 
41.350 - 41.449     0 
41.450 - 41.549     0 
41.550 - 41.649     0 
41.650 - 41.749     0 
41.750 - 41.849     0 
41.850 - 41.949     0 
41.950 - 42.049    24 ########################################

Histogram (of 31 thermal zone TCPU_PCI readings)

 Range (°C)    Count
50.000 - 52.799     3 ##########
52.800 - 55.599     1 ###
55.600 - 58.399     1 ###
58.400 - 61.199    11 ########################################
61.200 - 63.999     8 #############################
64.000 - 66.799     0 
66.800 - 69.599     2 #######
69.600 - 72.399     3 ##########
72.400 - 75.199     1 ###
75.200 - 77.999     1 ###

Histogram (of 31 thermal zone iwlwifi_1 readings)

 Range (°C)    Count
55.000 - 56.799     5 ##############
56.800 - 58.599     1 ##
58.600 - 60.399     0 
60.400 - 62.199    14 ########################################
62.200 - 63.999     4 ###########
64.000 - 65.799     1 ##
65.800 - 67.599     2 #####
67.600 - 69.399     2 #####
69.400 - 71.199     0 
71.200 - 72.999     2 #####

Histogram (of 31 thermal zone acpitz readings)

 Range (°C)    Count
42.050 - 42.249    19 ########################################
42.250 - 42.449     0 
42.450 - 42.649     0 
42.650 - 42.849     0 
42.850 - 43.049    10 #####################
43.050 - 43.249     0 
43.250 - 43.449     0 
43.450 - 43.649     0 
43.650 - 43.849     0 
43.850 - 44.049     2 ####

Range is zero, cannot produce histogram of thermal zone SEN2
