Running for 86400.0 seconds (86400 samples at 1.0 second intervals).
Power measurements will start in 0 seconds time.

  Time    User  Nice   Sys  Idle    IO  Run Ctxt/s  IRQ/s Fork Exec Exit  Watts  uncore  pkg-0   core   psys   TCPU x86_pk INT340   SEN3 TCPU_P iwlwif acpitz   SEN2
21:20:48   0.0   0.0   0.0 100.0   0.0    1    209    355    0    0    0   9.33    0.00   2.16   0.19   6.98  57.05  57.00  20.00  43.05  57.00  64.00  46.05   0.00
21:20:49   0.0   0.0   0.0 100.0   0.0    1    251    125    0    0    0   7.18    0.00   1.61   0.07   5.50  57.05  57.00  20.00  43.05  57.00  64.00  46.05   0.00
21:20:50   0.0   0.0   0.1  99.9   0.0    2    389    174   14    6    8   7.98    0.00   1.84   0.19   5.96  56.05  56.00  20.00  44.05  56.00  59.00  46.05   0.00
21:20:51  12.0   0.0   1.0  87.0   0.0    7  42162   5491   34    0    0  93.06    0.00  25.92  20.14  47.00  77.05  77.00  20.00  44.05  77.00  59.00  46.05   0.00
21:20:52  13.7   0.0   1.0  85.2   0.0    2  24141   4592   69    9   44  90.87    0.00  25.08  18.56  47.23  62.05  62.00  20.00  44.05  62.00  59.00  46.05   0.00
21:20:53  23.7   0.0   1.9  74.4   0.0    5  82686  17699   34    0    9  99.84    0.00  28.40  22.30  49.15  66.05  66.00  20.00  44.05  66.00  72.00  46.05   0.00
21:20:54  12.8   0.0   1.0  86.3   0.0    3  50880   8682   20   21   13  85.39    0.00  23.65  17.43  44.31  79.05  79.00  20.00  44.05  79.00  65.00  46.05   0.00
21:20:55  11.7   0.0   0.5  87.8   0.0   11  41179   4960   40   53   42  90.24    0.00  24.91  18.17  47.15  76.05  76.00  20.00  44.05  76.00  65.00  46.05   0.00
21:20:56  42.4   0.0   1.2  56.3   0.0   20  53156   7870   31    0    0 118.38    0.00  34.00  27.39  56.99  64.05  64.00  20.00  44.05  62.00  75.00  46.05   0.00
21:20:57  72.5   0.0   1.3  26.3   0.0   20  40196  14167    0    0    1 104.12    0.00  29.68  22.90  51.54  65.05  65.00  20.00  44.05  65.00  75.00  46.05   0.00
21:20:58  74.6   0.0   0.6  24.7   0.0   19  20518   7319    0    0    1 104.39    0.00  29.88  23.10  51.41  64.05  64.00  20.00  44.05  64.00  64.00  46.05   0.00
21:20:59  70.3   0.0   0.8  29.0   0.0   19  20249   7075    0    0    0 105.89    0.00  30.31  23.42  52.16  65.05  65.00  20.00  44.05  65.00  64.00  46.05   0.00
21:21:00  73.5   0.0   1.1  25.4   0.0   19  27384   8027    0    0    0 104.33    0.00  29.82  23.04  51.47  65.05  65.00  20.00  44.05  65.00  65.00  46.05   0.00
21:21:01  39.6   0.0   0.4  60.0   0.0   25  19336   5188    1    0    1 107.33    0.00  30.64  24.19  52.50  68.05  68.00  20.00  44.05  68.00  65.00  46.05   0.00
21:21:02  26.3   0.0   0.3  73.4   0.0    5  12928   3396    0    0    2  94.68    0.00  26.51  20.18  48.00  76.05  76.00  20.00  44.05  76.00  65.00  46.05   0.00
21:21:03  36.1   0.0   0.5  63.3   0.1   28  25659   5810   10    0    1 109.66    0.00  31.19  24.61  53.86  65.05  65.00  20.00  44.05  65.00  71.00  46.05   0.00
21:21:04  65.4   0.0   0.8  33.9   0.0   28  15724   6962   24    0    0 107.38    0.00  30.81  24.35  52.23  65.05  65.00  20.00  44.05  66.00  70.00  46.05   0.00
21:21:05  86.4   0.0   0.8  12.8   0.0   28  19573  42886    0    0    0 103.42    0.00  29.78  23.40  50.24  66.05  66.00  20.00  44.05  66.00  70.00  46.05   0.00
21:21:06  97.2   0.0   0.5   2.3   0.0   28   6084   7038    0    0    0 106.33    0.00  30.58  24.08  51.68  66.05  66.00  20.00  44.05  66.00  65.00  46.05   0.00
21:21:07  78.0   0.0   0.5  21.4   0.0   27  25144   9028    0    0    1  98.52    0.00  28.23  21.56  48.73  66.05  66.00  20.00  44.05  66.00  65.00  46.05   0.00
21:21:08  91.3   0.0   0.8   7.9   0.0   24  20569   7325    0    0    0 109.20    0.00  31.43  24.78  52.99  65.05  65.00  20.00  44.05  65.00  65.00  46.05   0.00
21:21:09  95.0   0.0   0.6   4.4   0.0   13  12327   7517    0    0    0 103.69    0.00  29.67  22.93  51.08  66.05  66.00  20.00  44.05  66.00  65.00  46.05   0.00
21:21:10  83.6   0.0   0.6  15.8   0.0   29  24152   8310    0    0    0 103.35    0.00  29.71  23.04  50.60  64.05  64.00  20.00  44.05  64.00  65.00  46.05   0.00
21:21:11  96.1   0.0   0.9   3.0   0.0   28  10453   7693    0    0    0 105.63    0.00  30.06  23.05  52.52  63.05  63.00  20.00  44.05  63.00  65.00  46.05   0.00
21:21:12  95.7   0.0   1.0   3.2   0.0   30  11687   7997    0    0    0 105.34    0.00  29.52  22.60  53.21  64.05  64.00  20.00  44.05  64.00  65.00  46.05   0.00
21:21:13  95.5   0.0   0.8   3.7   0.0   31  15197   7962    0    0    0 105.02    0.00  29.89  22.89  52.24  63.05  63.00  20.00  44.05  63.00  64.00  46.05   0.00
21:21:14  95.9   0.0   0.6   3.6   0.0   28  11446   7544    0    0    0 103.78    0.00  29.67  22.84  51.27  64.05  64.00  20.00  44.05  64.00  64.00  46.05   0.00
21:21:15  94.7   0.0   0.7   4.7   0.0   32  12489   7395    0    0    0 103.94    0.00  29.72  22.87  51.35  64.05  64.00  20.00  44.05  64.00  64.00  46.05   0.00
21:21:16  95.1   0.0   0.7   4.2   0.0   26  10595   7146    0    0    0 104.77    0.00  29.97  23.09  51.71  65.05  65.00  20.00  44.05  65.00  64.00  46.05   0.00
21:21:17  94.9   0.0   0.9   4.2   0.0   28  10408   7287    0    0    0 106.13    0.00  30.26  23.19  52.68  64.05  64.00  20.00  44.05  64.00  65.00  46.05   0.00
21:21:18  94.7   0.0   0.7   4.6   0.0   30  12259   7381    0    0    0 105.45    0.00  30.18  23.27  52.00  64.05  64.00  20.00  44.05  64.00  65.00  46.05   0.00
21:21:19  80.3   0.0   1.0  18.8   0.0   31  22951  19649    0    0    0  98.89    0.00  28.28  21.56  49.05  63.05  65.00  20.00  44.05  65.00  65.00  46.05   0.00
21:21:20  95.4   0.0   0.6   4.0   0.0   28  11194   7578    0    0    0 104.46    0.00  29.91  23.05  51.50  65.05  65.00  20.00  44.05  65.00  65.00  46.05   0.00
21:21:21  62.1   0.0   0.4  37.5   0.0    5  11269   5333    0    0    0  98.66    0.00  27.95  21.38  49.33  80.05  80.00  20.00  44.05  80.00  65.00  46.05   0.00
21:21:22  18.2   0.0   0.2  81.6   0.0    5  11995   2487    0    0    0 106.06    0.00  30.09  23.84  52.14  74.05  74.00  20.00  44.05  74.00  65.00  46.05   0.00
21:21:23  11.2   0.0   0.5  88.3   0.0    2  14595   3357    6    4  116  72.98    0.00  20.48  15.39  37.11  60.05  60.00  20.00  44.05  60.00  65.00  47.05   0.00
-------- ----- ----- ----- ----- ----- ---- ------ ------ ---- ---- ---- ------  ------ ------ ------ ------ ------ ------ ------ ------ ------ ------ ------ ------
 Average  59.3   0.0   0.7  40.0   0.0 18.6 20873.2 8022.4  7.9  2.6  6.6  94.05    0.00  26.72  20.53  46.80  65.97  65.97  20.00  43.99  65.94  65.47  46.08   0.00
 GeoMean   0.0   0.0   0.0  21.0   0.0 12.7 13308.4 5491.5  0.0  0.0  0.0  82.23    0.00  22.95  14.55  42.26  65.74  65.75  20.00  43.99  65.72  65.38  46.08   0.00
  StdDev  35.4   0.0   0.4  35.5   0.0 11.1 16454.8 7060.8 15.6  9.3 21.0  27.02    0.00   7.87   6.53  12.67   5.61   5.60   0.00   0.23   5.62   3.51   0.16   0.00
-------- ----- ----- ----- ----- ----- ---- ------ ------ ---- ---- ---- ------  ------ ------ ------ ------ ------ ------ ------ ------ ------ ------ ------ ------
 Minimum   0.0   0.0   0.0   2.3   0.0  1.0  209.0  125.0  0.0  0.0  0.0   7.18    0.00   1.61   0.07   5.50  56.05  56.00  20.00  43.05  56.00  59.00  46.05   0.00
 Maximum  97.2   0.0   1.9 100.0   0.1 32.0 82686.0 42886.0 69.0 53.0 116.0 118.38    0.00  34.00  27.39  56.99  80.05  80.00  20.00  44.05  80.00  75.00  47.05   0.00
-------- ----- ----- ----- ----- ----- ---- ------ ------ ---- ---- ---- ------  ------ ------ ------ ------ ------ ------ ------ ------ ------ ------ ------ ------
Summary:
CPU:  94.05 Watts on average with standard deviation 27.02 
Note: power read from RAPL domains: uncore, pkg-0, core, psys.
These readings do not cover all the hardware in this device.

Histogram (of 36 power measurements)

  Range (Watts)   Count
  7.177 -  18.296     3 #####
 18.297 -  29.416     0 
 29.417 -  40.536     0 
 40.537 -  51.656     0 
 51.657 -  62.777     0 
 62.778 -  73.897     1 #
 73.898 -  85.017     0 
 85.018 -  96.137     5 #########
 96.138 - 107.257    22 ########################################
107.258 - 118.378     5 #########

Histogram (of 36 CPU utilization measurements)

 Range (%CPU)   Count
 0.000 -  9.765     3 ##########
 9.766 - 19.532     6 ####################
19.533 - 29.298     2 ######
29.299 - 39.065     1 ###
39.066 - 48.831     2 ######
48.832 - 58.597     0 
58.598 - 68.364     2 ######
68.365 - 78.130     4 #############
78.131 - 87.896     4 #############
87.897 - 97.663    12 ########################################

Histogram (of 36 thermal zone TCPU readings)

 Range (°C)    Count
56.050 - 58.449     3 #######
58.450 - 60.849     1 ##
60.850 - 63.249     4 ##########
63.250 - 65.649    16 ########################################
65.650 - 68.049     6 ###############
68.050 - 70.449     0 
70.450 - 72.849     0 
72.850 - 75.249     1 ##
75.250 - 77.649     3 #######
77.650 - 80.049     2 #####

Histogram (of 36 thermal zone x86_pkg_temp readings)

 Range (°C)    Count
56.000 - 58.399     3 #######
58.400 - 60.799     1 ##
60.800 - 63.199     3 #######
63.200 - 65.599    17 ########################################
65.600 - 67.999     6 ##############
68.000 - 70.399     0 
70.400 - 72.799     0 
72.800 - 75.199     1 ##
75.200 - 77.599     3 #######
77.600 - 79.999     2 ####

Range is zero, cannot produce histogram of thermal zone INT3400 Thermal

Histogram (of 36 thermal zone SEN3 readings)

 Range (°C)    Count
43.050 - 43.149     2 ##
43.150 - 43.249     0 
43.250 - 43.349     0 
43.350 - 43.449     0 
43.450 - 43.549     0 
43.550 - 43.649     0 
43.650 - 43.749     0 
43.750 - 43.849     0 
43.850 - 43.949     0 
43.950 - 44.049    34 ########################################

Histogram (of 36 thermal zone TCPU_PCI readings)

 Range (°C)    Count
56.000 - 58.399     3 ########
58.400 - 60.799     1 ##
60.800 - 63.199     4 ##########
63.200 - 65.599    15 ########################################
65.600 - 67.999     7 ##################
68.000 - 70.399     0 
70.400 - 72.799     0 
72.800 - 75.199     1 ##
75.200 - 77.599     3 ########
77.600 - 79.999     2 #####

Histogram (of 36 thermal zone iwlwifi_1 readings)

 Range (°C)    Count
59.000 - 60.599     3 ####
60.600 - 62.199     0 
62.200 - 63.799     0 
63.800 - 65.399    27 ########################################
65.400 - 66.999     0 
67.000 - 68.599     0 
68.600 - 70.199     2 ##
70.200 - 71.799     1 #
71.800 - 73.399     1 #
73.400 - 74.999     2 ##

Histogram (of 36 thermal zone acpitz readings)

 Range (°C)    Count
46.050 - 46.149    35 ########################################
46.150 - 46.249     0 
46.250 - 46.349     0 
46.350 - 46.449     0 
46.450 - 46.549     0 
46.550 - 46.649     0 
46.650 - 46.749     0 
46.750 - 46.849     0 
46.850 - 46.949     0 
46.950 - 47.049     1 #

Range is zero, cannot produce histogram of thermal zone SEN2
