Running for 86400.0 seconds (86400 samples at 1.0 second intervals).
Power measurements will start in 0 seconds time.

  Time    User  Nice   Sys  Idle    IO  Run Ctxt/s  IRQ/s Fork Exec Exit  Watts  uncore  pkg-0   core   psys   TCPU x86_pk INT340   SEN3 TCPU_P iwlwif acpitz   SEN2
01:24:27   0.0   0.0   0.0 100.0   0.0    1    240    423    0    0    0   5.12    0.00   1.31   0.18   3.63  51.05  51.00  20.00  40.05  51.00  68.00  41.05   0.00
01:24:28   0.0   0.0   0.0 100.0   0.0    1    178     86    0    0    0   1.69    0.00   0.46   0.05   1.17  50.05  50.00  20.00  40.05  51.00  68.00  40.05   0.00
01:24:29   0.0   0.0   0.1  99.9   0.0    2    258    132    8    6    8   5.21    0.00   1.42   0.15   3.65  49.05  49.00  20.00  40.05  49.00  61.00  40.05   0.00
01:24:30  15.7   0.0   1.0  83.3   0.0    6  44793   5936   41    0    0  81.76    0.00  23.52  17.96  40.28  64.05  64.00  20.00  40.05  64.00  55.00  40.05   0.00
01:24:31  16.4   0.0   0.8  82.9   0.0    3  36535   4809    9    4    4  77.01    0.00  22.01  16.41  38.59  58.05  58.00  20.00  40.05  58.00  55.00  40.05   0.00
01:24:32  17.5   0.0   0.7  81.7   0.0    5  31901   4786   33    3   24  78.82    0.00  22.33  16.44  40.05  60.05  60.00  20.00  40.05  60.00  64.00  40.05   0.00
01:24:33  12.8   0.0   1.2  86.0   0.0   12  42154   9138   88    2   41  79.85    0.00  22.96  17.23  39.66  73.05  73.00  20.00  40.05  73.00  64.00  40.05   0.00
01:24:34  21.8   0.0   1.4  76.8   0.0    4 103358  17724    4    0    9  87.67    0.00  25.64  20.15  41.88  56.05  56.00  20.00  40.05  56.00  57.00  40.05   0.00
01:24:35  11.3   0.0   1.0  87.7   0.0    6  40759   5240   56   74   55  85.42    0.00  24.18  17.77  43.47  61.05  61.00  20.00  40.05  61.00  57.00  40.05   0.00
01:24:36  17.9   0.0   0.7  81.4   0.0   25  62990   6717   30    0    0 111.02    0.00  32.77  27.05  51.19  75.05  74.00  20.00  40.05  74.00  61.00  40.05   0.00
01:24:37  76.2   0.0   1.5  22.3   0.0   21  62743  16247    0    0    3 107.80    0.00  32.00  25.82  49.97  61.05  61.00  20.00  40.05  61.00  61.00  40.05   0.00
01:24:38  72.0   0.0   0.7  27.3   0.0   20  27065   7774    0    0    0 102.81    0.00  30.23  23.77  48.81  60.05  60.00  20.00  40.05  60.00  61.00  40.05   0.00
01:24:39  76.5   0.0   0.9  22.6   0.0   19  22860   7674    0    0    2 101.87    0.00  30.11  23.73  48.02  59.05  59.00  20.00  40.05  59.00  61.00  40.05   0.00
01:24:40  71.1   0.0   0.6  28.2   0.0   15  43714   9681    0    0    0 101.49    0.00  29.83  23.28  48.38  58.05  58.00  20.00  40.05  58.00  60.00  40.05   0.00
01:24:41  42.6   0.0   0.3  57.0   0.0   20  22688   5835    1    0    1 103.09    0.00  30.31  24.31  48.47  62.05  62.00  20.00  40.05  62.00  60.00  40.05   0.00
01:24:42  29.9   0.0   0.4  69.6   0.0   32  20592   4367    9    0    1  95.83    0.00  27.89  22.05  45.89  75.05  75.00  20.00  40.05  75.00  66.00  40.05   0.00
01:24:43  65.9   0.0   0.9  33.2   0.0   34  19718   8102   24    0    0 111.15    0.00  33.03  26.94  51.18  61.05  61.00  20.00  40.05  61.00  66.00  40.05   0.00
01:24:44  98.5   0.0   0.3   1.2   0.0   28   6523   7687    0    0    0 102.58    0.00  30.42  24.51  47.64  60.05  60.00  20.00  40.05  60.00  67.00  40.05   0.00
01:24:45  97.8   0.0   0.5   1.7   0.0   28   5282   7177    0    0    0 103.73    0.00  30.57  24.37  48.80  59.05  59.00  20.00  40.05  59.00  67.00  40.05   0.00
01:24:46  66.9   0.0   1.0  32.1   0.0   28  28976  38368    0    0    0  96.69    0.00  28.69  22.72  45.28  58.05  58.00  20.00  41.05  58.00  60.00  40.05   0.00
01:24:47  86.7   0.0   0.6  12.6   0.1   24  34629   9162    0    0    1 103.44    0.00  30.50  24.25  48.70  60.05  60.00  20.00  41.05  60.00  60.00  40.05   0.00
01:24:48  95.4   0.0   0.7   3.9   0.0   31  10625   7218    0    0    0 101.16    0.00  29.87  23.64  47.65  60.05  60.00  20.00  41.05  60.00  60.00  41.05   0.00
01:24:49  86.2   0.0   0.8  13.1   0.0   29  15077   7578    0    0    0 101.98    0.00  30.04  23.76  48.18  58.05  58.00  20.00  41.05  58.00  60.00  41.05   0.00
01:24:50  96.2   0.0   0.6   3.2   0.0   36  11372   7939    0    0    0 102.37    0.00  29.70  23.33  49.35  60.05  60.00  20.00  41.05  60.00  60.00  41.05   0.00
01:24:51  96.4   0.0   0.8   2.8   0.0   29  19043   9075    0    0    0 102.74    0.00  29.82  23.43  49.48  60.05  60.00  20.00  41.05  60.00  60.00  41.05   0.00
01:24:52  96.1   0.0   0.4   3.5   0.0   28  11499   7774    0    0    0 103.25    0.00  29.91  23.34  50.00  59.05  59.00  20.00  41.05  59.00  61.00  41.05   0.00
01:24:53  95.4   0.0   0.6   4.0   0.0   31  11433   7551    0    0    0 101.20    0.00  29.75  23.32  48.13  61.05  61.00  20.00  41.05  61.00  61.00  41.05   0.00
01:24:54  94.9   0.0   0.7   4.4   0.0   30  11545   7433    0    0    0 101.00    0.00  29.78  23.36  47.86  62.05  62.00  20.00  41.05  62.00  61.00  41.05   0.00
01:24:55  95.1   0.0   0.5   4.3   0.0   30  10092   7027    0    0    0 100.84    0.00  29.73  23.33  47.79  59.05  59.00  20.00  41.05  59.00  61.00  41.05   0.00
01:24:56  94.7   0.0   0.8   4.5   0.0   30  12614   7758    0    0    0 101.04    0.00  29.81  23.42  47.81  61.05  61.00  20.00  41.05  61.00  61.00  41.05   0.00
01:24:57  94.6   0.0   0.8   4.6   0.0   27  12860   7658    0    0    0 101.02    0.00  29.80  23.38  47.85  62.05  62.00  20.00  41.05  62.00  61.00  41.05   0.00
01:24:58  96.0   0.0   0.6   3.4   0.0   19   9098   7194    0    0    0  99.90    0.00  29.45  23.09  47.36  60.05  60.00  20.00  41.05  60.00  61.00  41.05   0.00
01:24:59  59.7   0.0   0.7  39.6   0.0    4  16744  34887    0    0    0  96.17    0.00  28.27  22.19  45.71  76.05  76.00  20.00  41.05  73.00  61.00  42.05   0.00
01:25:00  17.4   0.0   0.2  82.3   0.0    5   4715   1834    0    0    4  97.65    0.00  28.36  22.38  46.91  74.05  74.00  20.00  41.05  74.00  62.00  42.05   0.00
01:25:01  14.6   0.0   0.1  85.3   0.0    5   5478   2138    1    0    1  79.10    0.00  23.06  17.45  38.59  64.05  64.00  20.00  41.05  64.00  70.00  42.05   0.00
01:25:02  12.4   0.0   0.2  87.4   0.0    5   5778   2124    4    2    4  65.68    0.00  18.87  13.16  33.65  65.05  65.00  20.00  41.05  65.00  70.00  42.05   0.00
-------- ----- ----- ----- ----- ----- ---- ------ ------ ---- ---- ---- ------  ------ ------ ------ ------ ------ ------ ------ ------ ------ ------ ------ ------
 Average  56.7   0.0   0.6  42.6   0.0 18.7 22942.5 8395.9  8.6  2.5  4.4  88.87    0.00  26.01  20.33  42.53  61.47  61.39  20.00  40.52  61.33  61.92  40.61   0.00
 GeoMean   0.0   0.0   0.0  20.7   0.0 12.9 12778.8 5385.4  0.0  0.0  0.0  72.90    0.00  21.16  14.11  36.03  61.16  61.09  20.00  40.52  61.05  61.81  40.60   0.00
  StdDev  36.9   0.0   0.3  37.0   0.0 11.6 21175.2 7734.4 18.8 12.2 11.5  27.55    0.00   8.19   6.82  12.62   6.26   6.20   0.00   0.50   5.97   3.66   0.68   0.00
-------- ----- ----- ----- ----- ----- ---- ------ ------ ---- ---- ---- ------  ------ ------ ------ ------ ------ ------ ------ ------ ------ ------ ------ ------
 Minimum   0.0   0.0   0.0   1.2   0.0  1.0  178.0   86.0  0.0  0.0  0.0   1.69    0.00   0.46   0.05   1.17  49.05  49.00  20.00  40.05  49.00  55.00  40.05   0.00
 Maximum  98.5   0.0   1.5 100.0   0.1 36.0 103358.0 38368.0 88.0 74.0 55.0 111.15    0.00  33.03  27.05  51.19  76.05  76.00  20.00  41.05  75.00  70.00  42.05   0.00
-------- ----- ----- ----- ----- ----- ---- ------ ------ ---- ---- ---- ------  ------ ------ ------ ------ ------ ------ ------ ------ ------ ------ ------ ------
Summary:
CPU:  88.87 Watts on average with standard deviation 27.55 
Note: power read from RAPL domains: uncore, pkg-0, core, psys.
These readings do not cover all the hardware in this device.

Histogram (of 36 power measurements)

  Range (Watts)   Count
  1.685 -  12.631     3 ######
 12.632 -  23.577     0 
 23.578 -  34.524     0 
 34.525 -  45.470     0 
 45.471 -  56.417     0 
 56.418 -  67.363     1 ##
 67.364 -  78.310     1 ##
 78.311 -  89.256     6 ############
 89.257 - 100.203     5 ##########
100.204 - 111.149    20 ########################################

Histogram (of 36 CPU utilization measurements)

 Range (%CPU)   Count
 0.000 -  9.883     3 ##########
 9.884 - 19.766     9 ##############################
19.767 - 29.650     1 ###
29.651 - 39.534     1 ###
39.535 - 49.418     1 ###
49.419 - 59.301     0 
59.302 - 69.185     3 ##########
69.186 - 79.069     4 #############
79.070 - 88.953     2 ######
88.954 - 98.836    12 ########################################

Histogram (of 36 thermal zone TCPU readings)

 Range (°C)    Count
49.050 - 51.749     3 #######
51.750 - 54.449     0 
54.450 - 57.149     1 ##
57.150 - 59.849     8 ####################
59.850 - 62.549    16 ########################################
62.550 - 65.249     3 #######
65.250 - 67.949     0 
67.950 - 70.649     0 
70.650 - 73.349     1 ##
73.350 - 76.049     4 ##########

Histogram (of 36 thermal zone x86_pkg_temp readings)

 Range (°C)    Count
49.000 - 51.699     3 #######
51.700 - 54.399     0 
54.400 - 57.099     1 ##
57.100 - 59.799     8 ####################
59.800 - 62.499    16 ########################################
62.500 - 65.199     3 #######
65.200 - 67.899     0 
67.900 - 70.599     0 
70.600 - 73.299     1 ##
73.300 - 75.999     4 ##########

Range is zero, cannot produce histogram of thermal zone INT3400 Thermal

Histogram (of 36 thermal zone SEN3 readings)

 Range (°C)    Count
40.050 - 40.149    19 ########################################
40.150 - 40.249     0 
40.250 - 40.349     0 
40.350 - 40.449     0 
40.450 - 40.549     0 
40.550 - 40.649     0 
40.650 - 40.749     0 
40.750 - 40.849     0 
40.850 - 40.949     0 
40.950 - 41.049    17 ###################################

Histogram (of 36 thermal zone TCPU_PCI readings)

 Range (°C)    Count
49.000 - 51.599     3 #######
51.600 - 54.199     0 
54.200 - 56.799     1 ##
56.800 - 59.399     8 ####################
59.400 - 61.999    16 ########################################
62.000 - 64.599     2 #####
64.600 - 67.199     1 ##
67.200 - 69.799     0 
69.800 - 72.399     0 
72.400 - 74.999     5 ############

Histogram (of 36 thermal zone iwlwifi_1 readings)

 Range (°C)    Count
55.000 - 56.499     2 ###
56.500 - 57.999     2 ###
58.000 - 59.499     0 
59.500 - 60.999    21 ########################################
61.000 - 62.499     1 #
62.500 - 63.999     2 ###
64.000 - 65.499     0 
65.500 - 66.999     4 #######
67.000 - 68.499     2 ###
68.500 - 69.999     2 ###

Histogram (of 36 thermal zone acpitz readings)

 Range (°C)    Count
40.050 - 40.249    20 ########################################
40.250 - 40.449     0 
40.450 - 40.649     0 
40.650 - 40.849     0 
40.850 - 41.049    12 ########################
41.050 - 41.249     0 
41.250 - 41.449     0 
41.450 - 41.649     0 
41.650 - 41.849     0 
41.850 - 42.049     4 ########

Range is zero, cannot produce histogram of thermal zone SEN2
