Running for 86400.0 seconds (86400 samples at 1.0 second intervals).
Power measurements will start in 0 seconds time.

  Time    User  Nice   Sys  Idle    IO  Run Ctxt/s  IRQ/s Fork Exec Exit  Watts  uncore  pkg-0   core   psys   TCPU x86_pk INT340   SEN3 TCPU_P iwlwif acpitz   SEN2
16:11:21   0.0   0.0   0.0 100.0   0.0    1    371    388    0    0    0  18.04    0.00   4.03   0.22  13.79  61.05  61.00  20.00  46.05  61.00  77.00  48.05   0.00
16:11:22   0.0   0.0   0.0 100.0   0.0    1    434    230    0    0    0  17.21    0.00   3.80   0.12  13.28  59.05  59.00  20.00  46.05  59.00  66.00  48.05   0.00
16:11:23   0.0   0.0   0.2  99.7   0.0    2    642    304   12    6    8  17.38    0.00   3.88   0.21  13.29  59.05  59.00  20.00  46.05  59.00  61.00  48.05   0.00
16:11:24  13.9   0.0   0.8  85.3   0.0    5  35080   5197   36    0    0  74.19    0.00  19.75  13.00  41.44  67.05  67.00  20.00  47.05  67.00  61.00  48.05   0.00
16:11:25  16.7   0.0   0.6  82.7   0.0    5  32895   4469    4    0    0  80.72    0.00  21.93  15.18  43.61  71.05  71.00  20.00  47.05  71.00  67.00  48.05   0.00
16:11:26  18.1   0.0   0.5  81.4   0.0    2  25783   4466   29    4   28  84.11    0.00  22.83  15.96  45.31  69.05  69.00  20.00  47.05  69.00  67.00  48.05   0.00
16:11:27  22.0   0.0   1.9  76.1   0.0    7  69132  15145   99    5   44 103.81    0.00  29.01  21.94  52.86  70.05  70.00  20.00  47.05  70.00  71.00  48.05   0.00
16:11:28  18.7   0.0   1.3  80.0   0.0    6  80515  13551   36   42   39  93.72    0.00  25.78  18.73  49.21  68.05  68.00  20.00  47.05  68.00  71.00  48.05   0.00
16:11:29  26.1   0.0   1.4  72.5   0.0   22  81987   8485   49   32   24 120.09    0.00  34.08  26.71  59.30  72.05  72.00  20.00  47.05  72.00  72.00  48.05   0.00
16:11:30  79.8   0.0   1.9  18.4   0.0   19  45371  15268    0    0    0 107.70    0.00  30.43  23.11  54.16  68.05  68.00  20.00  47.05  68.00  72.00  48.05   0.00
16:11:31  71.4   0.0   0.8  27.8   0.0   19  28575   8122    0    0    0 105.68    0.00  29.93  22.71  53.03  66.05  66.00  20.00  47.05  66.00  72.00  48.05   0.00
16:11:32  73.0   0.0   1.0  26.0   0.0   19  26446   8093    0    0    4 105.93    0.00  29.96  22.65  53.31  65.05  65.00  20.00  47.05  65.00  68.00  48.05   0.00
16:11:33  73.4   0.0   0.6  26.0   0.0   18  15766   7054    0    0    1 106.99    0.00  30.37  23.09  53.54  66.05  66.00  20.00  47.05  68.00  67.00  48.05   0.00
16:11:34  50.8   0.0   0.8  48.4   0.0    5  19963   5786    1    0    1  98.72    0.00  27.52  20.24  50.95  74.05  74.00  20.00  47.05  74.00  67.00  48.05   0.00
16:11:35  36.0   0.0   0.2  63.9   0.0    5  17801   4577    0    0    0 100.14    0.00  28.02  21.07  51.04  69.05  69.00  20.00  47.05  69.00  72.00  48.05   0.00
16:11:36  56.4   0.0   0.7  42.9   0.0    5  24260   6826   14    0    0 103.71    0.00  29.19  22.18  52.34  77.05  77.00  20.00  47.05  77.00  72.00  48.05   0.00
16:11:37  86.9   0.0   0.6  12.5   0.0   28  10839   7565   24    0    0 110.70    0.00  31.62  24.70  54.38  66.05  66.00  20.00  47.05  66.00  73.00  48.05   0.00
16:11:38  98.6   0.0   0.2   1.2   0.0   29   5074   7207    0    0    1 106.53    0.00  30.31  23.37  52.84  68.05  68.00  20.00  47.05  68.00  73.00  48.05   0.00
16:11:39  97.9   0.0   0.3   1.9   0.0   28   5462   7322    0    0    0 105.00    0.00  29.78  22.84  52.37  66.05  66.00  20.00  47.05  66.00  68.00  48.05   0.00
16:11:40  65.9   0.0   0.9  33.1   0.0   19  32689  41154    0    0    0 100.07    0.00  28.19  21.12  50.76  64.05  64.00  20.00  47.05  64.00  68.00  48.05   0.00
16:11:41  88.3   0.0   0.9  10.9   0.0   28  17374   7151    0    0    0 113.64    0.00  32.45  25.35  55.83  67.05  67.00  20.00  47.05  67.00  68.00  48.05   0.00
16:11:42  95.2   0.0   0.9   3.9   0.0   29  11166   7197    0    0    0 104.90    0.00  29.76  22.59  52.55  67.05  67.00  20.00  47.05  67.00  68.00  48.05   0.00
16:11:43  86.3   0.0   0.8  12.9   0.0   30  12630   8225    0    0    0 105.30    0.00  30.00  22.79  52.52  68.05  68.00  20.00  47.05  68.00  67.00  48.05   0.00
16:11:44  97.0   0.0   0.7   2.3   0.0   32  10105   8368    0    0    0 104.73    0.00  29.69  22.46  52.58  66.05  66.00  20.00  47.05  66.00  67.00  48.05   0.00
16:11:45  97.2   0.0   0.6   2.2   0.0   29   9965   7895    0    0    0 106.33    0.00  29.83  22.14  54.36  66.05  66.00  20.00  47.05  66.00  67.00  48.05   0.00
16:11:46  96.3   0.0   0.9   2.7   0.0   31  10361   7732   11    1    2 106.92    0.00  30.26  22.81  53.84  66.05  66.00  20.00  47.05  66.00  67.00  48.05   0.00
16:11:47  95.9   0.0   0.6   3.5   0.0   28  14408   8084    3    0    9 106.44    0.00  30.22  22.91  53.31  67.05  67.00  20.00  47.05  67.00  68.00  48.05   0.00
16:11:48  95.2   0.0   0.6   4.2   0.0   28  12971   7732    0    0    0 107.25    0.00  30.46  23.10  53.69  69.05  69.00  20.00  47.05  69.00  68.00  48.05   0.00
16:11:49  95.0   0.0   0.5   4.5   0.0   29  11348   7744    0    0    0 107.36    0.00  30.49  23.13  53.74  67.05  67.00  20.00  47.05  67.00  69.00  48.05   0.00
16:11:50  95.0   0.0   0.9   4.1   0.0   28  11244   7472    0    0    0 107.56    0.00  30.58  23.26  53.72  66.05  66.00  20.00  47.05  66.00  69.00  48.05   0.00
16:11:51  95.2   0.0   0.6   4.2   0.0   29  10238   7209    0    0    0 108.49    0.00  30.84  23.44  54.21  67.05  67.00  20.00  47.05  67.00  69.00  48.05   0.00
16:11:52  95.1   0.0   0.8   4.1   0.0   28  10157   7219    0    0    0 106.80    0.00  30.05  22.39  54.36  66.05  66.00  20.00  47.05  66.00  68.00  48.05   0.00
16:11:53  94.4   0.0   0.9   4.7   0.0   28  10263   7517    0    0    0 101.12    0.00  28.53  21.28  51.30  67.05  67.00  20.00  47.05  67.00  67.00  48.05   0.00
16:11:54  85.4   0.0   0.5  14.1   0.0    3  10883  36054    0    0    0  98.12    0.00  27.68  20.52  49.92  74.05  74.00  20.00  47.05  74.00  67.00  48.05   0.00
16:11:55  37.6   0.0   0.1  62.4   0.0    5   8863   3783    0    0    2  95.95    0.00  26.79  19.75  49.42  76.05  76.00  20.00  47.05  76.00  70.00  48.05   0.00
16:11:56  17.9   0.0   0.2  81.9   0.0    5   6767   2191    0    0    1  92.12    0.00  25.49  18.55  48.08  81.05  81.00  20.00  47.05  81.00  70.00  48.05   0.00
16:11:57  14.4   0.0   0.3  85.4   0.0    5   6874   2269    1    0    7  82.81    0.00  22.60  15.95  44.26  80.05  80.00  20.00  47.05  80.00  76.00  48.05   0.00
16:11:58   8.9   0.0   0.4  90.7   0.0    1   5966   2895    8    4   50  69.44    0.00  18.89  12.90  37.64  62.05  62.00  20.00  47.05  62.00  76.00  48.05   0.00
-------- ----- ----- ----- ----- ----- ---- ------ ------ ---- ---- ---- ------  ------ ------ ------ ------ ------ ------ ------ ------ ------ ------ ------ ------
 Average  60.4   0.0   0.7  38.9   0.0 16.9 19754.4 8367.0  8.6  2.5  5.8  94.36    0.00  26.45  19.59  48.32  68.13  68.08  20.00  46.97  68.13  69.11  48.05   0.00
 GeoMean  30.3   0.0   0.0  18.3   0.0 10.9 12028.9 5723.6  0.0  0.0  0.0  87.40    0.00  24.08  14.41  46.00  67.96  67.91  20.00  46.97  67.97  69.02  48.05   0.00
  StdDev  36.0   0.0   0.4  36.0   0.0 11.6 19645.8 7881.6 19.2  8.4 12.8  24.76    0.00   7.37   6.45  10.99   4.80   4.80   0.00   0.27   4.79   3.38   0.00   0.00
-------- ----- ----- ----- ----- ----- ---- ------ ------ ---- ---- ---- ------  ------ ------ ------ ------ ------ ------ ------ ------ ------ ------ ------ ------
 Minimum   0.0   0.0   0.0   1.2   0.0  1.0  371.0  230.0  0.0  0.0  0.0  17.21    0.00   3.80   0.12  13.28  59.05  59.00  20.00  46.05  59.00  61.00  48.05   0.00
 Maximum  98.6   0.0   1.9 100.0   0.0 32.0 81987.0 41154.0 99.0 42.0 50.0 120.09    0.00  34.08  26.71  59.30  81.05  81.00  20.00  47.05  81.00  77.00  48.05   0.00
-------- ----- ----- ----- ----- ----- ---- ------ ------ ---- ---- ---- ------  ------ ------ ------ ------ ------ ------ ------ ------ ------ ------ ------ ------
Summary:
CPU:  94.36 Watts on average with standard deviation 24.76 
Note: power read from RAPL domains: uncore, pkg-0, core, psys.
These readings do not cover all the hardware in this device.

Histogram (of 38 power measurements)

  Range (Watts)   Count
 17.209 -  27.496     3 #####
 27.497 -  37.783     0 
 37.784 -  48.071     0 
 48.072 -  58.359     0 
 58.360 -  68.646     0 
 68.647 -  78.934     2 ###
 78.935 -  89.222     3 #####
 89.223 -  99.510     5 #########
 99.511 - 109.797    22 ########################################
109.798 - 120.085     3 #####

Histogram (of 38 CPU utilization measurements)

 Range (%CPU)   Count
 0.042 -  9.920     4 ###########
 9.921 - 19.799     5 ##############
19.800 - 29.679     3 ########
29.680 - 39.558     2 #####
39.559 - 49.438     0 
49.439 - 59.317     2 #####
59.318 - 69.196     1 ##
69.197 - 79.076     3 ########
79.077 - 88.955     4 ###########
88.956 - 98.834    14 ########################################

Histogram (of 38 thermal zone TCPU readings)

 Range (°C)    Count
59.050 - 61.249     3 #######
61.250 - 63.449     1 ##
63.450 - 65.649     2 #####
65.650 - 67.849    16 ########################################
67.850 - 70.049     8 ####################
70.050 - 72.249     2 #####
72.250 - 74.449     2 #####
74.450 - 76.649     1 ##
76.650 - 78.849     1 ##
78.850 - 81.049     2 #####

Histogram (of 38 thermal zone x86_pkg_temp readings)

 Range (°C)    Count
59.000 - 61.199     3 #######
61.200 - 63.399     1 ##
63.400 - 65.599     2 #####
65.600 - 67.799    16 ########################################
67.800 - 69.999     8 ####################
70.000 - 72.199     2 #####
72.200 - 74.399     2 #####
74.400 - 76.599     1 ##
76.600 - 78.799     1 ##
78.800 - 80.999     2 #####

Range is zero, cannot produce histogram of thermal zone INT3400 Thermal

Histogram (of 38 thermal zone SEN3 readings)

 Range (°C)    Count
46.050 - 46.149     3 ###
46.150 - 46.249     0 
46.250 - 46.349     0 
46.350 - 46.449     0 
46.450 - 46.549     0 
46.550 - 46.649     0 
46.650 - 46.749     0 
46.750 - 46.849     0 
46.850 - 46.949     0 
46.950 - 47.049    35 ########################################

Histogram (of 38 thermal zone TCPU_PCI readings)

 Range (°C)    Count
59.000 - 61.199     3 ########
61.200 - 63.399     1 ##
63.400 - 65.599     2 #####
65.600 - 67.799    15 ########################################
67.800 - 69.999     9 ########################
70.000 - 72.199     2 #####
72.200 - 74.399     2 #####
74.400 - 76.599     1 ##
76.600 - 78.799     1 ##
78.800 - 80.999     2 #####

Histogram (of 38 thermal zone iwlwifi_1 readings)

 Range (°C)    Count
61.000 - 62.599     2 #######
62.600 - 64.199     0 
64.200 - 65.799     0 
65.800 - 67.399    11 ########################################
67.400 - 68.999    11 ########################################
69.000 - 70.599     2 #######
70.600 - 72.199     7 #########################
72.200 - 73.799     2 #######
73.800 - 75.399     0 
75.400 - 76.999     3 ##########

Range is zero, cannot produce histogram of thermal zone acpitz

Range is zero, cannot produce histogram of thermal zone SEN2
