Running for 86400.0 seconds (86400 samples at 1.0 second intervals).
Power measurements will start in 0 seconds time.

  Time    User  Nice   Sys  Idle    IO  Run Ctxt/s  IRQ/s Fork Exec Exit  Watts  uncore  pkg-0   core   psys   TCPU x86_pk INT340   SEN3 TCPU_P iwlwif acpitz   SEN2
21:19:35   0.0   0.0   0.0  99.9   0.0    1    233    331    0    0    0  11.87    0.00   2.73   0.18   8.97  54.05  54.00  20.00  41.05  54.00  64.00  43.05   0.00
21:19:36   0.0   0.0   0.0  99.9   0.0    1    355    233    0    0    0  10.47    0.00   2.35   0.07   8.03  52.05  54.00  20.00  41.05  54.00  56.00  43.05   0.00
21:19:37   0.1   0.0   0.2  99.8   0.0    2    368    207   14    6    8   7.83    0.00   1.79   0.17   5.87  52.05  52.00  20.00  41.05  52.00  56.00  43.05   0.00
21:19:38  12.8   0.0   0.8  86.3   0.0    5  45435   5698   35    0    0  81.11    0.00  22.28  16.57  42.26  72.05  72.00  20.00  41.05  72.00  54.00  43.05   0.00
21:19:39  16.7   0.0   0.7  82.6   0.0    2  26249   4764   52    8   24  91.72    0.00  25.36  18.97  47.38  59.05  59.00  20.00  41.05  59.00  54.00  43.05   0.00
21:19:40  16.6   0.0   1.4  82.0   0.0   12  42805   9523   49    1   21  79.02    0.00  21.78  15.64  41.60  66.05  66.00  20.00  42.05  66.00  66.00  43.05   0.00
21:19:41  20.2   0.0   1.2  78.6   0.0    5  78170  15480    6    2    9  77.74    0.00  21.15  14.78  41.81  61.05  61.00  20.00  42.05  61.00  66.00  43.05   0.00
21:19:42  14.5   0.0   0.7  84.8   0.0    8  25776   4391   54   72   54  72.97    0.00  19.27  12.46  41.24  63.05  63.00  20.00  42.05  63.00  66.00  43.05   0.00
21:19:43  30.8   0.0   0.9  68.2   0.0   21  45405   6399   30    0    0 101.29    0.00  28.48  21.92  50.89  63.05  63.00  20.00  42.05  62.00  63.00  43.05   0.00
21:19:44  70.8   0.0   2.1  27.1   0.0   15  63683  16492    0    0    1 104.97    0.00  30.10  23.61  51.26  58.05  58.00  20.00  42.05  58.00  65.00  43.05   0.00
21:19:45  74.5   0.0   0.9  24.6   0.0   19  25070   7815    0    0    1 105.28    0.00  30.16  23.49  51.63  62.05  62.00  20.00  42.05  62.00  65.00  43.05   0.00
21:19:46  77.9   0.0   0.6  21.4   0.0   16  14021   6866    0    0    0 104.20    0.00  29.90  23.12  51.18  60.05  60.00  20.00  42.05  60.00  62.00  43.05   0.00
21:19:47  57.8   0.0   0.7  41.5   0.0   20  18363   6359    0    0    0 107.08    0.00  30.64  23.89  52.55  60.05  60.00  20.00  42.05  60.00  62.00  43.05   0.00
21:19:48  53.5   0.0   0.7  45.9   0.0   20  20798   6368    1    0    1 104.17    0.00  29.68  23.18  51.30  63.05  63.00  20.00  42.05  63.00  62.00  43.05   0.00
21:19:49  28.3   0.0   0.5  71.2   0.0    5  11217   3400    0    0    2  82.01    0.00  22.34  16.02  43.65  63.05  63.00  20.00  42.05  63.00  62.00  43.05   0.00
21:19:50  17.9   0.0   0.5  81.6   0.1    3   5713   2155    0    0    2  74.04    0.00  19.71  13.43  40.91  61.05  61.00  20.00  42.05  61.00  64.00  43.05   0.00
21:19:51  49.5   0.0   0.6  49.9   0.0   28  21411   6464   15    0    0  97.09    0.00  27.48  21.21  48.41  60.05  60.00  20.00  42.05  60.00  64.00  43.05   0.00
21:19:52  68.4   0.0   0.7  30.8   0.0    2  18135  41964   24    0    0 100.73    0.00  28.79  22.55  49.39  58.05  58.00  20.00  42.05  57.00  64.00  43.05   0.00
21:19:53  93.5   0.0   0.2   6.4   0.0   28   4824   6857    0    0    0 107.89    0.00  31.09  24.87  51.93  60.05  61.00  20.00  42.05  61.00  62.00  43.05   0.00
21:19:54  98.1   0.0   0.2   1.7   0.0   28   5559   7187    0    0    3 104.73    0.00  29.92  23.42  51.38  61.05  61.00  20.00  42.05  62.00  61.00  43.05   0.00
21:19:55  86.9   0.0   0.3  12.7   0.0   30  11922   8031    0    0    0 104.72    0.00  30.05  23.66  51.01  60.05  60.00  20.00  42.05  60.00  61.00  43.05   0.00
21:19:56  82.4   0.0   1.2  16.4   0.0   28  36664   9409    0    0    0 106.43    0.00  30.44  23.80  52.19  60.05  60.00  20.00  42.05  60.00  61.00  43.05   0.00
21:19:57  94.6   0.0   0.8   4.6   0.0   19  11855   7768    0    0    0 103.37    0.00  29.57  22.95  50.85  58.05  58.00  20.00  42.05  58.00  61.00  44.05   0.00
21:19:58  83.9   0.0   0.8  15.4   0.0   32  26379   7949    0    0    0 104.44    0.00  30.06  23.47  50.91  61.05  61.00  20.00  42.05  61.00  60.00  44.05   0.00
21:19:59  96.9   0.0   0.5   2.6   0.0   29  10998   8026    0    0    0 104.53    0.00  29.97  23.31  51.25  61.05  61.00  20.00  42.05  61.00  60.00  44.05   0.00
21:20:00  96.2   0.0   0.8   3.0   0.0   30  11975   7987    0    0    0 104.53    0.00  29.82  22.96  51.75  61.05  61.00  20.00  42.05  61.00  61.00  44.05   0.00
21:20:01  95.9   0.0   0.7   3.4   0.0   30  11500   7750    0    0    0 104.17    0.00  29.83  23.10  51.24  61.05  61.00  20.00  42.05  61.00  61.00  44.05   0.00
21:20:02  95.4   0.0   0.8   3.8   0.0   27  13135   7717    0    0    0 104.45    0.00  29.90  23.13  51.42  61.05  61.00  20.00  42.05  61.00  61.00  44.05   0.00
21:20:03  94.5   0.0   1.0   4.6   0.0   32  12833   7613    0    0    0 104.23    0.00  29.80  23.00  51.43  62.05  62.00  20.00  42.05  62.00  61.00  44.05   0.00
21:20:04  95.1   0.0   0.6   4.3   0.0   28  10813   7386    0    0    0 104.11    0.00  29.78  23.02  51.30  61.05  61.00  20.00  42.05  61.00  62.00  44.05   0.00
21:20:05  84.2   0.0   0.6  15.2   0.0   27  24803  13334    0    0    1  99.79    0.00  28.47  21.82  49.50  62.05  62.00  20.00  42.05  62.00  62.00  44.05   0.00
21:20:06  94.9   0.0   0.7   4.4   0.0   28  11558   7457    0    0    0 108.71    0.00  31.05  24.04  53.62  63.05  62.00  20.00  42.05  62.00  62.00  44.05   0.00
21:20:07  95.6   0.0   0.3   4.1   0.0   28  12356   7609    0    0    0 105.62    0.00  30.24  23.43  51.95  61.05  61.00  20.00  42.05  61.00  62.00  44.05   0.00
21:20:08  94.8   0.0   0.5   4.7   0.0   28   9940   7449    0    0    0 105.25    0.00  30.13  23.34  51.78  62.05  62.00  20.00  42.05  62.00  62.00  44.05   0.00
21:20:09  26.2   0.0   0.2  73.6   0.0    7   8858   3075    0    0    1  92.74    0.00  26.15  20.12  46.46  69.05  69.00  20.00  42.05  69.00  62.00  44.05   0.00
21:20:10  18.8   0.0   0.4  80.9   0.0    5  12681   2820    0    0    0 105.84    0.00  30.06  23.98  51.80  73.05  73.00  20.00  43.05  73.00  70.00  44.05   0.00
-------- ----- ----- ----- ----- ----- ---- ------ ------ ---- ---- ---- ------  ------ ------ ------ ------ ------ ------ ------ ------ ------ ------ ------ ------
 Average  59.4   0.0   0.7  39.9   0.0 18.0 19773.9 7787.0  7.8  2.5  3.6  91.36    0.00  25.84  19.69  45.84  61.27  61.28  20.00  41.94  61.25  61.86  43.44   0.00
 GeoMean   0.0   0.0   0.5  20.4   0.0 12.3 12179.7 5443.3  0.0  0.0  0.0  81.06    0.00  22.50  13.84  42.03  61.13  61.15  20.00  41.94  61.12  61.78  43.44   0.00
  StdDev  35.5   0.0   0.4  35.5   0.0 11.1 17004.6 6755.4 15.8 11.9 10.1  26.53    0.00   7.85   6.72  12.08   4.16   4.04   0.00   0.39   4.06   3.17   0.49   0.00
-------- ----- ----- ----- ----- ----- ---- ------ ------ ---- ---- ---- ------  ------ ------ ------ ------ ------ ------ ------ ------ ------ ------ ------ ------
 Minimum   0.0   0.0   0.0   1.7   0.0  1.0  233.0  207.0  0.0  0.0  0.0   7.83    0.00   1.79   0.07   5.87  52.05  52.00  20.00  41.05  52.00  54.00  43.05   0.00
 Maximum  98.1   0.0   2.1  99.9   0.1 32.0 78170.0 41964.0 54.0 72.0 54.0 108.71    0.00  31.09  24.87  53.62  73.05  73.00  20.00  43.05  73.00  70.00  44.05   0.00
-------- ----- ----- ----- ----- ----- ---- ------ ------ ---- ---- ---- ------  ------ ------ ------ ------ ------ ------ ------ ------ ------ ------ ------ ------
Summary:
CPU:  91.36 Watts on average with standard deviation 26.53 
Note: power read from RAPL domains: uncore, pkg-0, core, psys.
These readings do not cover all the hardware in this device.

Histogram (of 36 power measurements)

  Range (Watts)   Count
  7.828 -  17.916     3 #####
 17.917 -  28.004     0 
 28.005 -  38.093     0 
 38.094 -  48.181     0 
 48.182 -  58.270     0 
 58.271 -  68.358     0 
 68.359 -  78.447     3 #####
 78.448 -  88.535     3 #####
 88.536 -  98.624     3 #####
 98.625 - 108.712    24 ########################################

Histogram (of 36 CPU utilization measurements)

 Range (%CPU)   Count
 0.083 -  9.907     3 ##########
 9.908 - 19.732     6 ####################
19.733 - 29.557     3 ##########
29.558 - 39.382     1 ###
39.383 - 49.206     0 
49.207 - 59.031     3 ##########
59.032 - 68.856     0 
68.857 - 78.681     4 #############
78.682 - 88.506     4 #############
88.507 - 98.330    12 ########################################

Histogram (of 36 thermal zone TCPU readings)

 Range (°C)    Count
52.050 - 54.149     3 ########
54.150 - 56.249     0 
56.250 - 58.349     3 ########
58.350 - 60.449     7 ####################
60.450 - 62.549    14 ########################################
62.550 - 64.649     5 ##############
64.650 - 66.749     1 ##
66.750 - 68.849     0 
68.850 - 70.949     1 ##
70.950 - 73.049     2 #####

Histogram (of 36 thermal zone x86_pkg_temp readings)

 Range (°C)    Count
52.000 - 54.099     3 #######
54.100 - 56.199     0 
56.200 - 58.299     3 #######
58.300 - 60.399     6 ###############
60.400 - 62.499    16 ########################################
62.500 - 64.599     4 ##########
64.600 - 66.699     1 ##
66.700 - 68.799     0 
68.800 - 70.899     1 ##
70.900 - 72.999     2 #####

Range is zero, cannot produce histogram of thermal zone INT3400 Thermal

Histogram (of 36 thermal zone SEN3 readings)

 Range (°C)    Count
41.050 - 41.249     5 ######
41.250 - 41.449     0 
41.450 - 41.649     0 
41.650 - 41.849     0 
41.850 - 42.049    30 ########################################
42.050 - 42.249     0 
42.250 - 42.449     0 
42.450 - 42.649     0 
42.650 - 42.849     0 
42.850 - 43.049     1 #

Histogram (of 36 thermal zone TCPU_PCI readings)

 Range (°C)    Count
52.000 - 54.099     3 #######
54.100 - 56.199     0 
56.200 - 58.299     3 #######
58.300 - 60.399     6 ##############
60.400 - 62.499    17 ########################################
62.500 - 64.599     3 #######
64.600 - 66.699     1 ##
66.700 - 68.799     0 
68.800 - 70.899     1 ##
70.900 - 72.999     2 ####

Histogram (of 36 thermal zone iwlwifi_1 readings)

 Range (°C)    Count
54.000 - 55.599     2 ####
55.600 - 57.199     2 ####
57.200 - 58.799     0 
58.800 - 60.399     2 ####
60.400 - 61.999    19 ########################################
62.000 - 63.599     1 ##
63.600 - 65.199     6 ############
65.200 - 66.799     3 ######
66.800 - 68.399     0 
68.400 - 69.999     1 ##

Histogram (of 36 thermal zone acpitz readings)

 Range (°C)    Count
43.050 - 43.149    22 ########################################
43.150 - 43.249     0 
43.250 - 43.349     0 
43.350 - 43.449     0 
43.450 - 43.549     0 
43.550 - 43.649     0 
43.650 - 43.749     0 
43.750 - 43.849     0 
43.850 - 43.949     0 
43.950 - 44.049    14 #########################

Range is zero, cannot produce histogram of thermal zone SEN2
