Running for 86400.0 seconds (86400 samples at 1.0 second intervals).
Power measurements will start in 0 seconds time.

  Time    User  Nice   Sys  Idle    IO  Run Ctxt/s  IRQ/s Fork Exec Exit  Watts  uncore  pkg-0   core   psys   TCPU iwlwif INT340   SEN3 TCPU_P x86_pk acpitz   SEN2
12:47:16   0.0   0.0   0.0 100.0   0.0    1    192    322    0    0    0   3.61    0.00   1.04   0.21   2.36  59.05  20.00  47.05  59.00  59.00  62.00  49.05   0.00
12:47:17   0.0   0.0   0.0 100.0   0.0    1    146     94    0    0    0   1.99    0.00   0.57   0.09   1.32  58.05  20.00  47.05  58.00  58.00  62.00  49.05   0.00
12:47:18   0.0   0.0   0.1  99.9   0.0    2    372    153    9    6    8   3.32    0.00   0.95   0.19   2.18  56.05  20.00  47.05  56.00  56.00  62.00  49.05   0.00
12:47:19  16.5   0.0   1.2  82.3   0.0    9  72385   9616   46    0    0 108.42    0.00  31.96  26.11  50.35  83.05  20.00  47.05  83.00  83.00  60.00  49.05   0.00
12:47:20  19.3   0.0   0.8  79.9   0.0    5  60928   7861    5    4    4 102.65    0.00  29.95  23.69  49.01  81.05  20.00  47.05  81.00  81.00  60.00  49.05   0.00
12:47:21  11.2   0.0   1.3  87.4   0.0    2  27645   5164   93    5   68  70.50    0.00  19.83  13.77  36.90  61.05  20.00  47.05  61.00  61.00  60.00  48.05   0.00
12:47:22  24.0   0.0   1.8  74.2   0.0    2  71710  15026   35    0    9  91.65    0.00  26.78  20.86  44.01  64.05  20.00  47.05  64.00  64.00  82.00  48.05   0.00
12:47:23  13.3   0.0   1.0  85.7   0.0    6  40374   9710   63   83   64  75.16    0.00  20.56  13.92  40.68  63.05  20.00  47.05  63.00  63.00  70.00  48.05   0.00
12:47:24  29.4   0.0   1.1  69.5   0.0   21  86489  10072   35    7    6 116.83    0.00  34.42  27.95  54.45  70.05  20.00  46.05  70.00  70.00  70.00  48.05   0.00
12:47:25  73.9   0.0   1.4  24.6   0.0   22  42260  14127    0    0    0 102.15    0.00  30.04  23.50  48.62  68.05  20.00  46.05  68.00  68.00  73.00  48.05   0.00
12:47:26  78.4   0.0   0.7  20.9   0.0   16  19833   7267    0    0    1 101.44    0.00  29.95  23.40  48.09  68.05  20.00  46.05  68.00  68.00  73.00  48.05   0.00
12:47:27  68.0   0.0   0.5  31.4   0.0   20  19480   7136    0    0    1 102.37    0.00  30.21  23.63  48.54  70.05  20.00  46.05  70.00  70.00  67.00  48.05   0.00
12:47:28  73.2   0.0   0.5  26.2   0.0   18  17135   6862    0    0    0 102.34    0.00  30.08  23.25  49.00  70.05  20.00  46.05  70.00  70.00  67.00  48.05   0.00
12:47:29  72.9   0.0   0.8  26.2   0.0   18  34938   8704    0    0    0 100.51    0.00  29.67  22.98  47.86  67.05  20.00  47.05  67.00  67.00  70.00  48.05   0.00
12:47:30  41.2   0.0   0.3  58.5   0.0    5  15361   5017    1    0    1  98.69    0.00  28.86  22.57  47.26  81.05  20.00  47.05  81.00  81.00  70.00  48.05   0.00
12:47:31  39.6   0.0   0.5  59.9   0.0    5  23075   5880    0    0    2 103.75    0.00  30.50  24.43  48.81  77.05  20.00  47.05  77.00  77.00  70.00  48.05   0.00
12:47:32  68.8   0.0   0.8  30.4   0.0   32  29652   8616   34    0    1 108.04    0.00  31.99  25.70  50.35  71.05  20.00  47.05  71.00  71.00  73.00  48.05   0.00
12:47:33  98.3   0.0   0.6   1.1   0.0   31   8754   8406    0    0    0 102.00    0.00  30.19  24.03  47.78  68.05  20.00  47.05  68.00  68.00  70.00  48.05   0.00
12:47:34  83.5   0.0   0.4  16.1   0.0   29   6865   6498    1    0    0  99.95    0.00  29.44  23.34  47.17  75.05  20.00  47.05  74.00  74.00  70.00  48.05   0.00
12:47:35  77.7   0.0   0.9  21.3   0.0   19  36008  50895    0    0    0 106.91    0.00  31.13  24.86  50.92  68.05  20.00  47.05  68.00  68.00  68.00  48.05   0.00
12:47:36  95.5   0.0   0.7   3.7   0.0   26  13208   7624    0    0    1 105.40    0.00  30.46  23.76  51.18  67.05  20.00  47.05  67.00  67.00  68.00  48.05   0.00
12:47:37  85.1   0.0   0.7  14.2   0.0   33  16983   7922    0    0    0  97.77    0.00  28.25  21.76  47.75  68.05  20.00  47.05  68.00  68.00  68.00  48.05   0.00
12:47:38  96.7   0.0   0.8   2.5   0.0   33  14918   8632    0    0    0 107.15    0.00  31.36  24.60  51.19  66.05  20.00  47.05  67.00  67.00  68.00  48.05   0.00
12:47:39  95.6   0.0   1.1   3.2   0.0   27  16615   9025    0    0    0 101.43    0.00  29.86  23.30  48.26  66.05  20.00  46.05  66.00  66.00  68.00  48.05   0.00
12:47:40  96.0   0.0   0.7   3.4   0.0   25  13239   8124    0    0    0 101.59    0.00  29.94  23.36  48.30  66.05  20.00  46.05  66.00  66.00  68.00  48.05   0.00
12:47:41  95.7   0.0   0.6   3.7   0.0   28  13620   8160    0    0    1 101.24    0.00  29.78  23.17  48.29  66.05  20.00  46.05  66.00  66.00  68.00  48.05   0.00
12:47:42  95.1   0.0   1.0   3.9   0.0   28  13106   7515    0    0    0 102.29    0.00  29.99  23.17  49.13  67.05  20.00  46.05  67.00  67.00  68.00  48.05   0.00
12:47:43  91.9   0.0   0.6   7.5   0.0   26  12626   7689    0    0    0 100.96    0.00  29.75  23.19  48.03  67.05  20.00  46.05  68.00  68.00  68.00  48.05   0.00
12:47:44  94.7   0.0   0.9   4.5   0.0   30  12674   7599    0    0    0 102.80    0.00  30.25  23.55  49.00  67.05  20.00  47.05  67.00  67.00  68.00  48.05   0.00
12:47:45  81.4   0.0   1.1  17.5   0.0   25  27975  27976    0    0    0  99.57    0.00  29.34  22.75  47.49  67.05  20.00  47.05  67.00  67.00  68.00  48.05   0.00
12:47:46  95.5   0.0   1.2   3.3   0.0   26  22566   8514    0    0    2 103.74    0.00  30.53  23.83  49.37  68.05  20.00  47.05  69.00  69.00  68.00  48.05   0.00
12:47:47  96.6   0.0   0.5   2.9   0.0   26   9504   7679    0    0    0 105.89    0.00  31.18  24.43  50.27  69.05  20.00  47.05  71.00  71.00  68.00  48.05   0.00
12:47:48  96.1   0.0   0.5   3.3   0.0   26   9738   7640    0    0    0 104.77    0.00  30.83  24.11  49.84  68.05  20.00  47.05  68.00  68.00  69.00  48.05   0.00
12:47:49  95.9   0.0   0.8   3.3   0.0   27  10072   7580    0    0    1 105.98    0.00  31.22  24.45  50.31  69.05  20.00  47.05  69.00  69.00  69.00  48.05   0.00
12:47:50  95.9   0.0   0.7   3.4   0.0   29   9056   7301    0    0    0 106.16    0.00  31.27  24.52  50.37  68.05  20.00  47.05  68.00  68.00  68.00  48.05   0.00
12:47:51  94.0   0.0   0.8   5.2   0.0   27  12406   8364    0    0    0 106.69    0.00  31.28  24.32  51.09  70.05  20.00  47.05  70.00  70.00  68.00  48.05   0.00
12:47:52  74.2   0.0   0.7  25.1   0.0   27  17023  20492    0    0    0  96.80    0.00  28.57  22.07  46.16  68.05  20.00  47.05  68.00  68.00  68.00  48.05   0.00
12:47:53  93.7   0.0   1.5   4.8   0.0   25  41860   9916    0    0    0 105.81    0.00  30.99  24.07  50.74  69.05  20.00  47.05  69.00  69.00  69.00  48.05   0.00
12:47:54  96.2   0.0   0.6   3.2   0.0   25   8750   7441    0    0    0 103.89    0.00  30.55  23.83  49.51  68.05  20.00  47.05  68.00  68.00  69.00  48.05   0.00
12:47:55  97.3   0.0   0.4   2.3   0.0   28   6761   7485    0    0    0 104.07    0.00  30.62  23.92  49.52  68.05  20.00  47.05  68.00  68.00  69.00  48.05   0.00
12:47:56  95.2   0.0   0.9   3.9   0.0   29   7579   7867    0    0    0 107.14    0.00  31.52  24.68  50.94  71.05  20.00  47.05  71.00  71.00  70.00  48.05   0.00
12:47:57  34.5   0.0   0.5  65.0   0.0    5  11884   4045    0    0    0  91.21    0.00  26.42  20.13  44.67  77.05  20.00  47.05  77.00  77.00  70.00  48.05   0.00
12:47:58  10.0   0.0   0.3  89.8   0.0    5   3985   1558    1    0    5  64.91    0.00  18.89  13.38  32.64  77.05  20.00  47.05  77.00  77.00  70.00  48.05   0.00
12:47:59  15.1   0.0   0.2  84.6   0.0    2   4776   1798    0    0    0  85.60    0.00  24.70  18.94  41.96  65.05  20.00  47.05  65.00  65.00  70.00  48.05   0.00
12:48:00   8.3   0.0   0.2  91.5   0.0    2   2814   1300    1    0    0  52.65    0.01  15.03   9.64  27.97  63.05  20.00  47.05  61.00  61.00  72.00  48.05   0.00
12:48:01   6.2   0.0   0.1  93.7   0.0    2    473    789    0    0    0  41.98    0.00  11.95   6.65  23.37  63.05  20.00  47.05  61.00  61.00  72.00  48.05   0.00
12:48:02   4.2   0.0   0.0  95.8   0.0    2    302    581    0    0    0  36.49    0.00  10.27   5.07  21.15  61.05  20.00  47.05  61.00  61.00  72.00  49.05   0.00
12:48:03   4.2   0.0   0.0  95.7   0.0    2    439    635    0    0    3  37.36    0.00  10.48   5.08  21.80  61.05  20.00  47.05  61.00  61.00  65.00  49.05   0.00
12:48:04   7.5   0.0   0.2  92.3   0.0    3    745   1196    1    0    0  45.25    0.00  13.16   7.79  24.31  68.05  20.00  47.05  67.00  67.00  63.00  49.05   0.00
12:48:05  34.5   0.0   0.4  65.1   0.0    2   3730  27654    0    0    0  86.33    0.00  25.40  19.45  41.49  64.05  20.00  47.05  64.00  64.00  63.00  49.05   0.00
12:48:06   4.6   0.0   0.0  95.4   0.0    2    761    785    0    0    2  37.68    0.00  10.99   5.61  21.08  61.05  20.00  47.05  61.00  61.00  68.00  49.05   0.00
12:48:07   4.3   0.0   0.0  95.7   0.0    2    406    633    0    0    1  34.75    0.00  10.34   5.19  19.22  61.05  20.00  47.05  61.00  61.00  68.00  49.05   0.00
12:48:08   4.4   0.0   0.0  95.6   0.0    2    375    654    0    0    0  35.23    0.00  10.41   5.25  19.57  60.05  20.00  47.05  60.00  60.00  62.00  49.05   0.00
12:48:09   4.2   0.0   0.0  95.7   0.0    2    388    609    0    0    0  35.26    0.00  10.40   5.06  19.80  60.05  20.00  47.05  60.00  60.00  62.00  49.05   0.00
12:48:10   7.9   0.0   0.3  91.8   0.0    5   2145   1864    7    0    2  50.73    0.00  14.53   9.14  27.06  76.05  20.00  47.05  76.00  76.00  62.00  49.05   0.00
-------- ----- ----- ----- ----- ----- ---- ------ ------ ---- ---- ---- ------  ------ ------ ------ ------ ------ ------ ------ ------ ------ ------ ------ ------
 Average  54.5   0.0   0.6  44.9   0.0 16.0 17401.9 7855.9  6.0  1.9  3.3  83.80    0.00  24.52  18.58  40.70  67.65  20.00  46.87  67.58  67.58  67.87  48.30   0.00
 GeoMean   0.0   0.0   0.0  21.4   0.0  9.6 7313.4 4425.9  0.0  0.0  0.0  69.44    0.00  20.26  13.61  34.80  67.42  20.00  46.87  67.34  67.34  67.76  48.30   0.00
  StdDev  38.8   0.0   0.4  39.0   0.0 11.8 19312.3 8197.2 17.3 11.1 12.3  31.19    0.00   9.24   8.12  13.92   5.69   0.00   0.39   5.76   5.76   3.90   0.44   0.00
-------- ----- ----- ----- ----- ----- ---- ------ ------ ---- ---- ---- ------  ------ ------ ------ ------ ------ ------ ------ ------ ------ ------ ------ ------
 Minimum   0.0   0.0   0.0   1.1   0.0  1.0  146.0   94.0  0.0  0.0  0.0   1.99    0.00   0.57   0.09   1.32  56.05  20.00  46.05  56.00  56.00  60.00  48.05   0.00
 Maximum  98.3   0.0   1.8 100.0   0.0 33.0 86489.0 50895.0 93.0 83.0 68.0 116.83    0.01  34.42  27.95  54.45  83.05  20.00  47.05  83.00  83.00  82.00  49.05   0.00
-------- ----- ----- ----- ----- ----- ---- ------ ------ ---- ---- ---- ------  ------ ------ ------ ------ ------ ------ ------ ------ ------ ------ ------ ------
Summary:
CPU:  83.80 Watts on average with standard deviation 31.19 
Note: power read from RAPL domains: uncore, pkg-0, core, psys.
These readings do not cover all the hardware in this device.

Histogram (of 55 power measurements)

  Range (Watts)   Count
  1.991 -  13.474     3 #####
 13.475 -  24.957     0 
 24.958 -  36.441     3 #####
 36.442 -  47.924     5 ########
 47.925 -  59.408     2 ###
 59.409 -  70.892     2 ###
 70.893 -  82.375     1 #
 82.376 -  93.859     4 ######
 93.860 - 105.343    23 ########################################
105.344 - 116.826    12 ####################

Histogram (of 55 CPU utilization measurements)

 Range (%CPU)   Count
 0.042 -  9.931    13 ###########################
 9.932 - 19.822     5 ##########
19.823 - 29.713     2 ####
29.714 - 39.603     3 ######
39.604 - 49.494     2 ####
49.495 - 59.385     0 
59.386 - 69.275     1 ##
69.276 - 79.166     7 ##############
79.167 - 89.057     3 ######
89.058 - 98.947    19 ########################################

Histogram (of 55 thermal zone TCPU readings)

 Range (°C)    Count
56.050 - 58.749     2 ###
58.750 - 61.449     8 ###############
61.450 - 64.149     5 #########
64.150 - 66.849     5 #########
66.850 - 69.549    21 ########################################
69.550 - 72.249     6 ###########
72.250 - 74.949     0 
74.950 - 77.649     5 #########
77.650 - 80.349     0 
80.350 - 83.049     3 #####

Range is zero, cannot produce histogram of thermal zone iwlwifi_1

Histogram (of 55 thermal zone INT3400 Thermal readings)

 Range (°C)    Count
46.050 - 46.149    10 ########
46.150 - 46.249     0 
46.250 - 46.349     0 
46.350 - 46.449     0 
46.450 - 46.549     0 
46.550 - 46.649     0 
46.650 - 46.749     0 
46.750 - 46.849     0 
46.850 - 46.949     0 
46.950 - 47.049    45 ########################################

Histogram (of 55 thermal zone SEN3 readings)

 Range (°C)    Count
56.000 - 58.699     2 ###
58.700 - 61.399    10 ###################
61.400 - 64.099     3 #####
64.100 - 66.799     4 #######
66.800 - 69.499    21 ########################################
69.500 - 72.199     7 #############
72.200 - 74.899     1 #
74.900 - 77.599     4 #######
77.600 - 80.299     0 
80.300 - 82.999     3 #####

Histogram (of 55 thermal zone TCPU_PCI readings)

 Range (°C)    Count
56.000 - 58.699     2 ###
58.700 - 61.399    10 ###################
61.400 - 64.099     3 #####
64.100 - 66.799     4 #######
66.800 - 69.499    21 ########################################
69.500 - 72.199     7 #############
72.200 - 74.899     1 #
74.900 - 77.599     4 #######
77.600 - 80.299     0 
80.300 - 82.999     3 #####

Histogram (of 55 thermal zone x86_pkg_temp readings)

 Range (°C)    Count
60.000 - 62.199     9 ##################
62.200 - 64.399     2 ####
64.400 - 66.599     1 ##
66.600 - 68.799    20 ########################################
68.800 - 70.999    16 ################################
71.000 - 73.199     6 ############
73.200 - 75.399     0 
75.400 - 77.599     0 
77.600 - 79.799     0 
79.800 - 81.999     1 ##

Histogram (of 55 thermal zone acpitz readings)

 Range (°C)    Count
48.050 - 48.149    41 ########################################
48.150 - 48.249     0 
48.250 - 48.349     0 
48.350 - 48.449     0 
48.450 - 48.549     0 
48.550 - 48.649     0 
48.650 - 48.749     0 
48.750 - 48.849     0 
48.850 - 48.949     0 
48.950 - 49.049    14 #############

Range is zero, cannot produce histogram of thermal zone SEN2
