Running for 86400.0 seconds (86400 samples at 1.0 second intervals).
Power measurements will start in 0 seconds time.

  Time    User  Nice   Sys  Idle    IO  Run Ctxt/s  IRQ/s Fork Exec Exit  Watts  uncore  pkg-0   core   psys   TCPU x86_pk INT340   SEN3 TCPU_P iwlwif acpitz   SEN2
15:04:41   0.0   0.0   0.0 100.0   0.0    1    197    361    0    0    0   3.90    0.00   1.10   0.18   2.62  50.05  50.00  20.00  41.05  51.00  56.00  41.05   0.00
15:04:42   0.0   0.0   0.0 100.0   0.0    1    164     95    0    0    0   1.90    0.00   0.52   0.06   1.31  51.05  51.00  20.00  41.05  51.00  56.00  41.05   0.00
15:04:43   0.0   0.0   0.1  99.8   0.0    3    297    165    9    6    8   2.67    0.00   0.74   0.15   1.77  49.05  49.00  20.00  41.05  49.00  56.00  41.05   0.00
15:04:44  15.8   0.0   0.9  83.2   0.1    6  53213   6400   41    0    0  83.61    0.00  23.92  18.19  41.49  64.05  64.00  20.00  41.05  64.00  56.00  41.05   0.00
15:04:45  16.3   0.0   0.8  82.9   0.0    5  43647   5193    9    4    4  78.03    0.00  22.26  16.69  39.09  60.05  60.00  20.00  41.05  60.00  54.00  41.05   0.00
15:04:46  17.5   0.0   0.6  81.9   0.0    2  38357   5479   55    4   44  82.28    0.00  23.42  17.59  41.26  56.05  56.00  20.00  41.05  56.00  64.00  41.05   0.00
15:04:47  13.8   0.0   1.5  84.7   0.0    5  45959   8687   60    1   21  84.19    0.00  24.28  18.68  41.23  67.05  67.00  20.00  41.05  67.00  64.00  41.05   0.00
15:04:48  18.6   0.0   0.7  80.7   0.0    5  51139  12704    6    2    9  82.20    0.00  23.89  18.47  39.84  63.05  63.00  20.00  41.05  63.00  63.00  41.05   0.00
15:04:49   9.2   0.0   1.1  89.7   0.0    5  16776   3917   66   88   66  75.17    0.00  20.64  14.19  40.35  63.05  63.00  20.00  41.05  63.00  63.00  41.05   0.00
15:04:50  17.5   0.0   0.3  82.1   0.0    5  25485   3658   15    0    0 110.56    0.00  31.85  26.13  52.58  67.05  67.00  20.00  41.05  67.00  60.00  41.05   0.00
15:04:51  68.3   0.0   1.7  30.0   0.0   15  70685  14707   20    0    1 114.57    0.00  33.53  27.28  53.76  59.05  59.00  20.00  41.05  59.00  60.00  41.05   0.00
15:04:52  76.2   0.0   0.6  23.2   0.0   18  21632   7479    0    0    2 103.37    0.00  30.22  23.88  49.27  59.05  59.00  20.00  41.05  59.00  61.00  41.05   0.00
15:04:53  76.6   0.0   0.7  22.7   0.0   20  17972   7245    0    0    0 101.36    0.00  29.85  23.51  48.00  58.05  58.00  20.00  41.05  58.00  61.00  41.05   0.00
15:04:54  77.3   0.0   0.6  22.0   0.0   20  10794   6379    0    0    0 101.95    0.00  30.11  23.77  48.06  60.05  60.00  20.00  41.05  60.00  61.00  41.05   0.00
15:04:55  70.5   0.0   0.9  28.6   0.0   20  30306   8048    0    0    0 100.50    0.00  29.59  23.29  47.62  58.05  58.00  20.00  41.05  58.00  61.00  42.05   0.00
15:04:56  42.3   0.0   0.5  57.1   0.2   18  14853   5102    1    0    2  93.82    0.00  27.02  20.53  46.27  69.05  69.00  20.00  41.05  69.00  60.00  42.05   0.00
15:04:57  39.9   0.0   0.3  59.8   0.0    5  22331   5501    0    0    0 112.37    0.00  33.23  27.35  51.79  68.05  68.00  20.00  41.05  68.00  61.00  42.05   0.00
15:04:58  48.0   0.0   0.5  51.5   0.0   27  20747   5982   10    0    0 103.02    0.00  30.35  24.42  48.26  60.05  60.00  20.00  41.05  60.00  61.00  42.05   0.00
15:04:59  60.6   0.0   1.0  38.5   0.0   28  19041  36604   24    0    0 101.20    0.00  29.76  23.64  47.79  61.05  61.00  20.00  41.05  61.00  67.00  42.05   0.00
15:05:00  98.3   0.0   0.2   1.5   0.0   28   6175   7705    0    0    0 101.54    0.00  30.06  24.05  47.43  59.05  59.00  20.00  41.05  59.00  67.00  42.05   0.00
15:05:01  73.2   0.0   0.4  26.3   0.1   25  23048   7577    3    2    6 103.48    0.00  30.46  24.29  48.73  61.05  61.00  20.00  41.05  61.00  61.00  42.05   0.00
15:05:02  94.7   0.0   0.8   4.5   0.0   26  16164   8226    0    0    0 101.67    0.00  30.01  23.84  47.82  61.05  61.00  20.00  41.05  61.00  61.00  42.05   0.00
15:05:03  84.8   0.0   0.6  14.6   0.0   28  16161   8075    0    0    0 101.55    0.00  30.04  23.75  47.75  61.05  61.00  20.00  41.05  61.00  62.00  42.05   0.00
15:05:04  96.6   0.0   0.6   2.8   0.0   29  13860   8297    0    0    0 100.61    0.00  29.67  23.35  47.59  60.05  60.00  20.00  41.05  60.00  62.00  42.05   0.00
15:05:05  96.1   0.0   0.8   3.1   0.0   29  13720   8508    0    0    0 100.91    0.00  29.76  23.42  47.73  60.05  60.00  20.00  41.05  60.00  62.00  42.05   0.00
15:05:06  94.3   0.0   1.0   4.6   0.0   28  25731   9096    0    0    1 100.84    0.00  29.57  23.02  48.25  61.05  60.00  20.00  41.05  60.00  61.00  42.05   0.00
15:05:07  95.8   0.0   1.0   3.2   0.0   30  13388   8146    0    0    0 100.60    0.00  29.63  23.22  47.75  61.05  61.00  20.00  41.05  61.00  61.00  42.05   0.00
15:05:08  92.9   0.0   0.7   6.4   0.0   27  11460   7417    0    0    0  99.42    0.00  29.27  22.96  47.20  60.05  60.00  20.00  41.05  60.00  61.00  42.05   0.00
15:05:09  95.5   0.0   0.5   4.0   0.0    7  12865   7770    0    0    0 102.77    0.00  30.32  23.88  48.57  61.05  61.00  20.00  41.05  61.00  61.00  42.05   0.00
15:05:10  83.0   0.0   1.3  15.7   0.0   27  17096  41172    0    0    0  99.96    0.00  29.49  23.10  47.36  62.05  62.00  20.00  41.05  62.00  61.00  42.05   0.00
15:05:11  94.7   0.0   1.2   4.1   0.0   27  18899   8182    0    0    0 102.67    0.00  30.26  23.79  48.62  61.05  61.00  20.00  41.05  61.00  62.00  42.05   0.00
15:05:12  96.1   0.0   0.7   3.2   0.0   28  11958   8087    0    0    0 103.01    0.00  30.33  23.82  48.85  62.05  62.00  20.00  41.05  62.00  62.00  42.05   0.00
15:05:13  95.8   0.0   0.7   3.5   0.0   26  10713   7648    0    0    0 103.48    0.00  30.47  23.96  49.05  61.05  61.00  20.00  41.05  61.00  62.00  42.05   0.00
15:05:14  96.2   0.0   0.3   3.5   0.0   27  10090   7821    0    0    0 103.96    0.00  30.57  24.01  49.38  61.05  61.00  20.00  41.05  61.00  62.00  42.05   0.00
15:05:15  96.3   0.0   1.0   2.8   0.0   28   9090   7664    0    0    0 105.26    0.00  30.92  24.26  50.08  63.05  63.00  20.00  41.05  63.00  62.00  43.05   0.00
15:05:16  96.4   0.0   0.7   2.9   0.0   19   7562   7506    1    0    0 106.47    0.00  31.27  24.55  50.64  62.05  62.00  20.00  41.05  62.00  62.00  43.05   0.00
15:05:17  85.8   0.0   0.8  13.4   0.0    2  17975  22579    0    0    0  96.52    0.00  28.37  21.99  46.16  56.05  56.00  20.00  41.05  56.00  63.00  43.05   0.00
15:05:18  82.1   0.0   1.0  16.9   0.0   27  46044   9312    0    0    1 101.87    0.00  30.11  23.74  48.02  62.05  62.00  20.00  42.05  62.00  63.00  43.05   0.00
15:05:19  95.8   0.0   1.2   3.0   0.0   28   8978   7364    0    0    0 103.78    0.00  30.56  24.04  49.19  62.05  62.00  20.00  42.05  62.00  63.00  43.05   0.00
15:05:20  97.2   0.0   0.3   2.5   0.0   28   7551   7347    0    0    0 101.18    0.00  29.60  22.98  48.60  62.05  62.00  20.00  42.05  62.00  63.00  43.05   0.00
15:05:21  96.1   0.0   0.5   3.5   0.0   25   8537   8012    0    0    0 102.54    0.00  30.14  23.60  48.80  65.05  65.00  20.00  42.05  65.00  62.00  43.05   0.00
15:05:22  52.6   0.0   0.4  47.0   0.0    5  12750   5610    0    0    0  91.45    0.00  26.68  20.63  44.14  79.05  79.00  20.00  42.05  79.00  62.00  43.05   0.00
15:05:23  17.7   0.0   0.3  82.0   0.0    5   7669   2071    0    0    1 103.96    0.00  30.17  24.40  49.38  78.05  78.00  20.00  42.05  78.00  64.00  43.05   0.00
15:05:24  15.2   0.0   0.2  84.6   0.0    2   9123   1948    0    0    0  98.09    0.00  28.08  22.45  47.56  78.05  78.00  20.00  42.05  78.00  64.00  43.05   0.00
15:05:25   6.5   0.0   0.2  93.3   0.0    2    484    770    0    0    0  61.53    0.00  18.14  13.08  30.31  77.05  77.00  20.00  42.05  77.00  64.00  43.05   0.00
15:05:26  10.7   0.0   0.5  88.9   0.0    5   2731   1963    3    0    5  65.57    0.00  18.45  12.89  34.23  72.05  72.00  20.00  42.05  72.00  78.00  43.05   0.00
15:05:27  27.9   0.0   0.6  71.5   0.0   19   3445  30695    0    0    1  85.76    0.00  24.51  18.81  42.43  68.05  68.00  20.00  42.05  68.00  75.00  43.05   0.00
15:05:28   7.6   0.0   0.0  92.3   0.0    2    589    931    0    0    5  52.97    0.00  15.41  10.14  27.42  71.05  71.00  20.00  42.05  72.00  75.00  43.05   0.00
15:05:29   9.1   0.0   0.5  90.4   0.0    2   2456   1626    9    4    0  59.64    0.00  16.92  11.54  31.17  60.05  60.00  20.00  42.05  60.00  71.00  43.05   0.00
-------- ----- ----- ----- ----- ----- ---- ------ ------ ---- ---- ---- ------  ------ ------ ------ ------ ------ ------ ------ ------ ------ ------ ------ ------
 Average  58.2   0.0   0.6  41.1   0.0 16.3 17753.2 8425.1  6.8  2.3  3.6  89.79    0.00  26.24  20.44  43.11  62.68  62.61  20.00  41.29  62.65  62.53  42.07   0.00
 GeoMean   0.0   0.0   0.0  19.8   0.0 10.7 10222.2 5381.2  0.0  0.0  0.0  75.83    0.00  22.06  15.52  37.28  62.37  62.30  20.00  41.29  62.34  62.38  42.06   0.00
  StdDev  36.8   0.0   0.4  36.9   0.0 11.0 15320.2 8111.3 15.7 12.4 11.4  25.95    0.00   7.71   6.47  11.87   6.35   6.36   0.00   0.43   6.35   4.45   0.77   0.00
-------- ----- ----- ----- ----- ----- ---- ------ ------ ---- ---- ---- ------  ------ ------ ------ ------ ------ ------ ------ ------ ------ ------ ------ ------
 Minimum   0.0   0.0   0.0   1.5   0.0  1.0  164.0   95.0  0.0  0.0  0.0   1.90    0.00   0.52   0.06   1.31  49.05  49.00  20.00  41.05  49.00  54.00  41.05   0.00
 Maximum  98.3   0.0   1.7 100.0   0.2 30.0 70685.0 41172.0 66.0 88.0 66.0 114.57    0.00  33.53  27.35  53.76  79.05  79.00  20.00  42.05  79.00  78.00  43.05   0.00
-------- ----- ----- ----- ----- ----- ---- ------ ------ ---- ---- ---- ------  ------ ------ ------ ------ ------ ------ ------ ------ ------ ------ ------ ------
Summary:
CPU:  89.79 Watts on average with standard deviation 25.95 
Note: power read from RAPL domains: uncore, pkg-0, core, psys.
These readings do not cover all the hardware in this device.

Histogram (of 49 power measurements)

  Range (Watts)   Count
  1.902 -  13.168     3 #####
 13.169 -  24.435     0 
 24.436 -  35.702     0 
 35.703 -  46.969     0 
 46.970 -  58.237     1 #
 58.238 -  69.504     3 #####
 69.505 -  80.771     2 ###
 80.772 -  92.038     6 ##########
 92.039 - 103.305    23 ########################################
103.306 - 114.572    11 ###################

Histogram (of 49 CPU utilization measurements)

 Range (%CPU)   Count
 0.042 -  9.887     6 ##############
 9.888 - 19.734    10 #######################
19.735 - 29.580     1 ##
29.581 - 39.427     0 
39.428 - 49.273     3 #######
49.274 - 59.120     1 ##
59.121 - 68.966     1 ##
68.967 - 78.813     6 ##############
78.814 - 88.659     4 #########
88.660 - 98.506    17 ########################################

Histogram (of 49 thermal zone TCPU readings)

 Range (°C)    Count
49.050 - 52.049     3 ######
52.050 - 55.049     0 
55.050 - 58.049     4 ########
58.050 - 61.049    20 ########################################
61.050 - 64.049    10 ####################
64.050 - 67.049     3 ######
67.050 - 70.049     3 ######
70.050 - 73.049     2 ####
73.050 - 76.049     0 
76.050 - 79.049     4 ########

Histogram (of 49 thermal zone x86_pkg_temp readings)

 Range (°C)    Count
49.000 - 51.999     3 ######
52.000 - 54.999     0 
55.000 - 57.999     4 ########
58.000 - 60.999    20 ########################################
61.000 - 63.999    10 ####################
64.000 - 66.999     3 ######
67.000 - 69.999     3 ######
70.000 - 72.999     2 ####
73.000 - 75.999     0 
76.000 - 78.999     4 ########

Range is zero, cannot produce histogram of thermal zone INT3400 Thermal

Histogram (of 49 thermal zone SEN3 readings)

 Range (°C)    Count
41.050 - 41.149    37 ########################################
41.150 - 41.249     0 
41.250 - 41.349     0 
41.350 - 41.449     0 
41.450 - 41.549     0 
41.550 - 41.649     0 
41.650 - 41.749     0 
41.750 - 41.849     0 
41.850 - 41.949     0 
41.950 - 42.049    12 ############

Histogram (of 49 thermal zone TCPU_PCI readings)

 Range (°C)    Count
49.000 - 51.999     3 ######
52.000 - 54.999     0 
55.000 - 57.999     4 ########
58.000 - 60.999    20 ########################################
61.000 - 63.999    10 ####################
64.000 - 66.999     3 ######
67.000 - 69.999     3 ######
70.000 - 72.999     2 ####
73.000 - 75.999     0 
76.000 - 78.999     4 ########

Histogram (of 49 thermal zone iwlwifi_1 readings)

 Range (°C)    Count
54.000 - 56.399     5 ###########
56.400 - 58.799     0 
58.800 - 61.199    16 #####################################
61.200 - 63.599    17 ########################################
63.600 - 65.999     5 ###########
66.000 - 68.399     2 ####
68.400 - 70.799     0 
70.800 - 73.199     1 ##
73.200 - 75.599     2 ####
75.600 - 77.999     1 ##

Histogram (of 49 thermal zone acpitz readings)

 Range (°C)    Count
41.050 - 41.249    14 ############################
41.250 - 41.449     0 
41.450 - 41.649     0 
41.650 - 41.849     0 
41.850 - 42.049    20 ########################################
42.050 - 42.249     0 
42.250 - 42.449     0 
42.450 - 42.649     0 
42.650 - 42.849     0 
42.850 - 43.049    15 ##############################

Range is zero, cannot produce histogram of thermal zone SEN2
