Running for 86400.0 seconds (86400 samples at 1.0 second intervals).
Power measurements will start in 0 seconds time.

  Time    User  Nice   Sys  Idle    IO  Run Ctxt/s  IRQ/s Fork Exec Exit  Watts  uncore  pkg-0   core   psys   TCPU x86_pk INT340   SEN3 TCPU_P iwlwif acpitz   SEN2
16:12:36   0.0   0.0   0.0 100.0   0.0    1    398    367    0    0    0  18.20    0.00   4.02   0.21  13.97  62.05  62.00  20.00  47.05  62.00  68.00  48.05   0.00
16:12:37   0.0   0.0   0.1  99.9   0.0    1    429    244    0    0    0  17.20    0.00   3.81   0.14  13.25  61.05  61.00  20.00  47.05  61.00  68.00  49.05   0.00
16:12:38   0.1   0.0   0.2  99.7   0.0    3    529    282    9    6    8  17.67    0.00   3.94   0.22  13.51  61.05  61.00  20.00  47.05  61.00  62.00  49.05   0.00
16:12:39  12.8   0.0   0.8  86.4   0.0    5  35719   5022   39    0    0  78.89    0.00  21.37  14.95  42.57  78.05  78.00  20.00  47.05  78.00  62.00  49.05   0.00
16:12:40  16.4   0.0   0.5  83.2   0.0    5  35182   4366    4    0    0  88.17    0.00  24.32  17.68  46.17  73.05  73.00  20.00  47.05  73.00  72.00  49.05   0.00
16:12:41  17.6   0.0   0.5  81.8   0.0    4  27091   4814   29    4   28  98.09    0.00  27.17  20.22  50.70  73.05  73.00  20.00  47.05  73.00  72.00  49.05   0.00
16:12:42  12.6   0.0   1.1  86.3   0.0   14  34127   8322   96    5   44  83.67    0.00  22.70  16.03  44.94  75.05  75.00  20.00  47.05  75.00  72.00  49.05   0.00
16:12:43  22.7   0.0   1.6  75.7   0.0    2  87704  16857    4    0    9  91.13    0.00  25.39  18.77  46.97  70.05  70.00  20.00  47.05  70.00  77.00  49.05   0.00
16:12:44  11.4   0.0   0.8  87.7   0.0    5  20438   4185   56   74   55  77.67    0.00  20.10  12.80  44.76  70.05  70.00  20.00  47.05  70.00  70.00  49.05   0.00
16:12:45  19.7   0.0   0.6  79.7   0.0   24  34218   5284   31    0    0 104.53    0.00  29.08  22.14  53.30  77.05  77.00  20.00  47.05  77.00  70.00  49.05   0.00
16:12:46  73.5   0.0   1.8  24.6   0.0   18  58519  15044    1    0    0 123.24    0.00  35.36  28.01  59.87  67.05  67.00  20.00  47.05  67.00  77.00  49.05   0.00
16:12:47  76.4   0.0   0.6  22.9   0.0   19  24371   7828    0    0    7 106.72    0.00  30.23  23.02  53.48  68.05  68.00  20.00  47.05  68.00  77.00  48.05   0.00
16:12:48  76.3   0.0   0.7  23.1   0.0   21  15297   6962    0    0    1 105.14    0.00  29.75  22.43  52.96  68.05  68.00  20.00  47.05  68.00  68.00  48.05   0.00
16:12:49  69.5   0.0   0.8  29.7   0.0   18  20967   7320    3    0    3 105.88    0.00  29.96  22.65  53.27  68.05  68.00  20.00  47.05  68.00  68.00  48.05   0.00
16:12:50  55.2   0.0   0.7  44.1   0.0    5  15157   5840    1    0    1 100.11    0.00  28.15  20.95  51.01  73.05  73.00  20.00  47.05  73.00  68.00  48.05   0.00
16:12:51  36.4   0.0   0.6  63.0   0.0    5  13119   4190    0    0    0  97.96    0.00  27.27  20.20  50.49  70.05  70.00  20.00  47.05  70.00  68.00  48.05   0.00
16:12:52  56.0   0.0   0.5  43.5   0.0    5  20441   6875   10    0    1 101.48    0.00  28.59  21.55  51.33  71.05  71.00  20.00  47.05  71.00  68.00  49.05   0.00
16:12:53  80.5   0.0   0.5  19.0   0.0   28  13809   7845   25    0    1 112.46    0.00  32.04  24.87  55.55  68.05  68.00  20.00  47.05  68.00  73.00  49.05   0.00
16:12:54  98.2   0.0   0.4   1.4   0.0   28   5506   7325    0    0    0 105.80    0.00  30.15  23.22  52.43  67.05  67.00  20.00  47.05  67.00  68.00  49.05   0.00
16:12:55  98.2   0.0   0.3   1.6   0.0   28   5180   7164    0    0    1 105.03    0.00  29.86  22.90  52.27  67.05  67.00  20.00  47.05  66.00  68.00  49.05   0.00
16:12:56  69.1   0.0   0.5  30.4   0.0    5  12033  36061    0    0    0 103.12    0.00  29.36  22.40  51.36  65.05  65.00  20.00  47.05  65.00  68.00  49.05   0.00
16:12:57  87.4   0.0   1.0  11.6   0.0   25  35729   9107    1    0    2 109.60    0.00  31.26  24.17  54.16  66.05  66.00  20.00  47.05  66.00  68.00  49.05   0.00
16:12:58  95.9   0.0   0.7   3.3   0.0   27  10459   7219    0    0    0 104.93    0.00  29.78  22.58  52.57  68.05  68.00  20.00  47.05  68.00  67.00  49.05   0.00
16:12:59  85.0   0.0   0.6  14.4   0.0   28  13186   8192    0    0    0 105.37    0.00  30.03  22.83  52.51  67.05  67.00  20.00  47.05  67.00  67.00  49.05   0.00
16:13:00  97.0   0.0   0.8   2.2   0.0   30   9786   8132    0    0    0 104.70    0.00  29.72  22.50  52.49  66.05  66.00  20.00  47.05  66.00  68.00  49.05   0.00
16:13:01  96.6   0.0   0.7   2.7   0.0   31  11363   8006    1    0    0 107.48    0.00  30.37  22.83  54.28  67.05  67.00  20.00  47.05  67.00  68.00  49.05   0.00
16:13:02  96.2   0.0   0.8   2.9   0.0   28  14238   8281    0    0    0 104.73    0.00  29.70  22.44  52.59  67.05  67.00  20.00  47.05  67.00  68.00  49.05   0.00
16:13:03  95.8   0.0   0.6   3.6   0.0   26  10636   7615    0    0    0 105.95    0.00  30.07  22.75  53.13  67.05  67.00  20.00  47.05  67.00  68.00  49.05   0.00
16:13:04  95.2   0.0   0.9   3.9   0.0   28  11501   7647    0    0    0 107.30    0.00  30.44  23.10  53.76  67.05  67.00  20.00  47.05  67.00  68.00  49.05   0.00
16:13:05  95.3   0.0   0.8   3.9   0.0   31  10210   7460    0    0    0 108.65    0.00  30.91  23.49  54.26  68.05  68.00  20.00  47.05  68.00  68.00  49.05   0.00
16:13:06  94.5   0.0   1.0   4.5   0.0   29  10501   7166    0    0    0 109.11    0.00  30.90  23.34  54.87  68.05  68.00  20.00  47.05  68.00  69.00  49.05   0.00
16:13:07  93.5   0.0   1.3   5.3   0.0   32  11466   7804    0    0    0 109.96    0.00  31.15  23.56  55.25  68.05  68.00  20.00  47.05  68.00  69.00  49.05   0.00
16:13:08  79.5   0.0   1.1  19.4   0.0   29  15638  29848    0    0    0  95.39    0.00  26.92  19.78  48.70  68.05  67.00  20.00  47.05  67.00  68.00  49.05   0.00
16:13:09  96.0   0.0   0.6   3.4   0.0   28  11880   7605    0    0    0 106.92    0.00  30.36  23.02  53.54  67.05  67.00  20.00  47.05  67.00  68.00  49.05   0.00
16:13:10  79.2   0.0   0.6  20.2   0.0    5  12318   6780    0    0    0  99.38    0.00  27.94  20.74  50.70  81.05  81.00  20.00  47.05  81.00  68.00  49.05   0.00
16:13:11  18.0   0.0   0.2  81.8   0.0    5  12560   4964    0    0    2 107.90    0.00  30.41  23.73  53.76  82.05  82.00  20.00  47.05  82.00  68.00  49.05   0.00
16:13:12  17.3   0.0   0.5  82.2   0.0    5  13593   5729    3    4    0 107.20    0.00  30.26  23.66  53.28  87.05  87.00  20.00  47.05  87.00  68.00  49.05   0.00
-------- ----- ----- ----- ----- ----- ---- ------ ------ ---- ---- ---- ------  ------ ------ ------ ------ ------ ------ ------ ------ ------ ------ ------ ------
 Average  60.1   0.0   0.7  39.2   0.0 17.1 18791.8 8209.5  8.5  2.5  4.4  95.59    0.00  26.83  20.00  48.76  69.67  69.59  20.00  47.05  69.57  68.97  48.89   0.00
 GeoMean   0.0   0.0   0.6  19.0   0.0 11.5 12367.8 5922.5  0.0  0.0  0.0  88.50    0.00  24.41  14.64  46.42  69.47  69.39  20.00  47.05  69.36  68.90  48.89   0.00
  StdDev  35.8   0.0   0.4  35.9   0.0 11.4 16432.1 6710.1 19.4 12.0 11.9  24.77    0.00   7.39   6.50  10.95   5.49   5.50   0.00   0.00   5.51   3.14   0.37   0.00
-------- ----- ----- ----- ----- ----- ---- ------ ------ ---- ---- ---- ------  ------ ------ ------ ------ ------ ------ ------ ------ ------ ------ ------ ------
 Minimum   0.0   0.0   0.0   1.4   0.0  1.0  398.0  244.0  0.0  0.0  0.0  17.20    0.00   3.81   0.14  13.25  61.05  61.00  20.00  47.05  61.00  62.00  48.05   0.00
 Maximum  98.2   0.0   1.8 100.0   0.0 32.0 87704.0 36061.0 96.0 74.0 55.0 123.24    0.00  35.36  28.01  59.87  87.05  87.00  20.00  47.05  87.00  77.00  49.05   0.00
-------- ----- ----- ----- ----- ----- ---- ------ ------ ---- ---- ---- ------  ------ ------ ------ ------ ------ ------ ------ ------ ------ ------ ------ ------
Summary:
CPU:  95.59 Watts on average with standard deviation 24.77 
Note: power read from RAPL domains: uncore, pkg-0, core, psys.
These readings do not cover all the hardware in this device.

Histogram (of 37 power measurements)

  Range (Watts)   Count
 17.201 -  27.804     3 #####
 27.805 -  38.408     0 
 38.409 -  49.012     0 
 49.013 -  59.616     0 
 59.617 -  70.221     0 
 70.222 -  80.825     2 ###
 80.826 -  91.429     3 #####
 91.430 - 102.033     6 ##########
102.034 - 112.637    22 ########################################
112.638 - 123.241     1 #

Histogram (of 37 CPU utilization measurements)

 Range (%CPU)   Count
 0.042 -  9.892     3 ##########
 9.893 - 19.743     7 #######################
19.744 - 29.594     2 ######
29.595 - 39.445     1 ###
39.446 - 49.296     0 
49.297 - 59.147     2 ######
59.148 - 68.997     0 
68.998 - 78.848     5 ################
78.849 - 88.699     5 ################
88.700 - 98.550    12 ########################################

Histogram (of 37 thermal zone TCPU readings)

 Range (°C)    Count
61.050 - 63.649     3 ######
63.650 - 66.249     3 ######
66.250 - 68.849    18 ########################################
68.850 - 71.449     4 ########
71.450 - 74.049     3 ######
74.050 - 76.649     1 ##
76.650 - 79.249     2 ####
79.250 - 81.849     1 ##
81.850 - 84.449     1 ##
84.450 - 87.049     1 ##

Histogram (of 37 thermal zone x86_pkg_temp readings)

 Range (°C)    Count
61.000 - 63.599     3 ######
63.600 - 66.199     3 ######
66.200 - 68.799    18 ########################################
68.800 - 71.399     4 ########
71.400 - 73.999     3 ######
74.000 - 76.599     1 ##
76.600 - 79.199     2 ####
79.200 - 81.799     1 ##
81.800 - 84.399     1 ##
84.400 - 86.999     1 ##

Range is zero, cannot produce histogram of thermal zone INT3400 Thermal

Range is zero, cannot produce histogram of thermal zone SEN3

Histogram (of 37 thermal zone TCPU_PCI readings)

 Range (°C)    Count
61.000 - 63.599     3 #######
63.600 - 66.199     4 #########
66.200 - 68.799    17 ########################################
68.800 - 71.399     4 #########
71.400 - 73.999     3 #######
74.000 - 76.599     1 ##
76.600 - 79.199     2 ####
79.200 - 81.799     1 ##
81.800 - 84.399     1 ##
84.400 - 86.999     1 ##

Histogram (of 37 thermal zone iwlwifi_1 readings)

 Range (°C)    Count
62.000 - 63.499     2 ###
63.500 - 64.999     0 
65.000 - 66.499     0 
66.500 - 67.999    24 ########################################
68.000 - 69.499     2 ###
69.500 - 70.999     2 ###
71.000 - 72.499     3 #####
72.500 - 73.999     1 #
74.000 - 75.499     0 
75.500 - 76.999     3 #####

Histogram (of 37 thermal zone acpitz readings)

 Range (°C)    Count
48.050 - 48.149     6 #######
48.150 - 48.249     0 
48.250 - 48.349     0 
48.350 - 48.449     0 
48.450 - 48.549     0 
48.550 - 48.649     0 
48.650 - 48.749     0 
48.750 - 48.849     0 
48.850 - 48.949     0 
48.950 - 49.049    31 ########################################

Range is zero, cannot produce histogram of thermal zone SEN2
