Running for 86400.0 seconds (86400 samples at 1.0 second intervals).
Power measurements will start in 0 seconds time.

  Time    User  Nice   Sys  Idle    IO  Run Ctxt/s  IRQ/s Fork Exec Exit  Watts  uncore  pkg-0   core   psys   TCPU x86_pk INT340   SEN3 TCPU_P iwlwif acpitz   SEN2
22:59:32   0.0   0.0   0.0 100.0   0.0    1    191    367    0    0    0   4.44    0.00   1.19   0.18   3.07  53.05  53.00  20.00  42.05  53.00  67.00  43.05   0.00
22:59:33   0.0   0.0   0.0 100.0   0.0    1    155     85    0    0    0   1.53    0.00   0.42   0.07   1.05  53.05  54.00  20.00  42.05  54.00  67.00  43.05   0.00
22:59:34   0.1   0.0   0.1  99.8   0.0    3    280    126   13    6    8   2.55    0.00   0.71   0.18   1.66  52.05  52.00  20.00  42.05  52.00  61.00  43.05   0.00
22:59:35  17.9   0.0   0.8  81.2   0.0    5  32634   5304   38    0    0  93.67    0.00  27.20  21.62  44.84  68.05  68.00  20.00  42.05  68.00  61.00  43.05   0.00
22:59:36  19.6   0.0   0.6  79.7   0.1    4  26703   4461   50    7   28  94.19    0.00  27.30  21.51  45.39  62.05  62.00  20.00  42.05  62.00  65.00  43.05   0.00
22:59:37  12.7   0.0   1.3  86.0   0.0   12  41435   8441   75    2   40  75.38    0.00  21.46  15.71  38.21  70.05  70.00  20.00  42.05  70.00  65.00  43.05   0.00
22:59:38  20.5   0.0   1.4  78.2   0.0    4  67995  14881    4    0    8  81.21    0.00  23.63  18.00  39.58  61.05  61.00  20.00  42.05  61.00  65.00  43.05   0.00
22:59:39  12.4   0.0   1.0  86.6   0.0   10  45665   5846   56   74   55  78.86    0.00  22.09  15.63  41.14  64.05  64.00  20.00  42.05  64.00  60.00  43.05   0.00
22:59:40  25.7   0.0   0.7  73.6   0.0   28  66291   8619   29    0    0 116.01    0.00  34.30  28.38  53.33  71.05  71.00  20.00  42.05  71.00  61.00  43.05   0.00
22:59:41  74.7   0.0   2.0  23.3   0.0   21  45329  13920    0    0    4 104.55    0.00  30.93  24.76  48.85  64.05  64.00  20.00  42.05  64.00  61.00  43.05   0.00
22:59:42  69.5   0.0   0.9  29.6   0.0   20  20888   7284    0    0    1 102.15    0.00  29.98  23.54  48.63  62.05  62.00  20.00  42.05  62.00  62.00  43.05   0.00
22:59:43  78.9   0.0   1.0  20.1   0.0   25  14174   6900    0    0    1 102.78    0.00  30.38  23.96  48.44  63.05  63.00  20.00  42.05  63.00  62.00  43.05   0.00
22:59:44  76.8   0.0   1.1  22.1   0.0   18  39886   9162    0    0    0 100.28    0.00  29.43  22.86  47.99  61.05  61.00  20.00  42.05  61.00  63.00  43.05   0.00
22:59:45  38.2   0.0   0.5  61.3   0.0   17  21970   5508    1    0    1  94.01    0.00  26.98  20.89  46.13  70.05  70.00  20.00  42.05  70.00  63.00  43.05   0.00
22:59:46  31.9   0.0   0.3  67.8   0.1    7  18998   4273    1    0    0 106.98    0.00  30.93  24.96  51.09  75.05  75.00  20.00  42.05  75.00  68.00  43.05   0.00
22:59:47  55.8   0.0   0.7  43.6   0.0    5  22485   7271   10    0    0 106.30    0.00  30.76  24.54  51.00  72.05  72.00  20.00  42.05  72.00  68.00  43.05   0.00
22:59:48  92.7   0.0   0.1   7.1   0.0   28  12016   7845   24    0    0 106.63    0.00  31.22  25.25  50.16  62.05  62.00  20.00  42.05  62.00  68.00  43.05   0.00
22:59:49  98.6   0.0   0.4   1.0   0.0   28   4088   6778    0    0    1 103.90    0.00  30.73  24.73  48.44  61.05  61.00  20.00  42.05  61.00  63.00  43.05   0.00
22:59:50  93.1   0.0   0.3   6.5   0.0    5   5367   6631    0    0    0  98.59    0.00  29.14  23.15  46.30  59.05  59.00  20.00  42.05  59.00  63.00  43.05   0.00
22:59:51  63.1   0.0   0.9  35.9   0.0   21  35412  44260    1    0    0 103.57    0.00  30.62  24.36  48.59  62.05  62.00  20.00  42.05  62.00  63.00  43.05   0.00
22:59:52  93.1   0.0   0.4   6.5   0.0   26  14545   7037    0    0    0 103.01    0.00  30.44  24.23  48.34  62.05  62.00  20.00  42.05  62.00  65.00  43.05   0.00
22:59:53  87.9   0.0   0.8  11.2   0.0   19  16197   7641    0    0    0  95.60    0.00  28.17  21.94  45.49  59.05  59.00  20.00  42.05  59.00  65.00  43.05   0.00
22:59:54  95.2   0.0   0.5   4.4   0.0   28  11427   8126    0    0    0 105.48    0.00  31.23  24.84  49.41  61.05  61.00  20.00  42.05  61.00  61.00  43.05   0.00
22:59:55  96.3   0.0   0.6   3.1   0.0   26  11005   8105    0    0    0 100.95    0.00  29.77  23.39  47.78  63.05  63.00  20.00  42.05  62.00  61.00  43.05   0.00
22:59:56  96.5   0.0   0.9   2.6   0.0   28  11946   8316    0    0    0 101.08    0.00  29.79  23.37  47.92  61.05  61.00  20.00  42.05  61.00  62.00  43.05   0.00
22:59:57  95.6   0.0   0.6   3.7   0.0   30  12899   7891    0    0    0 100.66    0.00  29.60  23.08  47.98  61.05  62.00  20.00  42.05  62.00  62.00  43.05   0.00
22:59:58  95.4   0.0   0.6   4.0   0.0   28  14883   7858    0    0    0 100.97    0.00  29.75  23.27  47.95  62.05  62.00  20.00  42.05  62.00  62.00  43.05   0.00
22:59:59  95.4   0.0   0.6   4.0   0.0   29  11180   7632    0    0    0 100.98    0.00  29.74  23.28  47.95  62.05  62.00  20.00  42.05  62.00  62.00  43.05   0.00
23:00:00  95.4   0.0   0.8   3.9   0.0   28   9834   7192    0    0    0 100.96    0.00  29.76  23.31  47.89  62.05  62.00  20.00  42.05  62.00  62.00  43.05   0.00
23:00:01  94.2   0.0   1.2   4.6   0.0   28  10876   7204    0    0    0 100.95    0.00  29.74  23.26  47.96  62.05  62.00  20.00  42.05  62.00  63.00  43.05   0.00
23:00:02  94.3   0.0   1.4   4.3   0.0   27  10766   7457    0    0    0 102.15    0.00  29.50  22.84  49.81  62.05  62.00  20.00  42.05  62.00  63.00  43.05   0.00
23:00:03  95.8   0.0   0.6   3.6   0.0   28  14171   8021    0    0    0 102.08    0.00  29.81  23.27  49.00  62.05  62.00  20.00  42.05  62.00  63.00  43.05   0.00
23:00:04  85.9   0.0   0.4  13.7   0.0    5   9069   6797    0    0    0  95.90    0.00  28.19  21.78  45.94  69.05  69.00  20.00  42.05  69.00  63.00  44.05   0.00
23:00:05  19.8   0.0   0.1  80.0   0.0    5  15073  32524    0    0    1  90.23    0.00  26.21  20.29  43.73  70.05  70.00  20.00  42.05  70.00  63.00  44.05   0.00
23:00:06  17.8   0.0   0.1  82.1   0.0    5   5445   2084    0    0    4  83.82    0.00  24.00  18.00  41.82  70.05  72.00  20.00  42.05  72.00  63.00  44.05   0.00
23:00:07  12.5   0.0   0.2  87.3   0.0    2   4098   1688    0    0    1  63.42    0.00  18.25  12.57  32.60  60.05  60.00  20.00  42.05  60.00  69.00  44.05   0.00
-------- ----- ----- ----- ----- ----- ---- ------ ------ ---- ---- ---- ------  ------ ------ ------ ------ ------ ------ ------ ------ ------ ------ ------ ------
 Average  59.8   0.0   0.7  39.5   0.0 16.8 19593.8 8431.5  8.4  2.5  4.2  89.61    0.00  26.20  20.47  42.93  63.19  63.25  20.00  42.05  63.22  63.47  43.16   0.00
 GeoMean   0.0   0.0   0.0  18.9   0.0 11.7 11392.6 5456.7  0.0  0.0  0.0  71.62    0.00  20.81  14.36  35.35  62.98  63.04  20.00  42.05  63.01  63.43  43.16   0.00
  StdDev  36.5   0.0   0.4  36.6   0.0 10.6 16767.9 8003.7 18.2 12.2 11.7  27.98    0.00   8.28   6.83  12.96   5.12   5.14   0.00   0.00   5.15   2.33   0.31   0.00
-------- ----- ----- ----- ----- ----- ---- ------ ------ ---- ---- ---- ------  ------ ------ ------ ------ ------ ------ ------ ------ ------ ------ ------ ------
 Minimum   0.0   0.0   0.0   1.0   0.0  1.0  155.0   85.0  0.0  0.0  0.0   1.53    0.00   0.42   0.07   1.05  52.05  52.00  20.00  42.05  52.00  60.00  43.05   0.00
 Maximum  98.6   0.0   2.0 100.0   0.1 30.0 67995.0 44260.0 75.0 74.0 55.0 116.01    0.00  34.30  28.38  53.33  75.05  75.00  20.00  42.05  75.00  69.00  44.05   0.00
-------- ----- ----- ----- ----- ----- ---- ------ ------ ---- ---- ---- ------  ------ ------ ------ ------ ------ ------ ------ ------ ------ ------ ------ ------
Summary:
CPU:  89.61 Watts on average with standard deviation 27.98 
Note: power read from RAPL domains: uncore, pkg-0, core, psys.
These readings do not cover all the hardware in this device.

Histogram (of 36 power measurements)

  Range (Watts)   Count
  1.533 -  12.979     3 #####
 12.980 -  24.427     0 
 24.428 -  35.874     0 
 35.875 -  47.322     0 
 47.323 -  58.769     0 
 58.770 -  70.217     1 #
 70.218 -  81.665     3 #####
 81.666 -  93.112     2 ###
 93.113 - 104.560    22 ########################################
104.561 - 116.007     5 #########

Histogram (of 36 CPU utilization measurements)

 Range (%CPU)   Count
 0.000 -  9.899     3 ########
 9.900 - 19.799     5 ##############
19.800 - 29.699     4 ###########
29.700 - 39.599     2 #####
39.600 - 49.498     0 
49.499 - 59.398     1 ##
59.399 - 69.298     1 ##
69.299 - 79.198     3 ########
79.199 - 89.098     3 ########
89.099 - 98.998    14 ########################################

Histogram (of 36 thermal zone TCPU readings)

 Range (°C)    Count
52.050 - 54.349     3 #########
54.350 - 56.649     0 
56.650 - 58.949     0 
58.950 - 61.249     9 ###########################
61.250 - 63.549    13 ########################################
63.550 - 65.849     2 ######
65.850 - 68.149     1 ###
68.150 - 70.449     5 ###############
70.450 - 72.749     2 ######
72.750 - 75.049     1 ###

Histogram (of 36 thermal zone x86_pkg_temp readings)

 Range (°C)    Count
52.000 - 54.299     3 ########
54.300 - 56.599     0 
56.600 - 58.899     0 
58.900 - 61.199     8 ######################
61.200 - 63.499    14 ########################################
63.500 - 65.799     2 #####
65.800 - 68.099     1 ##
68.100 - 70.399     4 ###########
70.400 - 72.699     3 ########
72.700 - 74.999     1 ##

Range is zero, cannot produce histogram of thermal zone INT3400 Thermal

Range is zero, cannot produce histogram of thermal zone SEN3

Histogram (of 36 thermal zone TCPU_PCI readings)

 Range (°C)    Count
52.000 - 54.299     3 ########
54.300 - 56.599     0 
56.600 - 58.899     0 
58.900 - 61.199     8 ######################
61.200 - 63.499    14 ########################################
63.500 - 65.799     2 #####
65.800 - 68.099     1 ##
68.100 - 70.399     4 ###########
70.400 - 72.699     3 ########
72.700 - 74.999     1 ##

Histogram (of 36 thermal zone iwlwifi_1 readings)

 Range (°C)    Count
60.000 - 60.899     1 ###
60.900 - 61.799     6 #####################
61.800 - 62.699     7 #########################
62.700 - 63.599    11 ########################################
63.600 - 64.499     0 
64.500 - 65.399     5 ##################
65.400 - 66.299     0 
66.300 - 67.199     2 #######
67.200 - 68.099     3 ##########
68.100 - 68.999     1 ###

Histogram (of 36 thermal zone acpitz readings)

 Range (°C)    Count
43.050 - 43.149    32 ########################################
43.150 - 43.249     0 
43.250 - 43.349     0 
43.350 - 43.449     0 
43.450 - 43.549     0 
43.550 - 43.649     0 
43.650 - 43.749     0 
43.750 - 43.849     0 
43.850 - 43.949     0 
43.950 - 44.049     4 #####

Range is zero, cannot produce histogram of thermal zone SEN2
