Running for 86400.0 seconds (86400 samples at 1.0 second intervals).
Power measurements will start in 0 seconds time.

  Time    User  Nice   Sys  Idle    IO  Run Ctxt/s  IRQ/s Fork Exec Exit  Watts  uncore  pkg-0   core   psys   TCPU x86_pk INT340   SEN3 TCPU_P iwlwif acpitz   SEN2
19:07:57   0.0   0.0   0.0 100.0   0.0    1    156    346    0    0    0   4.65    0.00   1.23   0.17   3.25  51.05  51.00  20.00  40.05  51.00  59.00  41.05   0.00
19:07:58   0.0   0.0   0.0 100.0   0.0    1    190    103    0    0    0   2.06    0.00   0.57   0.07   1.42  50.05  50.00  20.00  40.05  50.00  59.00  41.05   0.00
19:07:59   0.0   0.0   0.1  99.8   0.0    2    297    140   14    6    8   2.42    0.00   0.69   0.17   1.56  49.05  49.00  20.00  40.05  49.00  55.00  41.05   0.00
19:08:00  16.9   0.0   0.9  82.1   0.0    6  45810   6067   38    0    0 106.48    0.00  31.21  25.56  49.71  69.05  69.00  20.00  40.05  69.00  55.00  41.05   0.00
19:08:01  19.6   0.0   0.5  79.9   0.0    7  36559   5409   29    4   28 103.32    0.00  30.15  24.33  48.83  63.05  63.00  20.00  40.05  65.00  64.00  41.05   0.00
19:08:02  11.7   0.0   1.3  86.9   0.0   10  37227   6483   95    5   39  72.10    0.00  20.40  14.68  37.02  74.05  74.00  20.00  40.05  74.00  64.00  41.05   0.00
19:08:03  23.0   0.0   1.9  75.1   0.0    5  89706  19332    4    0    9  89.69    0.00  26.30  20.72  42.68  58.05  58.00  20.00  40.05  58.00  64.00  41.05   0.00
19:08:04  10.6   0.0   1.0  88.4   0.0    4  35094   5286   68   90   67  75.30    0.00  21.09  14.68  39.52  60.05  60.00  20.00  40.05  61.00  59.00  41.05   0.00
19:08:05  17.6   0.0   0.4  82.0   0.0    6  50570   5780    0    0    0  93.39    0.00  27.03  21.36  45.00  67.05  67.00  20.00  40.05  67.00  62.00  41.05   0.00
19:08:06  67.0   0.0   1.7  31.3   0.0   26  72751  12664   28    0    0 120.40    0.00  35.87  29.66  54.88  61.05  61.00  20.00  40.05  61.00  62.00  41.05   0.00
19:08:07  66.6   0.0   0.4  32.9   0.0   18  24330  12202    0    0    1 103.80    0.00  30.53  24.17  49.10  60.05  60.00  20.00  40.05  60.00  63.00  41.05   0.00
19:08:08  75.7   0.0   0.6  23.7   0.0   16  20777   7519    0    0    1 100.69    0.00  29.68  23.31  47.70  60.05  60.00  20.00  40.05  60.00  63.00  41.05   0.00
19:08:09  75.4   0.0   0.8  23.8   0.0   17  36918   8739    0    0    0 100.45    0.00  29.62  23.15  47.68  62.05  62.00  20.00  40.05  62.00  59.00  41.05   0.00
19:08:10  45.9   0.0   0.4  53.7   0.0   23  18854   5803    1    0    1  92.64    0.00  26.95  20.85  44.83  65.05  65.00  20.00  40.05  65.00  59.00  41.05   0.00
19:08:11  36.6   0.0   0.4  62.9   0.1    5  15931   4456    0    0    0  92.77    0.00  26.81  20.65  45.32  62.05  62.00  20.00  40.05  62.00  65.00  41.05   0.00
19:08:12  45.6   0.0   0.9  53.4   0.0   28  20630   5943   11    0    2  93.67    0.00  27.11  20.99  45.57  61.05  61.00  20.00  40.05  61.00  65.00  41.05   0.00
19:08:13  77.0   0.0   0.6  22.4   0.0   28  16638   7829   24    0    1 101.32    0.00  29.94  24.02  47.36  59.05  59.00  20.00  40.05  59.00  65.00  41.05   0.00
19:08:14  89.0   0.0   0.5  10.5   0.0   28   8124   7242    0    0    0 102.17    0.00  30.13  23.96  48.09  59.05  59.00  20.00  40.05  59.00  64.00  41.05   0.00
19:08:15  37.1   0.0   0.9  62.0   0.0    5  47129  44533    0    0    0  96.02    0.00  28.24  22.40  45.38  75.05  75.00  20.00  40.05  75.00  60.00  41.05   0.00
19:08:16  86.5   0.0   0.8  12.7   0.0   26  19643   7765    0    0    0 106.23    0.00  31.44  25.27  49.52  60.05  60.00  20.00  40.05  59.00  60.00  41.05   0.00
19:08:17  84.1   0.0   0.6  15.2   0.0   28  18965   9034    0    0    1 100.37    0.00  29.56  23.20  47.61  60.05  60.00  20.00  40.05  60.00  61.00  41.05   0.00
19:08:18  95.9   0.0   0.8   3.3   0.0   32  13852   8820    0    0    0 102.08    0.00  30.16  23.87  48.05  59.05  59.00  20.00  40.05  59.00  61.00  41.05   0.00
19:08:19  96.8   0.0   0.8   2.3   0.0   29  13324   8828    0    0    0 101.81    0.00  30.04  23.75  48.01  60.05  60.00  20.00  40.05  60.00  60.00  41.05   0.00
19:08:20  96.4   0.0   0.6   3.0   0.0   28  14105   8088    0    0    0 101.30    0.00  29.78  23.29  48.23  60.05  60.00  20.00  40.05  60.00  60.00  41.05   0.00
19:08:21  95.7   0.0   0.8   3.5   0.0   28  13931   8272    0    0    0 101.09    0.00  29.81  23.50  47.78  60.05  60.00  20.00  40.05  60.00  60.00  41.05   0.00
19:08:22  95.0   0.0   0.9   4.2   0.0   28  12946   8045    0    0    0 100.97    0.00  29.77  23.46  47.74  59.05  59.00  20.00  40.05  60.00  60.00  41.05   0.00
19:08:23  79.9   0.0   0.9  19.2   0.0   28  12258   7081    0    0    0 101.08    0.00  29.54  23.23  48.31  60.05  60.00  20.00  40.05  60.00  60.00  42.05   0.00
19:08:24  44.2   0.0   0.2  55.6   0.0    5   9921   4435    0    0    0  88.44    0.00  25.15  19.22  44.07  71.05  71.00  20.00  40.05  71.00  60.00  42.05   0.00
19:08:25  21.8   0.0   0.2  78.0   0.0    3  18301  23403    0    0    1  93.98    0.00  26.79  20.93  46.26  66.05  66.00  20.00  40.05  66.00  70.00  42.05   0.00
19:08:26  11.2   0.0   0.3  88.5   0.0    2   6306   2106    2    0    2  61.69    0.00  17.31  11.72  32.66  57.05  57.00  20.00  40.05  57.00  70.00  42.05   0.00
19:08:27   6.9   0.0   0.4  92.7   0.0    1   6196   2498    7    4   48  44.56    0.00  12.77   8.34  23.44  53.05  53.00  20.00  41.05  53.00  70.00  42.05   0.00
-------- ----- ----- ----- ----- ----- ---- ------ ------ ---- ---- ---- ------  ------ ------ ------ ------ ------ ------ ------ ------ ------ ------ ------ ------
 Average  49.3   0.0   0.7  50.0   0.0 15.3 23788.4 8524.2 10.4  3.5  6.7  85.71    0.00  25.02  19.51  41.18  61.02  60.97  20.00  40.08  61.06  61.87  41.21   0.00
 GeoMean   0.0   0.0   0.0  31.2   0.0  9.5 13313.1 5298.3  0.0  0.0  0.0  66.43    0.00  19.25  12.78  33.10  60.73  60.68  20.00  40.08  60.78  61.77  41.21   0.00
  StdDev  34.5   0.0   0.4  34.6   0.0 11.4 20264.5 8118.3 21.5 15.9 15.9  30.49    0.00   9.05   7.57  13.98   5.93   5.93   0.00   0.18   5.96   3.65   0.37   0.00
-------- ----- ----- ----- ----- ----- ---- ------ ------ ---- ---- ---- ------  ------ ------ ------ ------ ------ ------ ------ ------ ------ ------ ------ ------
 Minimum   0.0   0.0   0.0   2.3   0.0  1.0  156.0  103.0  0.0  0.0  0.0   2.06    0.00   0.57   0.07   1.42  49.05  49.00  20.00  40.05  49.00  55.00  41.05   0.00
 Maximum  96.8   0.0   1.9 100.0   0.1 32.0 89706.0 44533.0 95.0 90.0 67.0 120.40    0.00  35.87  29.66  54.88  75.05  75.00  20.00  41.05  75.00  70.00  42.05   0.00
-------- ----- ----- ----- ----- ----- ---- ------ ------ ---- ---- ---- ------  ------ ------ ------ ------ ------ ------ ------ ------ ------ ------ ------ ------
Summary:
CPU:  85.71 Watts on average with standard deviation 30.49 
Note: power read from RAPL domains: uncore, pkg-0, core, psys.
These readings do not cover all the hardware in this device.

Histogram (of 31 power measurements)

  Range (Watts)   Count
  2.062 -  13.895     3 ########
 13.896 -  25.729     0 
 25.730 -  37.563     0 
 37.564 -  49.398     1 ##
 49.399 -  61.232     0 
 61.233 -  73.066     2 #####
 73.067 -  84.901     1 ##
 84.902 -  96.735     8 #####################
 96.736 - 108.569    15 ########################################
108.570 - 120.403     1 ##

Histogram (of 31 CPU utilization measurements)

 Range (%CPU)   Count
 0.000 -  9.767     4 ##########################
 9.768 - 19.536     5 #################################
19.537 - 29.304     3 ####################
29.305 - 39.073     2 #############
39.074 - 48.841     3 ####################
48.842 - 58.610     0 
58.611 - 68.378     1 ######
68.379 - 78.146     4 ##########################
78.147 - 87.915     3 ####################
87.916 - 97.683     6 ########################################

Histogram (of 31 thermal zone TCPU readings)

 Range (°C)    Count
49.050 - 51.649     3 #########
51.650 - 54.249     1 ###
54.250 - 56.849     0 
56.850 - 59.449     6 ##################
59.450 - 62.049    13 ########################################
62.050 - 64.649     1 ###
64.650 - 67.249     3 #########
67.250 - 69.849     1 ###
69.850 - 72.449     1 ###
72.450 - 75.049     2 ######

Histogram (of 31 thermal zone x86_pkg_temp readings)

 Range (°C)    Count
49.000 - 51.599     3 #########
51.600 - 54.199     1 ###
54.200 - 56.799     0 
56.800 - 59.399     6 ##################
59.400 - 61.999    13 ########################################
62.000 - 64.599     1 ###
64.600 - 67.199     3 #########
67.200 - 69.799     1 ###
69.800 - 72.399     1 ###
72.400 - 74.999     2 ######

Range is zero, cannot produce histogram of thermal zone INT3400 Thermal

Histogram (of 31 thermal zone SEN3 readings)

 Range (°C)    Count
40.050 - 40.149    30 ########################################
40.150 - 40.249     0 
40.250 - 40.349     0 
40.350 - 40.449     0 
40.450 - 40.549     0 
40.550 - 40.649     0 
40.650 - 40.749     0 
40.750 - 40.849     0 
40.850 - 40.949     0 
40.950 - 41.049     1 #

Histogram (of 31 thermal zone TCPU_PCI readings)

 Range (°C)    Count
49.000 - 51.599     3 #########
51.600 - 54.199     1 ###
54.200 - 56.799     0 
56.800 - 59.399     6 ##################
59.400 - 61.999    13 ########################################
62.000 - 64.599     0 
64.600 - 67.199     4 ############
67.200 - 69.799     1 ###
69.800 - 72.399     1 ###
72.400 - 74.999     2 ######

Histogram (of 31 thermal zone iwlwifi_1 readings)

 Range (°C)    Count
55.000 - 56.499     2 ########
56.500 - 57.999     0 
58.000 - 59.499     5 ####################
59.500 - 60.999    10 ########################################
61.000 - 62.499     2 ########
62.500 - 63.999     6 ########################
64.000 - 65.499     3 ############
65.500 - 66.999     0 
67.000 - 68.499     0 
68.500 - 69.999     3 ############

Histogram (of 31 thermal zone acpitz readings)

 Range (°C)    Count
41.050 - 41.149    26 ########################################
41.150 - 41.249     0 
41.250 - 41.349     0 
41.350 - 41.449     0 
41.450 - 41.549     0 
41.550 - 41.649     0 
41.650 - 41.749     0 
41.750 - 41.849     0 
41.850 - 41.949     0 
41.950 - 42.049     5 #######

Range is zero, cannot produce histogram of thermal zone SEN2
