Running for 86400.0 seconds (86400 samples at 1.0 second intervals).
Power measurements will start in 0 seconds time.

  Time    User  Nice   Sys  Idle    IO  Run Ctxt/s  IRQ/s Fork Exec Exit  Watts  uncore  pkg-0   core   psys   TCPU x86_pk INT340   SEN3 TCPU_P iwlwif acpitz   SEN2
19:28:34   0.0   0.0   0.0 100.0   0.0    1    198    310    0    0    0   4.08    0.00   1.08   0.17   2.83  51.05  51.00  20.00  40.05  51.00  52.00  41.05   0.00
19:28:35   0.0   0.0   0.0  99.9   0.0    1    218    121    0    0    0   2.10    0.00   0.58   0.08   1.43  50.05  50.00  20.00  40.05  50.00  52.00  41.05   0.00
19:28:36   0.1   0.0   0.1  99.8   0.0    2    308    144   14    6    8   2.77    0.00   0.79   0.18   1.80  49.05  49.00  20.00  40.05  49.00  53.00  41.05   0.00
19:28:37  15.4   0.0   1.0  83.6   0.0   10  46292   5946   38    0    0 107.36    0.00  31.68  26.24  49.44  72.05  72.00  20.00  40.05  72.00  53.00  41.05   0.00
19:28:38  19.2   0.0   0.6  80.1   0.1    4  35529   5061   29    4   28 102.20    0.00  29.78  23.92  48.51  57.05  57.00  20.00  40.05  57.00  58.00  41.05   0.00
19:28:39   9.7   0.0   1.0  89.2   0.0   13  27317   5211   92    5   40  63.49    0.00  17.58  11.76  34.15  59.05  59.00  20.00  40.05  59.00  58.00  41.05   0.00
19:28:40  25.0   0.0   1.7  73.3   0.0   19 109274  19910    8    0    9  96.83    0.00  28.52  22.77  45.55  60.05  60.00  20.00  40.05  60.00  58.00  40.05   0.00
19:28:41  10.9   0.0   0.9  88.2   0.0    6  24348   4608   68   90   67  68.73    0.00  19.20  12.83  36.71  64.05  64.00  20.00  40.05  64.00  63.00  40.05   0.00
19:28:42  18.3   0.0   0.7  81.1   0.0   10  57720   6077    0    0    0  96.52    0.00  28.06  22.31  46.15  68.05  68.00  20.00  40.05  68.00  63.00  40.05   0.00
19:28:43  65.0   0.0   1.5  33.5   0.0    2  65660  14837   29    0    0 118.57    0.00  35.35  29.17  54.06  55.05  54.00  20.00  40.05  54.00  63.00  40.05   0.00
19:28:44  69.1   0.0   1.0  30.0   0.0   23  30917   8260    0    0    4 104.49    0.00  30.73  24.41  49.34  62.05  62.00  20.00  40.05  62.00  68.00  40.05   0.00
19:28:45  75.7   0.0   0.8  23.6   0.0   19  18615   7378    0    0    2 101.35    0.00  29.90  23.61  47.84  59.05  59.00  20.00  40.05  59.00  68.00  41.05   0.00
19:28:46  75.9   0.0   0.6  23.5   0.0   20  11990   6954    0    0    0 101.60    0.00  30.01  23.61  47.97  60.05  60.00  20.00  40.05  60.00  61.00  41.05   0.00
19:28:47  49.7   0.0   0.5  49.8   0.0    5  20782   6105    1    0    1  99.71    0.00  29.27  23.19  47.25  70.05  70.00  20.00  40.05  70.00  61.00  41.05   0.00
19:28:48  37.7   0.0   0.3  62.1   0.0    6  14580   4498    1    0    0  99.93    0.00  29.12  22.94  47.88  64.05  64.00  20.00  40.05  64.00  61.00  41.05   0.00
19:28:49  34.0   0.0   0.3  65.7   0.0   20  23542   5633   10    0    0  92.45    0.00  26.20  19.96  46.30  59.05  59.00  20.00  40.05  59.00  61.00  41.05   0.00
19:28:50  77.5   0.0   0.7  21.8   0.0   28  18953   8383   24    0    0 104.20    0.00  30.28  24.21  49.71  58.05  58.00  20.00  40.05  58.00  61.00  41.05   0.00
19:28:51  87.2   0.0   0.5  12.3   0.0    5   6500   6805    0    0    0  97.57    0.00  28.26  22.28  47.03  68.05  68.00  20.00  40.05  68.00  64.00  41.05   0.00
19:28:52  46.1   0.0   0.6  53.3   0.0    5  40200  44992    0    0    0  99.15    0.00  28.97  22.97  47.20  71.05  71.00  20.00  40.05  71.00  60.00  41.05   0.00
19:28:53  86.9   0.0   0.7  12.4   0.0   28  28939   8216    0    0    0 110.36    0.00  32.74  26.51  51.11  60.05  60.00  20.00  40.05  60.00  60.00  41.05   0.00
19:28:54  88.7   0.0   0.5  10.8   0.0   30  21845   8692    0    0    0  98.56    0.00  28.96  22.61  46.99  62.05  62.00  20.00  40.05  62.00  63.00  41.05   0.00
19:28:55  96.6   0.0   0.5   2.9   0.0   29  14044   9032    0    0    0 103.92    0.00  30.74  24.40  48.78  60.05  60.00  20.00  40.05  60.00  63.00  41.05   0.00
19:28:56  96.6   0.0   0.6   2.8   0.0   32  12690   8460    0    0    0 101.07    0.00  29.85  23.53  47.69  59.05  59.00  20.00  40.05  59.00  60.00  41.05   0.00
19:28:57  96.8   0.0   0.3   2.8   0.0   30  12886   8454    0    0    0 101.43    0.00  29.94  23.57  47.91  60.05  60.00  20.00  40.05  60.00  60.00  41.05   0.00
19:28:58  95.8   0.0   0.7   3.5   0.0   27  13850   8430    0    0    0 100.75    0.00  29.72  23.40  47.63  59.05  59.00  20.00  40.05  59.00  60.00  41.05   0.00
19:28:59  95.6   0.0   0.5   3.8   0.0   28  12737   7803    0    0    0 101.11    0.00  29.83  23.49  47.79  60.05  60.00  20.00  40.05  60.00  60.00  41.05   0.00
19:29:00  79.1   0.0   0.7  20.2   0.0   31  11997   7354    0    0    0 100.66    0.00  29.68  23.38  47.61  61.05  61.00  20.00  40.05  61.00  60.00  41.05   0.00
19:29:01  35.4   0.0   0.2  64.4   0.0    5   9832   3768    0    0    1  72.65    0.00  20.59  14.74  37.32  65.05  65.00  20.00  40.05  65.00  61.00  41.05   0.00
19:29:02  20.6   0.0   0.4  79.0   0.0    3  11865  19109    0    0    0  77.80    0.00  22.24  16.38  39.18  63.05  63.00  20.00  40.05  62.00  64.00  41.05   0.00
19:29:03  12.7   0.0   0.3  86.9   0.0    2   6113   1763    0    0    0  55.77    0.00  15.79  10.31  29.67  60.05  60.00  20.00  41.05  60.00  64.00  41.05   0.00
-------- ----- ----- ----- ----- ----- ---- ------ ------ ---- ---- ---- ------  ------ ------ ------ ------ ------ ------ ------ ------ ------ ------ ------ ------
 Average  50.7   0.0   0.6  48.7   0.0 14.8 23658.0 8410.5 10.5  3.5  5.3  86.24    0.00  25.18  19.63  41.43  60.88  60.80  20.00  40.08  60.77  60.43  40.88   0.00
 GeoMean   0.0   0.0   0.0  29.9   0.0  9.4 13089.3 5217.4  0.0  0.0  0.0  66.44    0.00  19.25  12.75  33.15  60.64  60.55  20.00  40.08  60.52  60.30  40.88   0.00
  StdDev  34.5   0.0   0.4  34.6   0.0 11.2 22219.5 8120.3 21.5 16.1 14.4  30.95    0.00   9.21   7.77  14.10   5.45   5.49   0.00   0.18   5.48   3.91   0.37   0.00
-------- ----- ----- ----- ----- ----- ---- ------ ------ ---- ---- ---- ------  ------ ------ ------ ------ ------ ------ ------ ------ ------ ------ ------ ------
 Minimum   0.0   0.0   0.0   2.8   0.0  1.0  198.0  121.0  0.0  0.0  0.0   2.10    0.00   0.58   0.08   1.43  49.05  49.00  20.00  40.05  49.00  52.00  40.05   0.00
 Maximum  96.8   0.0   1.7 100.0   0.1 32.0 109274.0 44992.0 92.0 90.0 67.0 118.57    0.00  35.35  29.17  54.06  72.05  72.00  20.00  41.05  72.00  68.00  41.05   0.00
-------- ----- ----- ----- ----- ----- ---- ------ ------ ---- ---- ---- ------  ------ ------ ------ ------ ------ ------ ------ ------ ------ ------ ------ ------
Summary:
CPU:  86.24 Watts on average with standard deviation 30.95 
Note: power read from RAPL domains: uncore, pkg-0, core, psys.
These readings do not cover all the hardware in this device.

Histogram (of 30 power measurements)

  Range (Watts)   Count
  2.096 -  13.743     3 ######
 13.744 -  25.390     0 
 25.391 -  37.038     0 
 37.039 -  48.686     0 
 48.687 -  60.333     1 ##
 60.334 -  71.981     2 ####
 71.982 -  83.628     2 ####
 83.629 -  95.276     1 ##
 95.277 - 106.924    18 ########################################
106.925 - 118.571     3 ######

Histogram (of 30 CPU utilization measurements)

 Range (%CPU)   Count
 0.000 -  9.721     3 ###############
 9.722 - 19.442     5 #########################
19.443 - 29.164     3 ###############
29.165 - 38.886     3 ###############
38.887 - 48.607     1 #####
48.608 - 58.329     1 #####
58.330 - 68.051     1 #####
68.052 - 77.772     3 ###############
77.773 - 87.494     2 ##########
87.495 - 97.216     8 ########################################

Histogram (of 30 thermal zone TCPU readings)

 Range (°C)    Count
49.050 - 51.349     3 ##########
51.350 - 53.649     0 
53.650 - 55.949     1 ###
55.950 - 58.249     2 ######
58.250 - 60.549    12 ########################################
60.550 - 62.849     3 ##########
62.850 - 65.149     4 #############
65.150 - 67.449     0 
67.450 - 69.749     2 ######
69.750 - 72.049     3 ##########

Histogram (of 30 thermal zone x86_pkg_temp readings)

 Range (°C)    Count
49.000 - 51.299     3 ##########
51.300 - 53.599     0 
53.600 - 55.899     1 ###
55.900 - 58.199     2 ######
58.200 - 60.499    12 ########################################
60.500 - 62.799     3 ##########
62.800 - 65.099     4 #############
65.100 - 67.399     0 
67.400 - 69.699     2 ######
69.700 - 71.999     3 ##########

Range is zero, cannot produce histogram of thermal zone INT3400 Thermal

Histogram (of 30 thermal zone SEN3 readings)

 Range (°C)    Count
40.050 - 40.149    29 ########################################
40.150 - 40.249     0 
40.250 - 40.349     0 
40.350 - 40.449     0 
40.450 - 40.549     0 
40.550 - 40.649     0 
40.650 - 40.749     0 
40.750 - 40.849     0 
40.850 - 40.949     0 
40.950 - 41.049     1 #

Histogram (of 30 thermal zone TCPU_PCI readings)

 Range (°C)    Count
49.000 - 51.299     3 ##########
51.300 - 53.599     0 
53.600 - 55.899     1 ###
55.900 - 58.199     2 ######
58.200 - 60.499    12 ########################################
60.500 - 62.799     4 #############
62.800 - 65.099     3 ##########
65.100 - 67.399     0 
67.400 - 69.699     2 ######
69.700 - 71.999     3 ##########

Histogram (of 30 thermal zone iwlwifi_1 readings)

 Range (°C)    Count
52.000 - 53.599     4 ######################
53.600 - 55.199     0 
55.200 - 56.799     0 
56.800 - 58.399     3 #################
58.400 - 59.999     7 ########################################
60.000 - 61.599     6 ##################################
61.600 - 63.199     5 ############################
63.200 - 64.799     3 #################
64.800 - 66.399     0 
66.400 - 67.999     2 ###########

Histogram (of 30 thermal zone acpitz readings)

 Range (°C)    Count
40.050 - 40.149     5 ########
40.150 - 40.249     0 
40.250 - 40.349     0 
40.350 - 40.449     0 
40.450 - 40.549     0 
40.550 - 40.649     0 
40.650 - 40.749     0 
40.750 - 40.849     0 
40.850 - 40.949     0 
40.950 - 41.049    25 ########################################

Range is zero, cannot produce histogram of thermal zone SEN2
