Running for 86400.0 seconds (86400 samples at 1.0 second intervals).
Power measurements will start in 0 seconds time.

  Time    User  Nice   Sys  Idle    IO  Run Ctxt/s  IRQ/s Fork Exec Exit  Watts  uncore  pkg-0   core   psys   TCPU x86_pk INT340   SEN3 TCPU_P iwlwif acpitz   SEN2
18:47:17   0.0   0.0   0.0 100.0   0.0    1    176    357    0    0    0   4.55    0.00   1.20   0.17   3.18  50.05  50.00  20.00  40.05  50.00  56.00  40.05   0.00
18:47:18   0.0   0.0   0.0 100.0   0.0    1    138     78    0    0    0   2.96    0.00   0.81   0.06   2.09  52.05  52.00  20.00  40.05  52.00  56.00  40.05   0.00
18:47:19   0.1   0.0   0.1  99.8   0.0    1    269    170    3    2    3   3.67    0.00   1.00   0.12   2.55  49.05  49.00  20.00  40.05  49.00  53.00  40.05   0.00
18:47:20  15.7   0.0   1.1  83.2   0.0    5  61690   7069   48    4    5  86.25    0.00  24.80  19.07  42.37  62.05  62.00  20.00  40.05  62.00  53.00  40.05   0.00
18:47:21  16.1   0.0   0.8  83.1   0.0    3  51044   5879    9    4    4  80.66    0.00  23.12  17.52  40.02  59.05  59.00  20.00  40.05  59.00  59.00  40.05   0.00
18:47:22  17.1   0.0   0.8  82.0   0.0    6  44971   5981   36    3   24  82.98    0.00  23.50  17.56  41.92  60.05  60.00  20.00  40.05  60.00  59.00  40.05   0.00
18:47:23  12.9   0.0   1.1  85.9   0.0   13  40185   8766   84    2   40  69.31    0.00  19.09  13.24  36.98  63.05  63.00  20.00  40.05  63.00  61.00  40.05   0.00
18:47:24  21.3   0.0   1.5  77.2   0.0    3  55167  13707    5    0   10  81.44    0.00  22.98  17.30  41.16  61.05  61.00  20.00  40.05  61.00  61.00  40.05   0.00
18:47:25  12.1   0.0   0.9  87.0   0.0    3  35970   5360   68   90   67  69.47    0.00  18.59  11.94  38.94  59.05  59.00  20.00  40.05  58.00  61.00  40.05   0.00
18:47:26  18.7   0.0   0.7  80.6   0.0    6  44764   5584    0    0    0  77.75    0.00  21.89  16.17  39.70  69.05  69.00  20.00  40.05  69.00  63.00  40.05   0.00
18:47:27  67.9   0.0   1.8  30.3   0.0   20  64206  11957   29    0    1 116.68    0.00  34.58  28.25  53.85  60.05  60.00  20.00  40.05  60.00  68.00  40.05   0.00
18:47:28  74.3   0.0   0.8  24.9   0.0   22  32202  12811    0    0    0 103.53    0.00  30.64  24.41  48.48  58.05  58.00  20.00  40.05  58.00  68.00  40.05   0.00
18:47:29  64.0   0.0   0.5  35.5   0.0   15  21937   6965    0    0    1 101.13    0.00  29.73  23.56  47.84  59.05  59.00  20.00  40.05  59.00  59.00  40.05   0.00
18:47:30  73.3   0.0   0.7  25.9   0.0   19  15986   6849    0    0    0 101.21    0.00  29.85  23.49  47.87  59.05  59.00  20.00  40.05  59.00  59.00  40.05   0.00
18:47:31  51.2   0.0   1.0  47.8   0.0   20  34922   7179    1    0    1  98.93    0.00  29.01  22.87  47.06  73.05  73.00  20.00  40.05  73.00  60.00  40.05   0.00
18:47:32  37.0   0.0   0.3  62.7   0.0    5  17880   4655    0    0    3 103.73    0.00  30.21  24.02  49.50  69.05  69.00  20.00  40.05  69.00  60.00  40.05   0.00
18:47:33  51.7   0.0   0.5  47.8   0.0   20  23735   7106   10    0    1 108.27    0.00  31.97  26.06  50.24  58.05  58.00  20.00  40.05  58.00  60.00  40.05   0.00
18:47:34  76.7   0.0   0.7  22.6   0.0   28  16083   7644   24    0    0 101.07    0.00  29.85  23.90  47.32  58.05  58.00  20.00  40.05  58.00  67.00  40.05   0.00
18:47:35  81.1   0.0   0.8  18.1   0.0   19  10947  38803    0    0    0  98.93    0.00  29.14  23.01  46.78  65.05  65.00  20.00  40.05  65.00  67.00  40.05   0.00
18:47:36  40.3   0.0   0.7  59.1   0.0    7  54234   8119    0    0    0 100.76    0.00  29.69  23.75  47.33  68.05  68.00  20.00  40.05  68.00  67.00  40.05   0.00
18:47:37  93.2   0.0   0.8   6.0   0.0   29  16289   7857    0    0    1 107.05    0.00  31.60  25.16  50.28  58.05  59.00  20.00  40.05  59.00  59.00  40.05   0.00
18:47:38  86.9   0.0   0.6  12.5   0.0   29  15493   7865    0    0    0 100.30    0.00  29.67  23.45  47.18  58.05  58.00  20.00  40.05  58.00  65.00  40.05   0.00
18:47:39  96.5   0.0   0.8   2.6   0.0   31  12982   8730    0    0    0 102.24    0.00  30.12  23.75  48.37  59.05  59.00  20.00  40.05  59.00  65.00  40.05   0.00
18:47:40  96.5   0.0   0.7   2.8   0.0   28  15217   8948    0    0    0 100.89    0.00  29.73  23.40  47.76  58.05  58.00  20.00  40.05  58.00  60.00  40.05   0.00
18:47:41  96.4   0.0   0.5   3.2   0.0   31  15261   8628    0    0    0 101.16    0.00  29.86  23.57  47.74  59.05  59.00  20.00  40.05  59.00  60.00  41.05   0.00
18:47:42  96.0   0.0   0.5   3.5   0.0   29  12854   8310    0    0    2 101.29    0.00  29.88  23.58  47.83  59.05  59.00  20.00  40.05  59.00  60.00  41.05   0.00
18:47:43  94.7   0.0   1.4   3.9   0.0   29  12938   7653    0    0    0 101.17    0.00  29.83  23.54  47.80  59.05  59.00  20.00  40.05  59.00  60.00  41.05   0.00
18:47:44  50.6   0.0   0.6  48.9   0.0   28  15467  18268    0    0    0 100.12    0.00  29.51  23.47  47.14  60.05  60.00  20.00  40.05  60.00  60.00  41.05   0.00
18:47:45  25.8   0.0   0.3  73.9   0.0    5  11707   3221    0    0    0  94.56    0.00  27.41  21.52  45.62  69.05  69.00  20.00  40.05  69.00  60.00  41.05   0.00
18:47:46  13.2   0.0   0.1  86.7   0.0    4   9911   2376    1    0    1  69.96    0.00  20.25  14.87  34.83  65.05  65.00  20.00  40.05  65.00  60.00  41.05   0.00
18:47:47  12.0   0.0   0.3  87.6   0.0    3   7850   2289    4    4    3  69.18    0.00  20.09  14.75  34.34  60.05  60.00  20.00  40.05  60.00  61.00  41.05   0.00
-------- ----- ----- ----- ----- ----- ---- ------ ------ ---- ---- ---- ------  ------ ------ ------ ------ ------ ------ ------ ------ ------ ------ ------ ------
 Average  48.2   0.0   0.7  51.1   0.0 14.9 24918.5 8038.2 10.4  3.5  5.4  85.20    0.00  24.83  19.28  41.10  60.53  60.52  20.00  40.05  60.48  60.87  40.28   0.00
 GeoMean   0.0   0.0   0.0  31.9   0.0  9.5 14263.5 5192.2  0.0  0.0  0.0  67.97    0.00  19.61  12.55  34.07  60.31  60.29  20.00  40.05  60.26  60.75  40.27   0.00
  StdDev  34.2   0.0   0.4  34.3   0.0 11.0 18374.5 6804.3 20.9 15.8 13.8  29.46    0.00   8.81   7.40  13.41   5.24   5.22   0.00   0.00   5.24   3.81   0.42   0.00
-------- ----- ----- ----- ----- ----- ---- ------ ------ ---- ---- ---- ------  ------ ------ ------ ------ ------ ------ ------ ------ ------ ------ ------ ------
 Minimum   0.0   0.0   0.0   2.6   0.0  1.0  138.0   78.0  0.0  0.0  0.0   2.96    0.00   0.81   0.06   2.09  49.05  49.00  20.00  40.05  49.00  53.00  40.05   0.00
 Maximum  96.5   0.0   1.8 100.0   0.0 31.0 64206.0 38803.0 84.0 90.0 67.0 116.68    0.00  34.58  28.25  53.85  73.05  73.00  20.00  40.05  73.00  68.00  41.05   0.00
-------- ----- ----- ----- ----- ----- ---- ------ ------ ---- ---- ---- ------  ------ ------ ------ ------ ------ ------ ------ ------ ------ ------ ------ ------
Summary:
CPU:  85.20 Watts on average with standard deviation 29.46 
Note: power read from RAPL domains: uncore, pkg-0, core, psys.
These readings do not cover all the hardware in this device.

Histogram (of 31 power measurements)

  Range (Watts)   Count
  2.960 -  14.331     3 #######
 14.332 -  25.703     0 
 25.704 -  37.075     0 
 37.076 -  48.447     0 
 48.448 -  59.819     0 
 59.820 -  71.191     4 ##########
 71.192 -  82.563     3 #######
 82.564 -  93.935     2 #####
 93.936 - 105.307    16 ########################################
105.308 - 116.679     3 #######

Histogram (of 31 CPU utilization measurements)

 Range (%CPU)   Count
 0.000 -  9.737     3 ###############
 9.738 - 19.474     8 ########################################
19.475 - 29.212     2 ##########
29.213 - 38.949     1 #####
38.950 - 48.687     1 #####
48.688 - 58.424     3 ###############
58.425 - 68.162     1 #####
68.163 - 77.899     4 ####################
77.900 - 87.637     2 ##########
87.638 - 97.374     6 ##############################

Histogram (of 31 thermal zone TCPU readings)

 Range (°C)    Count
49.050 - 51.449     2 ######
51.450 - 53.849     1 ###
53.850 - 56.249     0 
56.250 - 58.649     6 ##################
58.650 - 61.049    13 ########################################
61.050 - 63.449     2 ######
63.450 - 65.849     2 ######
65.850 - 68.249     1 ###
68.250 - 70.649     3 #########
70.650 - 73.049     1 ###

Histogram (of 31 thermal zone x86_pkg_temp readings)

 Range (°C)    Count
49.000 - 51.399     2 #####
51.400 - 53.799     1 ##
53.800 - 56.199     0 
56.200 - 58.599     5 ##############
58.600 - 60.999    14 ########################################
61.000 - 63.399     2 #####
63.400 - 65.799     2 #####
65.800 - 68.199     1 ##
68.200 - 70.599     3 ########
70.600 - 72.999     1 ##

Range is zero, cannot produce histogram of thermal zone INT3400 Thermal

Range is zero, cannot produce histogram of thermal zone SEN3

Histogram (of 31 thermal zone TCPU_PCI readings)

 Range (°C)    Count
49.000 - 51.399     2 ######
51.400 - 53.799     1 ###
53.800 - 56.199     0 
56.200 - 58.599     6 ##################
58.600 - 60.999    13 ########################################
61.000 - 63.399     2 ######
63.400 - 65.799     2 ######
65.800 - 68.199     1 ###
68.200 - 70.599     3 #########
70.600 - 72.999     1 ###

Histogram (of 31 thermal zone iwlwifi_1 readings)

 Range (°C)    Count
53.000 - 54.499     2 ########
54.500 - 55.999     2 ########
56.000 - 57.499     0 
57.500 - 58.999     5 ####################
59.000 - 60.499    10 ########################################
60.500 - 61.999     4 ################
62.000 - 63.499     1 ####
63.500 - 64.999     2 ########
65.000 - 66.499     0 
66.500 - 67.999     5 ####################

Histogram (of 31 thermal zone acpitz readings)

 Range (°C)    Count
40.050 - 40.149    24 ########################################
40.150 - 40.249     0 
40.250 - 40.349     0 
40.350 - 40.449     0 
40.450 - 40.549     0 
40.550 - 40.649     0 
40.650 - 40.749     0 
40.750 - 40.849     0 
40.850 - 40.949     0 
40.950 - 41.049     7 ###########

Range is zero, cannot produce histogram of thermal zone SEN2
