Running for 86400.0 seconds (86400 samples at 1.0 second intervals).
Power measurements will start in 0 seconds time.

  Time    User  Nice   Sys  Idle    IO  Run Ctxt/s  IRQ/s Fork Exec Exit  Watts  uncore  pkg-0   core   psys   TCPU x86_pk   SEN2 INT340 TCPU_P iwlwif acpitz   SEN3
18:18:41   0.0   0.0   0.0 100.0   0.0    1    159    287    0    0    0   6.96    0.00   1.77   0.15   5.04  49.05  49.00  40.05  20.00  49.00  54.00  40.05   0.00
18:18:42   0.0   0.0   0.0 100.0   0.0    1    218    128    0    0    0   4.91    0.00   1.27   0.05   3.59  50.05  49.00  40.05  20.00  49.00  54.00  40.05   0.00
18:18:43   0.0   0.0   0.1  99.8   0.0    1    231    138    3    2    3   7.89    0.00   2.05   0.11   5.73  49.05  49.00  40.05  20.00  49.00  52.00  40.05   0.00
18:18:44  13.6   0.0   1.0  85.4   0.0    6  33093   4790   45    4    5  65.83    0.00  18.13  12.33  35.37  62.05  62.00  40.05  20.00  62.00  52.00  40.05   0.00
18:18:45  16.8   0.0   0.8  82.4   0.0    4  32974   4235    4    0    0  73.69    0.00  20.68  14.81  38.19  63.05  63.00  40.05  20.00  63.00  61.00  39.05   0.00
18:18:46  17.3   0.0   0.6  82.0   0.0    2  27123   4637   29    4   28  76.22    0.00  21.19  15.11  39.92  62.05  62.00  40.05  20.00  62.00  61.00  39.05   0.00
18:18:47  11.8   0.0   1.3  86.8   0.0   19  38708   8365  100    5   44  72.47    0.00  20.34  14.48  37.65  64.05  64.00  39.05  20.00  64.00  61.00  39.05   0.00
18:18:48  23.2   0.0   1.3  75.5   0.0    5  76619  16280    4    0    9  90.41    0.00  26.18  20.35  43.88  62.05  62.00  39.05  20.00  62.00  58.00  39.05   0.00
18:18:49  10.3   0.0   1.2  88.5   0.0    2  34454   5969   68   90   67  76.45    0.00  20.93  14.34  41.18  56.05  56.00  39.05  20.00  56.00  58.00  39.05   0.00
18:18:50  18.3   0.0   0.8  80.8   0.0   14  52603   6016   13    0    0  99.29    0.00  28.10  22.19  49.00  68.05  68.00  39.05  20.00  68.00  58.00  39.05   0.00
18:18:51  65.6   0.0   2.0  32.4   0.0   19  65163  15174   16    0    0 118.55    0.00  34.38  27.83  56.34  55.05  55.00  39.05  20.00  55.00  58.00  40.05   0.00
18:18:52  72.8   0.0   0.7  26.5   0.0   17  25079   7779    0    0    1 109.41    0.00  31.70  25.25  52.46  58.05  58.00  39.05  20.00  58.00  62.00  40.05   0.00
18:18:53  71.9   0.0   0.5  27.6   0.0   19  19599   7337    0    0    1 102.84    0.00  30.02  23.57  49.26  60.05  60.00  39.05  20.00  60.00  62.00  40.05   0.00
18:18:54  72.7   0.0   0.8  26.5   0.0   20  35735   8861    0    0    0 102.72    0.00  29.93  23.33  49.47  58.05  58.00  39.05  20.00  58.00  59.00  40.05   0.00
18:18:55  49.0   0.0   0.3  50.7   0.0    5  16132   5442    1    0    1  99.31    0.00  28.86  22.57  47.88  68.05  68.00  39.05  20.00  68.00  59.00  40.05   0.00
18:18:56  37.6   0.0   0.6  61.7   0.1    5  16706   4716    0    0    0 105.02    0.00  30.34  23.91  50.77  67.05  67.00  39.05  20.00  67.00  62.00  39.05   0.00
18:18:57  43.4   0.0   0.5  56.0   0.0   27  20834   5469   10    0    2 104.46    0.00  30.48  24.36  49.61  58.05  58.00  39.05  20.00  58.00  62.00  39.05   0.00
18:18:58  78.5   0.0   0.4  21.1   0.0   28  14996   7911   24    0    1 101.95    0.00  29.87  23.74  48.34  58.05  58.00  40.05  20.00  58.00  62.00  39.05   0.00
18:18:59  84.9   0.0   0.5  14.5   0.0   28   8883   7305    0    0    0 102.02    0.00  29.82  23.54  48.66  59.05  60.00  40.05  20.00  60.00  67.00  39.05   0.00
18:19:00  40.0   0.0   0.9  59.2   0.0    8  52337  45214    0    0    0  98.64    0.00  28.71  22.67  47.26  69.05  69.00  40.05  20.00  69.00  58.00  39.05   0.00
18:19:01  81.5   0.0   0.5  17.9   0.0   25  22422   7874    0    0    0 107.88    0.00  31.52  25.00  51.36  58.05  58.00  40.05  20.00  58.00  58.00  40.05   0.00
18:19:02  88.9   0.0   1.0  10.1   0.0   28  30057   9961    0    0    1 101.05    0.00  29.61  23.26  48.18  58.05  58.00  40.05  20.00  58.00  60.00  40.05   0.00
18:19:03  96.4   0.0   0.5   3.1   0.0   24  12085   8262    0    0    0 102.08    0.00  29.88  23.43  48.77  58.05  58.00  40.05  20.00  58.00  60.00  40.05   0.00
18:19:04  97.1   0.0   0.3   2.6   0.0   32  12283   8192    0    0    0 101.83    0.00  29.81  23.39  48.64  58.05  58.00  40.05  20.00  58.00  59.00  40.05   0.00
18:19:05  95.9   0.0   1.0   3.0   0.0   28  15121   8714    0    0    0 101.88    0.00  29.80  23.34  48.74  58.05  58.00  40.05  20.00  58.00  59.00  40.05   0.00
18:19:06  95.4   0.0   0.9   3.7   0.0   30  14464   7948    0    0    0 101.92    0.00  29.79  23.32  48.81  58.05  58.00  40.05  20.00  59.00  59.00  40.05   0.00
18:19:07  95.1   0.0   0.6   4.3   0.0   31  14312   7944    0    0    0 101.94    0.00  29.83  23.37  48.73  59.05  59.00  40.05  20.00  59.00  59.00  40.05   0.00
18:19:08  81.8   0.0   0.5  17.7   0.0    5  13744   7543    0    0    0  96.63    0.00  28.27  21.87  46.50  56.05  56.00  40.05  20.00  56.00  59.00  40.05   0.00
18:19:09  17.5   0.0   0.2  82.2   0.0    5   7870   2190    0    0    5  82.93    0.00  23.50  17.63  41.81  68.05  69.00  40.05  20.00  69.00  59.00  40.05   0.00
18:19:10  13.2   0.0   0.2  86.5   0.1   18   4692   1875    1    0    1  69.77    0.00  19.85  14.05  35.87  66.05  66.00  40.05  20.00  66.00  68.00  40.05   0.00
18:19:11  15.1   0.0   0.4  84.5   0.0    5  10005  20405    4    4    1  79.77    0.00  23.20  17.55  39.02  72.05  72.00  40.05  20.00  72.00  68.00  40.05   0.00
-------- ----- ----- ----- ----- ----- ---- ------ ------ ---- ---- ---- ------  ------ ------ ------ ------ ------ ------ ------ ------ ------ ------ ------ ------
 Average  48.6   0.0   0.7  50.7   0.0 14.9 23506.5 8289.1 10.4  3.5  5.5  86.02    0.00  24.83  19.06  42.13  60.18  60.16  39.70  20.00  60.19  59.61  39.70   0.00
 GeoMean   0.0   0.0   0.0  31.9   0.0  9.5 13417.5 5156.6  0.0  0.0  0.0  72.17    0.00  20.58  12.24  36.75  59.91  59.89  39.69  20.00  59.92  59.50  39.69   0.00
  StdDev  34.8   0.0   0.4  34.8   0.0 10.8 18301.5 8001.8 22.2 15.9 14.4  29.05    0.00   8.61   7.33  13.22   5.62   5.73   0.48   0.00   5.72   3.71   0.48   0.00
-------- ----- ----- ----- ----- ----- ---- ------ ------ ---- ---- ---- ------  ------ ------ ------ ------ ------ ------ ------ ------ ------ ------ ------ ------
 Minimum   0.0   0.0   0.0   2.6   0.0  1.0  159.0  128.0  0.0  0.0  0.0   4.91    0.00   1.27   0.05   3.59  49.05  49.00  39.05  20.00  49.00  52.00  39.05   0.00
 Maximum  97.1   0.0   2.0 100.0   0.1 32.0 76619.0 45214.0 100.0 90.0 67.0 118.55    0.00  34.38  27.83  56.34  72.05  72.00  40.05  20.00  72.00  68.00  40.05   0.00
-------- ----- ----- ----- ----- ----- ---- ------ ------ ---- ---- ---- ------  ------ ------ ------ ------ ------ ------ ------ ------ ------ ------ ------ ------
Summary:
CPU:  86.02 Watts on average with standard deviation 29.05 
Note: power read from RAPL domains: uncore, pkg-0, core, psys.
These readings do not cover all the hardware in this device.

Histogram (of 31 power measurements)

  Range (Watts)   Count
  4.913 -  16.276     3 #######
 16.277 -  27.640     0 
 27.641 -  39.004     0 
 39.005 -  50.368     0 
 50.369 -  61.731     0 
 61.732 -  73.095     3 #######
 73.096 -  84.459     5 ############
 84.460 -  95.823     1 ##
 95.824 - 107.187    16 ########################################
107.188 - 118.550     3 #######

Histogram (of 31 CPU utilization measurements)

 Range (%CPU)   Count
 0.000 -  9.742     3 #############
 9.743 - 19.486     9 ########################################
19.487 - 29.229     1 ####
29.230 - 38.973     1 ####
38.974 - 48.716     2 ########
48.717 - 58.459     1 ####
58.460 - 68.203     1 ####
68.204 - 77.946     3 #############
77.947 - 87.689     4 #################
87.690 - 97.433     6 ##########################

Histogram (of 31 thermal zone TCPU readings)

 Range (°C)    Count
49.050 - 51.349     3 ##########
51.350 - 53.649     0 
53.650 - 55.949     1 ###
55.950 - 58.249    12 ########################################
58.250 - 60.549     3 ##########
60.550 - 62.849     3 ##########
62.850 - 65.149     2 ######
65.150 - 67.449     2 ######
67.450 - 69.749     4 #############
69.750 - 72.049     1 ###

Histogram (of 31 thermal zone x86_pkg_temp readings)

 Range (°C)    Count
49.000 - 51.299     3 ##########
51.300 - 53.599     0 
53.600 - 55.899     1 ###
55.900 - 58.199    12 ########################################
58.200 - 60.499     3 ##########
60.500 - 62.799     3 ##########
62.800 - 65.099     2 ######
65.100 - 67.399     2 ######
67.400 - 69.699     4 #############
69.700 - 71.999     1 ###

Histogram (of 31 thermal zone SEN2 readings)

 Range (°C)    Count
39.050 - 39.149    11 ######################
39.150 - 39.249     0 
39.250 - 39.349     0 
39.350 - 39.449     0 
39.450 - 39.549     0 
39.550 - 39.649     0 
39.650 - 39.749     0 
39.750 - 39.849     0 
39.850 - 39.949     0 
39.950 - 40.049    20 ########################################

Range is zero, cannot produce histogram of thermal zone INT3400 Thermal

Histogram (of 31 thermal zone TCPU_PCI readings)

 Range (°C)    Count
49.000 - 51.299     3 ##########
51.300 - 53.599     0 
53.600 - 55.899     1 ###
55.900 - 58.199    11 ########################################
58.200 - 60.499     4 ##############
60.500 - 62.799     3 ##########
62.800 - 65.099     2 #######
65.100 - 67.399     2 #######
67.400 - 69.699     4 ##############
69.700 - 71.999     1 ###

Histogram (of 31 thermal zone iwlwifi_1 readings)

 Range (°C)    Count
52.000 - 53.599     2 ########
53.600 - 55.199     2 ########
55.200 - 56.799     0 
56.800 - 58.399     6 ########################
58.400 - 59.999    10 ########################################
60.000 - 61.599     3 ############
61.600 - 63.199     5 ####################
63.200 - 64.799     0 
64.800 - 66.399     0 
66.400 - 67.999     3 ############

Histogram (of 31 thermal zone acpitz readings)

 Range (°C)    Count
39.050 - 39.149    11 ######################
39.150 - 39.249     0 
39.250 - 39.349     0 
39.350 - 39.449     0 
39.450 - 39.549     0 
39.550 - 39.649     0 
39.650 - 39.749     0 
39.750 - 39.849     0 
39.850 - 39.949     0 
39.950 - 40.049    20 ########################################

Range is zero, cannot produce histogram of thermal zone SEN3
