Running for 86400.0 seconds (86400 samples at 1.0 second intervals).
Power measurements will start in 0 seconds time.

  Time    User  Nice   Sys  Idle    IO  Run Ctxt/s  IRQ/s Fork Exec Exit  Watts  uncore  pkg-0   core   psys   TCPU iwlwif INT340   SEN3 TCPU_P x86_pk acpitz   SEN2
12:46:19   0.0   0.0   0.0 100.0   0.0    1    235    372    0    0    0  10.98    0.00   2.52   0.20   8.26  58.05  20.00  47.05  58.00  58.00  67.00  49.05   0.00
12:46:20   0.0   0.0   0.0  99.9   0.0    1    224    121    0    0    0   7.91    0.00   1.79   0.07   6.05  58.05  20.00  47.05  58.00  58.00  67.00  48.05   0.00
12:46:21   0.0   0.0   0.2  99.7   0.0    2    385    197   14    6    8  11.50    0.00   2.64   0.20   8.66  58.05  20.00  47.05  58.00  58.00  67.00  48.05   0.00
12:46:22  14.5   0.0   0.9  84.6   0.0    5  33643   4754   34    0    0  70.31    0.00  18.87  12.84  38.61  74.05  20.00  47.05  74.00  74.00  62.00  48.05   0.00
12:46:23  19.3   0.0   0.5  80.2   0.1    5  37994   4724    9    4    4  96.72    0.00  27.06  20.58  49.09  72.05  20.00  47.05  72.00  72.00  59.00  48.05   0.00
12:46:24  12.6   0.0   1.0  86.3   0.0    3  26053   5484   88    5   64  78.69    0.00  21.35  14.86  42.48  65.05  20.00  46.05  65.00  65.00  59.00  48.05   0.00
12:46:25  22.8   0.0   1.5  75.7   0.0    4  62656  13281   32    0    9  91.78    0.00  25.88  19.61  46.29  66.05  20.00  46.05  68.00  68.00  73.00  48.05   0.00
12:46:26  13.3   0.0   0.9  85.8   0.0    2  23872   7994   46   61   43  69.54    0.00  18.61  11.93  38.99  64.05  20.00  46.05  64.00  64.00  73.00  48.05   0.00
12:46:27  15.5   0.0   0.5  83.9   0.0    5  25512   4039   22   29   24  76.28    0.00  20.49  13.73  42.07  69.05  20.00  46.05  69.00  69.00  69.00  48.05   0.00
12:46:28  45.9   0.0   1.2  52.9   0.0   18  54228   9221   35    0    2 112.23    0.00  32.03  25.19  55.02  68.05  20.00  46.05  68.00  68.00  69.00  48.05   0.00
12:46:29  74.1   0.0   1.0  24.8   0.0   19  40610  13651    0    0    3 104.58    0.00  29.98  23.27  51.34  67.05  20.00  47.05  67.00  67.00  70.00  48.05   0.00
12:46:30  80.1   0.0   0.9  19.0   0.0   20  18724   7379    0    0    1 105.49    0.00  30.20  23.40  51.89  66.05  20.00  47.05  66.00  66.00  70.00  48.05   0.00
12:46:31  73.7   0.0   0.8  25.5   0.0   14  28207   8039    0    0    0 102.23    0.00  29.19  22.38  50.66  65.05  20.00  47.05  65.00  65.00  70.00  48.05   0.00
12:46:32  71.7   0.0   0.8  27.5   0.0   19  40549   9224    0    0    0 104.98    0.00  30.01  23.18  51.79  65.05  20.00  47.05  65.00  65.00  68.00  48.05   0.00
12:46:33  71.7   0.0   0.8  27.4   0.0   17  18116   6965    0    0    0 103.64    0.00  29.51  22.39  51.75  66.05  20.00  47.05  66.00  66.00  66.00  48.05   0.00
12:46:34  35.3   0.0   0.3  64.4   0.0    5  15402   4606    1    0    2 105.31    0.00  29.83  23.00  52.47  80.05  20.00  47.05  77.00  77.00  66.00  48.05   0.00
12:46:35  45.8   0.0   0.4  53.8   0.0    5  21387   6094    0    0    1 102.14    0.00  29.03  22.65  50.46  77.05  20.00  47.05  77.00  77.00  67.00  48.05   0.00
12:46:36  54.8   0.0   0.9  44.3   0.0   29  20440   6883    9    0    0 100.58    0.00  28.39  21.69  50.51  68.05  20.00  47.05  66.00  66.00  67.00  48.05   0.00
12:46:37  79.9   0.0   0.5  19.6   0.0   28  18234   8345   24    0    0 104.67    0.00  30.09  23.55  51.03  65.05  20.00  47.05  65.00  65.00  76.00  48.05   0.00
12:46:38  97.6   0.0   0.6   1.8   0.0   19   5926  36872    0    0    0 106.08    0.00  29.80  23.05  53.23  65.05  20.00  47.05  65.00  65.00  76.00  48.05   0.00
12:46:39  70.4   0.0   0.5  29.0   0.0   22  24473  15920    0    0    0 105.29    0.00  29.99  23.31  52.00  68.05  20.00  47.05  68.00  68.00  67.00  48.05   0.00
12:46:40  93.3   0.0   0.7   6.0   0.0   27  15888   7218    0    0    0 106.70    0.00  30.44  23.75  52.50  67.05  20.00  47.05  66.00  66.00  67.00  48.05   0.00
12:46:41  88.6   0.0   0.9  10.5   0.0   19  19275   8168    0    0    0 100.08    0.00  28.37  21.62  50.09  61.05  20.00  47.05  61.00  61.00  67.00  48.05   0.00
12:46:42  92.0   0.0   0.5   7.5   0.0   30  12048   8009    0    0    0 109.92    0.00  31.47  24.62  53.84  66.05  20.00  47.05  66.00  66.00  67.00  48.05   0.00
12:46:43  95.9   0.0   1.0   3.1   0.0   27  14792   8248    0    0    0 104.42    0.00  29.78  22.94  51.69  68.05  20.00  47.05  68.00  68.00  67.00  48.05   0.00
12:46:44  96.0   0.0   0.8   3.2   0.0   32  13377   8066    0    0    0 104.88    0.00  29.87  22.82  52.19  68.05  20.00  47.05  67.00  67.00  67.00  48.05   0.00
12:46:45  94.9   0.0   1.0   4.1   0.0   28  17666   8256    0    0    0 104.04    0.00  29.72  22.82  51.50  67.05  20.00  47.05  67.00  66.00  67.00  48.05   0.00
12:46:46  95.0   0.0   0.7   4.3   0.0   27  13796   7862    0    0    0 104.90    0.00  30.02  23.07  51.81  66.05  20.00  47.05  66.00  66.00  67.00  48.05   0.00
12:46:47  90.9   0.0   0.8   8.4   0.0   28  10794   7331    0    0    0 102.68    0.00  29.37  22.56  50.76  65.05  20.00  47.05  65.00  65.00  67.00  48.05   0.00
12:46:48  95.1   0.0   0.9   4.0   0.0   25  11477   7943    0    0    0 103.93    0.00  29.73  22.83  51.36  67.05  20.00  47.05  66.00  66.00  67.00  48.05   0.00
12:46:49  80.5   0.0   0.7  18.7   0.0   28  14992  30227    0    0    1 102.96    0.00  29.52  22.68  50.76  67.05  20.00  47.05  67.00  67.00  67.00  48.05   0.00
12:46:50  94.6   0.0   1.3   4.1   0.0   27  32674   9598    0    0    0 103.79    0.00  29.66  22.75  51.39  67.05  20.00  47.05  68.00  68.00  67.00  48.05   0.00
12:46:51  95.9   0.0   1.0   3.1   0.0   28  10096   7591    0    0    0 108.78    0.00  31.07  23.89  53.81  67.05  20.00  47.05  67.00  67.00  67.00  48.05   0.00
12:46:52  96.6   0.0   0.3   3.1   0.0   28   8512   7352    0    0    0 108.75    0.00  31.19  24.15  53.42  67.05  20.00  47.05  67.00  67.00  68.00  48.05   0.00
12:46:53  95.6   0.0   1.1   3.3   0.0   26   8512   7853    0    0    0 109.70    0.00  31.45  24.40  53.85  68.05  20.00  47.05  68.00  68.00  68.00  48.05   0.00
12:46:54  95.4   0.0   1.0   3.7   0.0   23  10742   7646    0    0    0 110.09    0.00  31.49  24.27  54.33  68.05  20.00  46.05  69.00  69.00  68.00  48.05   0.00
12:46:55  95.6   0.0   0.8   3.7   0.0   27  11977   7493    0    0    0 110.77    0.00  31.80  24.70  54.27  67.05  20.00  46.05  67.00  67.00  69.00  48.05   0.00
12:46:56  76.5   0.0   0.8  22.6   0.0   30  10377  19609    0    0    2  99.10    0.00  28.29  21.42  49.39  68.05  20.00  46.05  68.00  68.00  69.00  49.05   0.00
12:46:57  95.9   0.0   0.8   3.3   0.0   29   6993   7235    0    0    0 113.15    0.00  32.39  25.07  55.69  67.05  20.00  46.05  67.00  67.00  69.00  49.05   0.00
12:46:58  93.5   0.0   1.9   4.6   0.0   25  37004   9701    0    0    0 110.71    0.09  31.72  24.52  54.39  68.05  20.00  46.05  68.00  68.00  69.00  49.05   0.00
12:46:59  94.1   0.0   1.5   4.3   0.0   29  13242   7794    0    0    5 111.86    0.14  32.08  24.79  54.85  69.05  20.00  47.05  68.00  68.00  70.00  49.05   0.00
12:47:00  95.0   0.0   1.6   3.3   0.0   20  11672   8102    0    0    0 112.95    0.13  32.44  25.17  55.21  68.05  20.00  47.05  68.00  69.00  70.00  49.05   0.00
12:47:01  48.5   0.0   1.5  50.0   0.0    6   8474   4627    0    0    0  95.37    0.08  26.84  20.23  48.20  80.05  20.00  47.05  80.00  80.00  70.00  49.05   0.00
12:47:02  17.5   0.0   1.0  81.5   0.0    3   3368   2046    1    0    1  98.56    0.05  27.81  21.70  49.01  76.05  20.00  47.05  76.00  76.00  70.00  49.05   0.00
12:47:03  15.9   0.0   1.2  83.0   0.0    6   4190   5582    1    0    4 100.58    0.05  28.39  22.27  49.87  85.05  20.00  47.05  85.00  85.00  81.00  49.05   0.00
12:47:04  14.3   0.0   1.0  84.7   0.0    4   3779   3382    1    0    1  90.65    0.04  25.30  19.31  46.00  78.05  20.00  47.05  78.00  78.00  81.00  49.05   0.00
12:47:05   7.2   0.0   0.9  91.8   0.0    3    777   1040    0    0    0  60.79    0.03  15.96  10.39  34.42  76.05  20.00  47.05  76.00  76.00  82.00  49.05   0.00
12:47:06   7.1   0.0   0.8  92.1   0.0    3    595    932    0    0    1  62.16    0.02  16.14  10.37  35.62  74.05  20.00  47.05  74.00  74.00  82.00  49.05   0.00
12:47:07   7.3   0.0   0.9  91.8   0.0    3    498    951    0    0    0  62.43    0.01  16.29  10.78  35.36  78.05  20.00  47.05  78.00  78.00  75.00  49.05   0.00
12:47:08   8.7   0.0   0.8  90.4   0.1    4   2629   2238   23    0   34  68.39    0.00  17.91  11.94  38.53  62.05  20.00  47.05  62.00  62.00  75.00  49.05   0.00
12:47:09  31.5   0.0   0.3  68.3   0.0   19   2781  26283    0    0    1  78.38    0.00  22.26  16.29  39.83  68.05  20.00  47.05  68.00  68.00  75.00  49.05   0.00
12:47:10   9.1   0.0   0.1  90.8   0.0    2   2050   1691    3    0    3  58.97    0.01  16.04  10.48  32.43  64.05  20.00  47.05  64.00  64.00  75.00  49.05   0.00
12:47:11   4.4   0.0   0.0  95.6   0.0    2    452    712    0    0    1  38.38    0.00  10.46   5.20  22.71  61.05  20.00  47.05  61.00  61.00  75.00  49.05   0.00
12:47:12   4.2   0.0   0.0  95.7   0.0    3    377    614    0    0    0  38.79    0.00  10.57   5.12  23.10  62.05  20.00  47.05  61.00  61.00  69.00  49.05   0.00
12:47:13   4.3   0.0   0.0  95.7   0.0    2    396    617    0    0    0  37.34    0.00  10.54   5.19  21.61  61.05  20.00  47.05  61.00  61.00  63.00  49.05   0.00
12:47:14   5.1   0.0   0.0  94.8   0.0    5    741   1005    4    0    0  40.02    0.00  11.75   6.57  21.70  75.05  20.00  47.05  75.00  75.00  63.00  49.05   0.00
12:47:15   5.9   0.0   1.0  93.1   0.0    1   2743   2070    6    4   47  52.10    0.00  14.98   9.92  27.20  59.05  20.00  47.05  59.00  59.00  62.00  49.05   0.00
-------- ----- ----- ----- ----- ----- ---- ------ ------ ---- ---- ---- ------  ------ ------ ------ ------ ------ ------ ------ ------ ------ ------ ------ ------
 Average  53.4   0.0   0.8  45.9   0.0 15.3 15028.5 7530.8  6.2  1.9  4.6  87.68    0.01  24.74  18.45  44.48  67.93  20.00  46.87  67.77  67.77  69.30  48.42   0.00
 GeoMean  26.1   0.0   0.0  23.4   0.0  9.7 7400.6 4673.0  0.0  0.0  0.0  78.87    0.00  21.94  13.97  41.20  67.70  20.00  46.87  67.55  67.55  69.13  48.42   0.00
  StdDev  38.1   0.0   0.4  38.3   0.0 11.1 13898.8 6884.7 15.2  8.8 12.5  28.16    0.03   8.30   7.29  12.66   5.68   0.00   0.38   5.61   5.62   4.96   0.48   0.00
-------- ----- ----- ----- ----- ----- ---- ------ ------ ---- ---- ---- ------  ------ ------ ------ ------ ------ ------ ------ ------ ------ ------ ------ ------
 Minimum   0.0   0.0   0.0   1.8   0.0  1.0  224.0  121.0  0.0  0.0  0.0   7.91    0.00   1.79   0.07   6.05  58.05  20.00  46.05  58.00  58.00  59.00  48.05   0.00
 Maximum  97.6   0.0   1.9 100.0   0.1 32.0 62656.0 36872.0 88.0 61.0 64.0 113.15    0.14  32.44  25.19  55.69  85.05  20.00  47.05  85.00  85.00  82.00  49.05   0.00
-------- ----- ----- ----- ----- ----- ---- ------ ------ ---- ---- ---- ------  ------ ------ ------ ------ ------ ------ ------ ------ ------ ------ ------ ------
Summary:
CPU:  87.68 Watts on average with standard deviation 28.16 
Note: power read from RAPL domains: uncore, pkg-0, core, psys.
These readings do not cover all the hardware in this device.

Histogram (of 57 power measurements)

  Range (Watts)   Count
  7.905 -  18.429     3 ####
 18.430 -  28.953     0 
 28.954 -  39.478     3 ####
 39.479 -  50.003     1 #
 50.004 -  60.527     2 ##
 60.528 -  71.052     6 ########
 71.053 -  81.576     3 ####
 81.577 -  92.101     2 ##
 92.102 - 102.625     9 ############
102.626 - 113.150    28 ########################################

Histogram (of 57 CPU utilization measurements)

 Range (%CPU)   Count
 0.042 -  9.861    13 ##########################
 9.862 - 19.682     7 ##############
19.683 - 29.502     2 ####
29.503 - 39.323     2 ####
39.324 - 49.143     2 ####
49.144 - 58.964     2 ####
58.965 - 68.785     0 
68.786 - 78.605     6 ############
78.606 - 88.426     3 ######
88.427 - 98.246    20 ########################################

Histogram (of 57 thermal zone TCPU readings)

 Range (°C)    Count
58.050 - 60.749     4 #######
60.750 - 63.449     5 #########
63.450 - 66.149    13 ########################
66.150 - 68.849    21 ########################################
68.850 - 71.549     2 ###
71.550 - 74.249     3 #####
74.250 - 76.949     3 #####
76.950 - 79.649     3 #####
79.650 - 82.349     2 ###
82.350 - 85.049     1 #

Range is zero, cannot produce histogram of thermal zone iwlwifi_1

Histogram (of 57 thermal zone INT3400 Thermal readings)

 Range (°C)    Count
46.050 - 46.149    10 ########
46.150 - 46.249     0 
46.250 - 46.349     0 
46.350 - 46.449     0 
46.450 - 46.549     0 
46.550 - 46.649     0 
46.650 - 46.749     0 
46.750 - 46.849     0 
46.850 - 46.949     0 
46.950 - 47.049    47 ########################################

Histogram (of 57 thermal zone SEN3 readings)

 Range (°C)    Count
58.000 - 60.699     4 ########
60.700 - 63.399     5 ##########
63.400 - 66.099    15 ###############################
66.100 - 68.799    19 ########################################
68.800 - 71.499     2 ####
71.500 - 74.199     3 ######
74.200 - 76.899     3 ######
76.900 - 79.599     4 ########
79.600 - 82.299     1 ##
82.300 - 84.999     1 ##

Histogram (of 57 thermal zone TCPU_PCI readings)

 Range (°C)    Count
58.000 - 60.699     4 #########
60.700 - 63.399     5 ###########
63.400 - 66.099    16 #####################################
66.100 - 68.799    17 ########################################
68.800 - 71.499     3 #######
71.500 - 74.199     3 #######
74.200 - 76.899     3 #######
76.900 - 79.599     4 #########
79.600 - 82.299     1 ##
82.300 - 84.999     1 ##

Histogram (of 57 thermal zone x86_pkg_temp readings)

 Range (°C)    Count
59.000 - 61.299     2 ###
61.300 - 63.599     4 ######
63.600 - 65.899     0 
65.900 - 68.199    24 ########################################
68.200 - 70.499    14 #######################
70.500 - 72.799     0 
72.800 - 75.099     7 ###########
75.100 - 77.399     2 ###
77.400 - 79.699     0 
79.700 - 81.999     4 ######

Histogram (of 57 thermal zone acpitz readings)

 Range (°C)    Count
48.050 - 48.149    36 ########################################
48.150 - 48.249     0 
48.250 - 48.349     0 
48.350 - 48.449     0 
48.450 - 48.549     0 
48.550 - 48.649     0 
48.650 - 48.749     0 
48.750 - 48.849     0 
48.850 - 48.949     0 
48.950 - 49.049    21 #######################

Range is zero, cannot produce histogram of thermal zone SEN2
