Running for 86400.0 seconds (86400 samples at 1.0 second intervals).
Power measurements will start in 0 seconds time.

  Time    User  Nice   Sys  Idle    IO  Run Ctxt/s  IRQ/s Fork Exec Exit  Watts  uncore  pkg-0   core   psys   TCPU x86_pk INT340   SEN3 TCPU_P iwlwif acpitz   SEN2
14:40:42   0.0   0.0   0.0  99.9   0.0    1    226    360    0    0    0  11.78    0.00   2.69   0.19   8.90  55.05  55.00  20.00  42.05  55.00  68.00  44.05   0.00
14:40:43   0.0   0.0   0.0 100.0   0.0    1    281    153    0    0    0   9.09    0.00   2.03   0.06   7.00  54.05  54.00  20.00  42.05  54.00  59.00  44.05   0.00
14:40:44   0.1   0.0   0.1  99.8   0.0    2    235    119    6    3    3   8.93    0.00   2.03   0.13   6.77  54.05  54.00  20.00  42.05  54.00  59.00  44.05   0.00
14:40:45   4.6   0.0   0.2  95.2   0.0    2   1596    691   12    0    0  61.90    0.00  17.78  12.53  31.59  74.05  74.00  20.00  42.05  74.00  59.00  44.05   0.00
14:40:46   4.1   0.0   0.0  95.9   0.0    2    892    545    0    0    0  61.47    0.00  17.69  12.43  31.35  75.05  75.00  20.00  42.05  75.00  56.00  44.05   0.00
14:40:47   4.2   0.0   0.0  95.8   0.0    2    873    522    0    0    0  62.60    0.00  17.92  12.44  32.24  76.05  76.00  20.00  42.05  76.00  75.00  44.05   0.00
14:40:48   4.2   0.0   0.0  95.8   0.0    2    793    491    0    0    0  61.40    0.00  17.72  12.45  31.23  75.05  75.00  20.00  42.05  75.00  75.00  44.05   0.00
14:40:49   4.2   0.0   0.0  95.8   0.0    2    790    488    0    0    0  61.63    0.00  17.72  12.46  31.45  75.05  75.00  20.00  42.05  75.00  76.00  44.05   0.00
14:40:50   4.1   0.0   0.0  95.9   0.0    2    819    548    0    0    0  62.32    0.00  17.83  12.44  32.05  75.05  75.00  20.00  42.05  75.00  76.00  45.05   0.00
14:40:51   4.2   0.0   0.0  95.8   0.0    2    837    471    0    0    0  62.04    0.00  17.77  12.43  31.84  76.05  76.00  20.00  42.05  76.00  76.00  45.05   0.00
14:40:52   4.2   0.0   0.0  95.8   0.0    2    853    514    1    0    0  63.82    0.00  17.90  12.43  33.49  76.05  76.00  20.00  42.05  76.00  76.00  45.05   0.00
14:40:53   4.1   0.0   0.0  95.9   0.0    2    733    472    0    0    0  62.16    0.00  17.69  12.43  32.04  76.05  76.00  20.00  43.05  76.00  76.00  45.05   0.00
14:40:54   4.1   0.0   0.0  95.9   0.0    2    734    464    0    0    0  62.20    0.00  17.68  12.43  32.08  76.05  76.00  20.00  43.05  76.00  76.00  45.05   0.00
14:40:55   4.2   0.0   0.0  95.8   0.0    2    846    454    0    0    0  62.27    0.00  17.69  12.43  32.15  73.05  73.00  20.00  43.05  73.00  76.00  44.05   0.00
14:40:56   4.1   0.0   0.0  95.9   0.0    2    713    460    0    0    0  62.23    0.00  17.67  12.42  32.14  75.05  75.00  20.00  43.05  75.00  76.00  44.05   0.00
14:40:57   4.1   0.0   0.0  95.8   0.1    2    805    456    0    0    0  63.34    0.00  17.88  12.44  33.02  75.05  75.00  20.00  43.05  74.00  76.00  44.05   0.00
14:40:58   4.2   0.0   0.0  95.8   0.0    2    789    399    0    0    0  63.24    0.00  17.88  12.43  32.93  76.05  76.00  20.00  43.05  76.00  76.00  44.05   0.00
14:40:59   4.1   0.0   0.0  95.8   0.0    2    766    454    0    0    0  62.31    0.00  17.73  12.47  32.11  75.05  75.00  20.00  43.05  75.00  75.00  44.05   0.00
14:41:00   4.2   0.0   0.0  95.8   0.0    2    751    537    0    0    0  62.31    0.00  17.68  12.43  32.21  75.05  75.00  20.00  43.05  75.00  75.00  44.05   0.00
14:41:01   4.1   0.0   0.0  95.9   0.0    2    721    487    0    0    0  62.19    0.00  17.67  12.43  32.09  74.05  74.00  20.00  43.05  74.00  75.00  44.05   0.00
14:41:02   4.1   0.0   0.0  95.8   0.0    2    810    543    0    0    2  62.18    0.00  17.67  12.44  32.08  73.05  73.00  20.00  43.05  74.00  75.00  44.05   0.00
14:41:03   4.2   0.0   0.0  95.8   0.0    2    794    457    0    0    0  62.14    0.00  17.68  12.44  32.02  74.05  74.00  20.00  43.05  74.00  75.00  44.05   0.00
14:41:04   4.1   0.0   0.0  95.9   0.0    2    781    487    0    0    1  62.17    0.00  17.67  12.42  32.08  73.05  73.00  20.00  43.05  73.00  75.00  44.05   0.00
14:41:05   4.2   0.0   0.0  95.8   0.0    2    722    467    0    0    0  62.07    0.00  17.67  12.43  31.96  75.05  75.00  20.00  43.05  74.00  75.00  45.05   0.00
14:41:06   4.2   0.0   0.0  95.7   0.1    2    809    557    0    0    0  65.51    0.00  18.00  12.42  35.09  73.05  73.00  20.00  43.05  75.00  75.00  45.05   0.00
14:41:07   4.1   0.0   0.0  95.9   0.0    2    810    533    0    0    0  62.19    0.00  17.65  12.41  32.14  74.05  74.00  20.00  43.05  73.00  75.00  45.05   0.00
14:41:08   4.2   0.0   0.0  95.8   0.0    2    751    458    0    0    1  62.06    0.00  17.65  12.42  32.00  74.05  74.00  20.00  42.05  74.00  75.00  45.05   0.00
14:41:09   4.2   0.0   0.0  95.8   0.0    2    706    451    0    0    0  62.07    0.00  17.63  12.40  32.04  74.05  74.00  20.00  42.05  74.00  74.00  45.05   0.00
14:41:10   4.2   0.0   0.0  95.8   0.0    2    781    476    0    0    0  62.15    0.00  17.68  12.46  32.01  73.05  73.00  20.00  42.05  73.00  74.00  44.05   0.00
14:41:11   4.2   0.0   0.0  95.8   0.0    2   1106    529    0    0    0  63.30    0.00  17.91  12.46  32.93  73.05  73.00  20.00  42.05  74.00  74.00  44.05   0.00
14:41:12   4.2   0.0   0.0  95.8   0.0    2    744    437    0    0    0  62.06    0.00  17.63  12.40  32.02  73.05  73.00  20.00  42.05  73.00  74.00  44.05   0.00
14:41:13   6.0   0.0   0.5  93.5   0.0    4   1915    970    0    0    0  67.24    0.07  18.16  12.71  36.30  73.05  73.00  20.00  42.05  73.00  74.00  44.05   0.00
14:41:14   6.7   0.0   0.4  92.9   0.0    3   1864   1107    0    0    0  68.60    0.07  18.28  12.76  37.49  73.05  73.00  20.00  42.05  73.00  74.00  44.05   0.00
14:41:15   6.4   0.0   0.4  93.2   0.0    3   1677   1019    0    0    0  65.23    0.08  17.49  11.96  35.71  60.05  60.00  20.00  42.05  60.00  74.00  44.05   0.00
14:41:16   6.4   0.0   0.5  93.1   0.0    2   1243    925    0    0    0  47.35    0.06  12.87   7.34  27.08  63.05  63.00  20.00  42.05  63.00  74.00  44.05   0.00
14:41:17   6.4   0.0   0.5  93.0   0.0    3   1202    894    0    0    0  47.46    0.05  12.96   7.45  27.00  62.05  62.00  20.00  42.05  62.00  64.00  44.05   0.00
14:41:18   6.6   0.0   0.5  92.8   0.0    3   1204    947    0    0    0  47.78    0.03  13.09   7.60  27.06  63.05  63.00  20.00  42.05  63.00  64.00  44.05   0.00
14:41:19   7.1   0.0   0.3  92.5   0.0    3   1102    934    0    0    1  48.03    0.04  13.18   7.71  27.10  63.05  63.00  20.00  42.05  63.00  64.00  44.05   0.00
14:41:20   7.1   0.0   0.6  92.3   0.0    2    878    910    0    0    0  48.26    0.03  13.23   7.77  27.23  63.05  63.00  20.00  42.05  63.00  64.00  44.05   0.00
14:41:21   7.3   0.0   0.6  92.1   0.0    3    731    863    0    0    0  48.38    0.02  13.39   7.94  27.02  64.05  64.00  20.00  42.05  64.00  64.00  44.05   0.00
14:41:22   7.5   0.0   0.7  91.9   0.0    3    668    835    0    0    0  48.51    0.00  13.52   8.08  26.91  64.05  64.00  20.00  42.05  64.00  64.00  44.05   0.00
14:41:23   5.6   0.0   0.3  94.1   0.1    2   2137   1200    5    0   16  45.86    0.01  12.65   6.90  26.30  59.05  59.00  20.00  42.05  59.00  64.00  44.05   0.00
14:41:24   4.5   0.0   0.0  95.4   0.0    2    930    748    1    0    1  38.96    0.01  11.29   6.12  21.54  59.05  59.00  20.00  42.05  59.00  64.00  44.05   0.00
14:41:25   4.2   0.0   0.0  95.8   0.0    2    568    561    0    0    0  37.15    0.00  11.00   5.91  20.24  59.05  59.00  20.00  42.05  59.00  64.00  44.05   0.00
14:41:26   4.2   0.0   0.0  95.8   0.0    2    522    523    0    0    0  36.94    0.00  10.97   5.89  20.08  59.05  59.00  20.00  42.05  59.00  60.00  44.05   0.00
14:41:27   4.2   0.0   0.0  95.8   0.0    2    576    534    0    0    0  37.01    0.00  11.00   5.90  20.11  59.05  59.00  20.00  42.05  59.00  59.00  44.05   0.00
14:41:28   4.2   0.0   0.0  95.8   0.0    2    508    521    0    0    0  37.98    0.00  11.18   5.89  20.91  59.05  59.00  20.00  42.05  59.00  59.00  44.05   0.00
14:41:29   4.1   0.0   0.0  95.9   0.0    2    487    410    0    0    0  36.91    0.00  10.98   5.89  20.03  59.05  59.00  20.00  42.05  59.00  59.00  44.05   0.00
14:41:30   4.1   0.0   0.0  95.9   0.0    2    490    517    0    0    0  36.96    0.00  10.99   5.90  20.07  59.05  59.00  20.00  42.05  59.00  59.00  44.05   0.00
14:41:31   4.2   0.0   0.0  95.8   0.0    2    532    518    0    0    0  36.93    0.00  10.97   5.89  20.07  59.05  59.00  20.00  42.05  59.00  59.00  44.05   0.00
14:41:32   4.2   0.0   0.0  95.8   0.0    2    484    537    0    0    0  36.95    0.00  10.99   5.90  20.07  59.05  59.00  20.00  42.05  59.00  59.00  44.05   0.00
14:41:33   4.2   0.0   0.0  95.8   0.0    1    550    486    0    0    0  36.90    0.00  10.96   5.89  20.04  59.05  59.00  20.00  42.05  59.00  59.00  44.05   0.00
14:41:34   4.2   0.0   0.0  95.8   0.0    2    509    538    0    0    0  36.98    0.00  10.99   5.90  20.08  58.05  58.00  20.00  42.05  58.00  59.00  44.05   0.00
14:41:35   4.2   0.0   0.0  95.7   0.1    2    569    540    1    0    0  38.20    0.00  11.21   5.91  21.08  59.05  59.00  20.00  42.05  59.00  59.00  44.05   0.00
14:41:36   4.1   0.0   0.0  95.8   0.0    2    501    536    0    0    0  37.92    0.00  11.15   5.89  20.88  59.05  59.00  20.00  42.05  59.00  59.00  44.05   0.00
14:41:37   4.2   0.0   0.0  95.8   0.0    2    474    476    0    0    0  36.84    0.00  10.95   5.89  20.00  59.05  59.00  20.00  42.05  59.00  59.00  44.05   0.00
14:41:38   4.2   0.0   0.0  95.8   0.1    2    578    596    0    0    2  37.94    0.00  11.16   5.90  20.87  59.05  59.00  20.00  42.05  59.00  59.00  44.05   0.00
14:41:39   4.1   0.0   0.0  95.9   0.0    2    548    526    0    0    0  37.97    0.00  11.17   5.90  20.90  59.05  59.00  20.00  42.05  59.00  59.00  44.05   0.00
14:41:40   4.2   0.0   0.0  95.8   0.0    2    466    499    0    0    0  36.82    0.00  10.95   5.89  19.98  59.05  59.00  20.00  42.05  59.00  59.00  43.05   0.00
14:41:41   4.2   0.0   0.0  95.7   0.0    2    801    546    0    0    0  38.05    0.00  11.19   5.92  20.94  59.05  59.00  20.00  42.05  59.00  59.00  43.05   0.00
14:41:42   4.2   0.0   0.0  95.8   0.0    2    504    537    0    0    0  36.93    0.00  10.97   5.91  20.05  59.05  59.00  20.00  42.05  59.00  59.00  43.05   0.00
14:41:43   4.1   0.0   0.0  95.9   0.0    2    538    519    0    0    0  36.93    0.00  10.98   5.89  20.05  59.05  59.00  20.00  42.05  59.00  59.00  43.05   0.00
14:41:44   4.2   0.0   0.0  95.8   0.0    2    534    505    0    0    0  36.85    0.00  10.94   5.88  20.03  58.05  58.00  20.00  41.05  58.00  59.00  43.05   0.00
14:41:45   4.1   0.0   0.0  95.8   0.0    2    509    485    1    0    0  36.98    0.00  10.98   5.91  20.09  59.05  59.00  20.00  41.05  59.00  59.00  43.05   0.00
14:41:46   4.2   0.0   0.0  95.8   0.0    2    635    656    0    0    1  39.64    0.00  11.25   6.10  22.28  59.05  59.00  20.00  41.05  59.00  59.00  43.05   0.00
14:41:47   4.2   0.0   0.0  95.8   0.0    2    550    528    0    0    0  38.91    0.00  11.04   5.89  21.98  59.05  59.00  20.00  41.05  59.00  59.00  43.05   0.00
14:41:48   4.1   0.0   0.0  95.8   0.0    2    485    509    0    0    0  38.89    0.00  11.02   5.89  21.97  59.05  59.00  20.00  41.05  59.00  59.00  43.05   0.00
14:41:49   4.2   0.0   0.0  95.8   0.0    2    472    482    0    0    0  37.67    0.00  10.99   5.89  20.79  58.05  58.00  20.00  41.05  58.00  59.00  43.05   0.00
14:41:50   4.1   0.0   0.0  95.9   0.0    2    486    522    0    0    0  37.00    0.00  10.97   5.89  20.13  59.05  59.00  20.00  41.05  59.00  59.00  43.05   0.00
14:41:51   4.2   0.0   0.0  95.8   0.0    2    546    571    0    0    0  36.92    0.00  10.97   5.90  20.05  59.05  59.00  20.00  41.05  59.00  59.00  43.05   0.00
14:41:52   4.2   0.0   0.0  95.8   0.0    2    488    516    0    0    0  36.95    0.00  10.99   5.89  20.07  59.05  59.00  20.00  41.05  59.00  59.00  43.05   0.00
14:41:53   4.2   0.0   0.0  95.8   0.0    2    510    504    0    0    0  37.02    0.00  11.00   5.92  20.10  59.05  59.00  20.00  41.05  59.00  59.00  43.05   0.00
14:41:54   4.1   0.0   0.0  95.9   0.0    2    482    519    0    0    0  36.88    0.00  10.97   5.89  20.02  58.05  58.00  20.00  41.05  58.00  59.00  43.05   0.00
14:41:55   4.2   0.0   0.0  95.8   0.0    2    604    537    0    0    0  36.96    0.00  10.99   5.89  20.07  59.05  59.00  20.00  41.05  59.00  59.00  43.05   0.00
14:41:56   4.1   0.0   0.0  95.8   0.0    2    472    546    0    0    0  37.21    0.00  11.03   5.90  20.28  59.05  59.00  20.00  41.05  59.00  59.00  43.05   0.00
14:41:57   4.2   0.0   0.0  95.8   0.0    2    484    487    0    0    0  37.64    0.00  11.11   5.89  20.65  59.05  59.00  20.00  41.05  59.00  59.00  43.05   0.00
14:41:58   4.2   0.0   0.0  95.8   0.0    2    502    510    0    0    0  36.84    0.00  10.95   5.89  20.00  58.05  58.00  20.00  41.05  58.00  59.00  43.05   0.00
14:41:59   4.1   0.0   0.0  95.8   0.0    2    534    503    0    0    0  37.01    0.00  10.99   5.91  20.10  59.05  59.00  20.00  42.05  59.00  59.00  43.05   0.00
14:42:00   4.2   0.0   0.0  95.7   0.0    2    548    556    1    0    0  38.22    0.01  11.18   5.90  21.13  59.05  59.00  20.00  42.05  59.00  59.00  43.05   0.00
14:42:01   4.2   0.0   0.0  95.8   0.0    2    552    553    0    0    0  39.27    0.00  11.13   6.00  22.14  59.05  59.00  20.00  42.05  59.00  59.00  43.05   0.00
14:42:02   4.2   0.0   0.0  95.8   0.0    2    492    482    0    0    0  38.82    0.00  11.01   5.89  21.91  59.05  58.00  20.00  42.05  58.00  59.00  43.05   0.00
14:42:03   4.2   0.0   0.0  95.8   0.0    2    539    382    0    0    0  38.76    0.00  11.01   5.89  21.87  59.05  59.00  20.00  42.05  59.00  59.00  43.05   0.00
14:42:04   4.2   0.0   0.0  95.8   0.0    2    466    338    0    0    0  37.27    0.00  10.96   5.89  20.42  58.05  58.00  20.00  41.05  58.00  59.00  43.05   0.00
14:42:05   4.2   0.0   0.0  95.8   0.0    2    544    339    0    0    0  36.84    0.00  10.96   5.89  19.98  59.05  59.00  20.00  41.05  59.00  59.00  43.05   0.00
14:42:06   4.1   0.0   0.0  95.9   0.0    2    492    462    0    0    0  36.88    0.00  10.97   5.91  20.00  59.05  59.00  20.00  41.05  59.00  59.00  43.05   0.00
14:42:07   4.1   0.0   0.0  95.9   0.0    2    532    513    0    0    0  36.88    0.00  10.97   5.90  20.01  59.05  57.00  20.00  41.05  57.00  59.00  43.05   0.00
14:42:08   4.2   0.0   0.0  95.8   0.0    2    500    505    0    0    0  36.85    0.00  10.97   5.89  19.99  58.05  58.00  20.00  41.05  58.00  59.00  43.05   0.00
14:42:09   4.2   0.0   0.0  95.8   0.0    2    452    341    0    0    0  36.75    0.00  10.95   5.88  19.92  59.05  59.00  20.00  41.05  59.00  59.00  43.05   0.00
14:42:10   4.2   0.0   0.0  95.8   0.0    2    540    423    0    0    0  36.90    0.00  10.98   5.91  20.00  59.05  59.00  20.00  41.05  58.00  59.00  43.05   0.00
14:42:11   4.2   0.0   0.0  95.8   0.0    2    840    556    0    0    0  36.98    0.00  11.00   5.92  20.06  58.05  58.00  20.00  41.05  58.00  59.00  43.05   0.00
14:42:12   4.1   0.0   0.0  95.9   0.0    2    486    527    0    0    0  36.94    0.00  10.99   5.91  20.05  59.05  59.00  20.00  41.05  59.00  59.00  43.05   0.00
14:42:13   4.2   0.0   0.0  95.8   0.0    2    484    475    0    0    0  36.87    0.00  10.96   5.89  20.01  59.05  59.00  20.00  41.05  59.00  59.00  43.05   0.00
14:42:14   4.1   0.0   0.0  95.9   0.0    2    474    500    0    0    0  36.88    0.00  10.97   5.90  20.02  59.05  59.00  20.00  41.05  59.00  59.00  43.05   0.00
14:42:15   4.2   0.0   0.0  95.8   0.0    2    609    505    0    0    0  37.74    0.00  11.13   5.90  20.70  59.05  59.00  20.00  41.05  59.00  59.00  43.05   0.00
14:42:16   4.1   0.0   0.0  95.8   0.0    2    489    428    0    0    0  38.20    0.00  11.20   5.90  21.10  57.05  57.00  20.00  41.05  57.00  59.00  43.05   0.00
14:42:17   4.2   0.0   0.0  95.8   0.0    2    474    416    0    0    0  36.85    0.00  10.94   5.89  20.02  59.05  59.00  20.00  41.05  59.00  59.00  43.05   0.00
14:42:18   4.2   0.0   0.0  95.8   0.0    2    506    391    0    0    0  36.79    0.00  10.94   5.89  19.96  59.05  59.00  20.00  41.05  59.00  59.00  43.05   0.00
14:42:19   4.1   0.0   0.0  95.9   0.0    2    514    403    0    0    0  36.85    0.00  10.96   5.90  19.98  59.05  59.00  20.00  41.05  59.00  59.00  43.05   0.00
14:42:20   4.2   0.0   0.0  95.8   0.0    2    482    410    0    0    0  36.86    0.00  10.96   5.90  20.01  58.05  58.00  20.00  41.05  58.00  59.00  43.05   0.00
14:42:21   4.1   0.0   0.0  95.8   0.0    2    473    394    0    0    0  36.82    0.00  10.93   5.89  20.00  58.05  58.00  20.00  41.05  59.00  59.00  42.05   0.00
14:42:22   4.3   0.0   0.0  95.7   0.0    2    564    477    0    0    0  36.85    0.00  10.95   5.90  19.99  58.05  58.00  20.00  41.05  58.00  59.00  42.05   0.00
14:42:23   4.1   0.0   0.0  95.8   0.0    2    526    411    0    0    0  36.78    0.00  10.93   5.89  19.96  58.05  58.00  20.00  41.05  58.00  59.00  42.05   0.00
14:42:24   4.2   0.0   0.0  95.8   0.0    2    468    401    0    0    0  36.82    0.00  10.93   5.90  19.99  58.05  58.00  20.00  41.05  58.00  59.00  42.05   0.00
14:42:25   4.2   0.0   0.0  95.8   0.0    2    523    444    1    0    0  38.06    0.00  11.18   5.90  20.97  59.05  59.00  20.00  41.05  59.00  59.00  42.05   0.00
14:42:26   4.2   0.0   0.0  95.8   0.0    2    690    572    0    0    0  39.58    0.00  11.22   6.10  22.26  59.05  59.00  20.00  41.05  59.00  59.00  42.05   0.00
14:42:27   4.1   0.0   0.0  95.8   0.0    2    536    451    0    0    0  38.91    0.00  11.03   5.90  21.97  58.05  58.00  20.00  41.05  59.00  59.00  42.05   0.00
14:42:28   4.2   0.0   0.0  95.8   0.0    2    488    426    0    0    0  38.90    0.00  11.03   5.91  21.97  59.05  59.00  20.00  41.05  59.00  59.00  42.05   0.00
14:42:29   4.1   0.0   0.0  95.8   0.0    2    482    408    0    0    0  37.53    0.00  10.97   5.90  20.66  59.05  59.00  20.00  41.05  59.00  59.00  42.05   0.00
14:42:30   4.2   0.0   0.0  95.8   0.0    2    485    408    0    0    0  36.98    0.00  10.97   5.91  20.10  58.05  58.00  20.00  41.05  58.00  59.00  42.05   0.00
14:42:31   4.2   0.0   0.0  95.8   0.0    2    539    436    0    0    0  37.94    0.00  11.16   5.91  20.87  58.05  58.00  20.00  41.05  58.00  59.00  42.05   0.00
14:42:32   4.1   0.0   0.0  95.9   0.0    2    490    417    0    0    0  36.87    0.00  10.96   5.90  20.01  58.05  58.00  20.00  41.05  58.00  59.00  42.05   0.00
14:42:33   4.2   0.0   0.0  95.8   0.0    2    472    393    0    0    0  36.84    0.00  10.95   5.90  19.99  59.05  59.00  20.00  41.05  59.00  59.00  42.05   0.00
14:42:34   4.2   0.0   0.0  95.8   0.0    2    484    421    0    0    0  36.89    0.00  10.96   5.90  20.03  59.05  59.00  20.00  41.05  59.00  59.00  42.05   0.00
14:42:35   4.2   0.0   0.0  95.8   0.0    2    516    453    0    0    0  36.95    0.00  10.99   5.90  20.06  59.05  59.00  20.00  41.05  59.00  59.00  42.05   0.00
14:42:36   4.1   0.0   0.0  95.9   0.0    2    477    419    0    0    0  36.91    0.00  10.97   5.91  20.04  59.05  59.00  20.00  41.05  59.00  59.00  42.05   0.00
14:42:37   4.2   0.0   0.0  95.7   0.1    2    566    428    0    0    0  38.04    0.00  11.18   5.90  20.96  57.05  57.00  20.00  41.05  57.00  59.00  42.05   0.00
14:42:38   4.1   0.0   0.0  95.9   0.0    2    500    437    0    0    0  36.92    0.00  10.96   5.91  20.05  59.05  59.00  20.00  41.05  59.00  59.00  42.05   0.00
14:42:39   4.2   0.0   0.0  95.8   0.0    2    544    424    0    0    0  36.94    0.00  10.97   5.90  20.06  59.05  59.00  20.00  41.05  59.00  59.00  42.05   0.00
14:42:40   4.2   0.0   0.0  95.8   0.0    2    487    413    0    0    0  36.89    0.00  10.96   5.91  20.02  59.05  59.00  20.00  41.05  59.00  59.00  42.05   0.00
14:42:41   4.2   0.0   0.0  95.8   0.0    2    470    398    0    0    0  36.85    0.00  10.95   5.91  20.00  59.05  59.00  20.00  41.05  59.00  59.00  42.05   0.00
14:42:42   4.2   0.0   0.0  95.8   0.0    2    804    452    0    0    0  36.95    0.00  10.97   5.93  20.04  58.05  58.00  20.00  41.05  58.00  59.00  42.05   0.00
14:42:43   4.1   0.0   0.0  95.9   0.0    2    528    449    0    0    0  36.85    0.00  10.94   5.91  20.00  59.05  59.00  20.00  41.05  59.00  59.00  42.05   0.00
14:42:44   4.2   0.0   0.0  95.8   0.0    2    458    404    0    0    0  36.80    0.00  10.93   5.89  19.98  58.05  58.00  20.00  41.05  58.00  59.00  42.05   0.00
14:42:45   4.1   0.0   0.0  95.9   0.0    2    488    402    0    0    0  36.79    0.00  10.93   5.89  19.97  59.05  59.00  20.00  41.05  59.00  59.00  42.05   0.00
14:42:46   4.2   0.0   0.0  95.8   0.0    2    484    425    0    0    0  36.79    0.00  10.93   5.89  19.97  58.05  58.00  20.00  41.05  58.00  59.00  42.05   0.00
14:42:47   4.1   0.0   0.0  95.8   0.0    2    538    457    0    0    0  36.81    0.00  10.94   5.89  19.99  58.05  58.00  20.00  41.05  58.00  59.00  42.05   0.00
14:42:48   4.2   0.0   0.0  95.8   0.0    2    550    412    0    0    0  36.75    0.00  10.93   5.88  19.94  59.05  59.00  20.00  41.05  59.00  59.00  42.05   0.00
14:42:49   4.1   0.0   0.0  95.9   0.0    2    462    392    0    0    0  36.74    0.00  10.92   5.89  19.93  58.05  58.00  20.00  41.05  58.00  59.00  42.05   0.00
14:42:50   4.2   0.0   0.0  95.7   0.0    2    663    570    0    0    0  40.12    0.00  11.39   6.10  22.63  59.05  59.00  20.00  41.05  59.00  59.00  42.05   0.00
14:42:51   4.1   0.0   0.0  95.8   0.0    2    538    475    0    0    0  38.83    0.00  11.01   5.90  21.92  59.05  59.00  20.00  41.05  59.00  59.00  42.05   0.00
14:42:52   4.2   0.0   0.0  95.8   0.0    2    537    435    0    0    0  39.82    0.00  11.19   5.89  22.74  58.05  58.00  20.00  41.05  58.00  59.00  42.05   0.00
14:42:53   4.2   0.0   0.0  95.8   0.0    2    486    412    0    0    0  38.01    0.00  10.98   5.89  21.14  58.05  58.00  20.00  41.05  58.00  59.00  42.05   0.00
14:42:54   4.1   0.0   0.0  95.9   0.0    2    490    408    0    0    0  36.96    0.00  10.95   5.89  20.11  58.05  58.00  20.00  41.05  58.00  59.00  42.05   0.00
14:42:55   4.2   0.0   0.0  95.8   0.0    2    528    445    0    0    0  36.82    0.00  10.95   5.89  19.98  59.05  59.00  20.00  41.05  59.00  59.00  42.05   0.00
14:42:56   4.2   0.0   0.0  95.8   0.0    2    449    401    0    0    0  36.78    0.00  10.94   5.89  19.95  58.05  58.00  20.00  41.05  58.00  59.00  42.05   0.00
14:42:57   4.1   0.0   0.0  95.9   0.0    2    486    403    0    0    0  36.77    0.00  10.94   5.89  19.95  59.05  59.00  20.00  41.05  59.00  59.00  42.05   0.00
14:42:58   4.2   0.0   0.0  95.8   0.0    2    506    425    0    0    0  37.85    0.00  11.14   5.89  20.82  58.05  58.00  20.00  41.05  58.00  59.00  42.05   0.00
14:42:59   4.2   0.0   0.0  95.8   0.0    2    604    438    0    0    0  36.82    0.00  10.95   5.89  19.98  58.05  58.00  20.00  41.05  58.00  59.00  42.05   0.00
14:43:00   4.2   0.0   0.0  95.8   0.0    2    491    419    0    0    0  36.86    0.00  10.96   5.89  20.00  58.05  58.00  20.00  41.05  58.00  59.00  42.05   0.00
14:43:01   4.2   0.0   0.0  95.8   0.0    2    488    414    0    0    0  36.79    0.00  10.95   5.89  19.95  58.05  58.00  20.00  41.05  58.00  59.00  42.05   0.00
14:43:02   4.2   0.0   0.0  95.8   0.0    2    528    439    0    0    0  36.85    0.00  10.96   5.91  19.99  59.05  59.00  20.00  41.05  59.00  59.00  42.05   0.00
14:43:03   4.2   0.0   0.0  95.8   0.0    2    540    400    0    0    0  36.77    0.00  10.95   5.89  19.93  57.05  57.00  20.00  41.05  57.00  59.00  42.05   0.00
14:43:04   4.2   0.0   0.0  95.8   0.0    2    458    385    0    0    0  36.77    0.00  10.95   5.89  19.94  59.05  59.00  20.00  41.05  59.00  59.00  42.05   0.00
14:43:05   4.2   0.0   0.0  95.8   0.0    2    468    404    0    0    0  36.79    0.00  10.95   5.89  19.95  58.05  58.00  20.00  41.05  58.00  59.00  42.05   0.00
14:43:06   4.2   0.0   0.0  95.8   0.0    2    496    412    0    0    0  36.81    0.00  10.95   5.89  19.97  59.05  59.00  20.00  41.05  59.00  59.00  42.05   0.00
14:43:07   4.1   0.0   0.0  95.9   0.0    2    524    458    0    0    0  36.87    0.00  10.97   5.90  20.00  58.05  58.00  20.00  41.05  58.00  59.00  42.05   0.00
14:43:08   4.2   0.0   0.0  95.8   0.0    2    588    413    0    0    0  37.85    0.00  11.14   5.88  20.82  57.05  57.00  20.00  41.05  57.00  59.00  42.05   0.00
14:43:09   4.1   0.0   0.0  95.9   0.0    2    470    420    0    0    0  36.79    0.00  10.95   5.89  19.96  57.05  57.00  20.00  41.05  57.00  59.00  42.05   0.00
14:43:10   4.2   0.0   0.0  95.8   0.0    2    558    424    0    0    0  36.97    0.00  10.99   5.92  20.06  59.05  59.00  20.00  41.05  59.00  59.00  42.05   0.00
14:43:11   4.2   0.0   0.0  95.8   0.0    2    541    445    0    0    0  36.84    0.00  10.95   5.90  19.99  59.05  59.00  20.00  41.05  59.00  59.00  42.05   0.00
14:43:12   4.2   0.0   0.0  95.8   0.0    2    792    423    0    0    0  36.88    0.00  10.96   5.92  20.00  59.05  59.00  20.00  41.05  59.00  59.00  42.05   0.00
14:43:13   4.2   0.0   0.0  95.8   0.0    2    490    360    0    0    0  37.73    0.00  11.13   5.89  20.71  59.05  59.00  20.00  41.05  59.00  59.00  42.05   0.00
14:43:14   4.1   0.0   0.0  95.9   0.0    2    494    419    0    0    0  36.75    0.00  10.94   5.89  19.93  57.05  57.00  20.00  41.05  57.00  59.00  42.05   0.00
14:43:15   4.2   0.0   0.0  95.8   0.0    2    536    456    0    0    0  37.82    0.00  11.13   5.89  20.81  59.05  59.00  20.00  41.05  59.00  59.00  42.05   0.00
14:43:16   4.1   0.0   0.0  95.9   0.0    2    471    409    0    0    0  36.74    0.00  10.93   5.89  19.93  57.05  57.00  20.00  41.05  57.00  59.00  42.05   0.00
14:43:17   4.2   0.0   0.0  95.8   0.0    2    480    404    0    0    0  36.76    0.00  10.94   5.89  19.93  58.05  58.00  20.00  41.05  58.00  59.00  42.05   0.00
14:43:18   4.2   0.0   0.0  95.8   0.0    2    496    425    0    0    0  36.75    0.00  10.93   5.89  19.93  58.05  58.00  20.00  41.05  58.00  59.00  42.05   0.00
14:43:19   4.2   0.0   0.0  95.8   0.0    2    550    449    0    0    0  36.79    0.00  10.94   5.90  19.96  58.05  58.00  20.00  41.05  58.00  59.00  42.05   0.00
14:43:20   4.1   0.0   0.0  95.9   0.0    2    534    421    0    0    0  36.77    0.00  10.94   5.89  19.94  58.05  58.00  20.00  41.05  58.00  59.00  42.05   0.00
14:43:21   4.2   0.0   0.0  95.8   0.0    2    500    421    0    0    0  36.78    0.00  10.94   5.90  19.95  59.05  59.00  20.00  41.05  59.00  59.00  42.05   0.00
14:43:22   4.2   0.0   0.1  95.8   0.0    2    667    588    0    0    0  39.62    0.00  11.26   6.12  22.24  57.05  57.00  20.00  41.05  57.00  59.00  42.05   0.00
14:43:23   4.2   0.0   0.0  95.8   0.0    2    522    440    0    0    0  38.78    0.00  11.01   5.89  21.88  58.05  58.00  20.00  41.05  58.00  59.00  42.05   0.00
14:43:24   4.2   0.0   0.0  95.8   0.0    2    470    393    0    0    0  38.69    0.00  10.99   5.88  21.82  58.05  58.00  20.00  41.05  58.00  59.00  42.05   0.00
14:43:25   4.1   0.0   0.0  95.9   0.0    2    476    415    0    0    0  37.48    0.00  10.94   5.88  20.65  58.05  58.00  20.00  41.05  59.00  59.00  42.05   0.00
14:43:26   4.2   0.0   0.0  95.8   0.0    2    486    436    0    0    0  36.87    0.00  10.94   5.90  20.04  58.05  58.00  20.00  41.05  58.00  59.00  42.05   0.00
14:43:27   4.2   0.0   0.0  95.8   0.0    2    536    440    0    0    0  36.78    0.00  10.95   5.88  19.95  59.05  59.00  20.00  41.05  59.00  59.00  41.05   0.00
14:43:28   4.2   0.0   0.0  95.8   0.0    2    496    411    0    0    0  36.76    0.00  10.94   5.88  19.94  59.05  59.00  20.00  41.05  59.00  59.00  41.05   0.00
14:43:29   4.2   0.0   0.0  95.8   0.0    2    452    398    0    0    0  36.74    0.00  10.94   5.88  19.92  58.05  58.00  20.00  41.05  58.00  59.00  41.05   0.00
14:43:30   4.2   0.0   0.0  95.8   0.0    2    492    419    0    0    0  37.49    0.00  11.07   5.89  20.53  59.05  59.00  20.00  41.05  59.00  59.00  41.05   0.00
14:43:31   4.2   0.0   0.0  95.8   0.0    2    536    460    0    0    0  37.22    0.00  11.04   5.90  20.28  59.05  59.00  20.00  41.05  59.00  59.00  41.05   0.00
14:43:32   4.1   0.0   0.0  95.9   0.0    2    562    418    0    0    0  36.78    0.00  10.94   5.89  19.95  58.05  58.00  20.00  41.05  58.00  59.00  42.05   0.00
14:43:33   4.2   0.0   0.0  95.8   0.0    2    468    425    0    0    0  36.72    0.00  10.93   5.88  19.91  58.05  58.00  20.00  41.05  58.00  59.00  42.05   0.00
14:43:34   4.2   0.0   0.0  95.8   0.0    2    474    405    0    0    0  36.78    0.00  10.93   5.88  19.96  58.05  58.00  20.00  41.05  58.00  59.00  42.05   0.00
14:43:35   4.1   0.0   0.0  95.9   0.0    2    531    401    0    0    0  36.75    0.00  10.96   5.90  19.89  58.05  58.00  20.00  41.05  59.00  59.00  42.05   0.00
14:43:36   4.2   0.0   0.0  95.8   0.0    2    483    416    0    0    0  36.73    0.00  10.92   5.89  19.92  58.05  58.00  20.00  41.05  58.00  59.00  42.05   0.00
14:43:37   4.2   0.0   0.0  95.8   0.0    2    480    421    0    0    0  36.72    0.00  10.92   5.89  19.91  58.05  58.00  20.00  41.05  58.00  59.00  42.05   0.00
14:43:38   4.2   0.0   0.0  95.8   0.0    2    513    434    0    0    0  36.71    0.00  10.93   5.89  19.89  58.05  58.00  20.00  41.05  58.00  59.00  42.05   0.00
14:43:39   4.2   0.0   0.0  95.8   0.0    2    592    487    0    0    0  36.86    0.00  10.96   5.91  19.99  57.05  57.00  20.00  41.05  57.00  59.00  42.05   0.00
14:43:40   4.2   0.0   0.0  95.8   0.0    2    497    375    0    0    0  37.69    0.00  11.11   5.88  20.69  59.05  59.00  20.00  41.05  58.00  59.00  42.05   0.00
14:43:41   4.2   0.0   0.0  95.8   0.0    2    494    413    0    0    0  36.76    0.00  10.94   5.90  19.92  59.05  59.00  20.00  41.05  58.00  58.00  42.05   0.00
14:43:42   4.2   0.0   0.0  95.8   0.0    2    821    467    0    0    0  36.84    0.00  10.95   5.91  19.98  59.05  59.00  20.00  41.05  58.00  58.00  42.05   0.00
14:43:43   4.2   0.0   0.0  95.8   0.0    2    524    410    0    0    0  36.68    0.00  10.93   5.90  19.85  59.05  59.00  20.00  41.05  59.00  59.00  42.05   0.00
14:43:44   4.1   0.0   0.0  95.9   0.0    2    476    355    0    0    0  36.62    0.00  10.91   5.88  19.83  59.05  59.00  20.00  41.05  59.00  59.00  42.05   0.00
14:43:45   4.2   0.0   0.0  95.8   0.0    2    540    403    0    0    0  36.71    0.00  10.91   5.89  19.91  57.05  57.00  20.00  41.05  57.00  59.00  42.05   0.00
14:43:46   4.2   0.0   0.0  95.8   0.0    2    671    513    0    0    0  39.36    0.00  11.22   6.11  22.03  57.05  57.00  20.00  41.05  57.00  59.00  42.05   0.00
14:43:47   4.1   0.0   0.0  95.9   0.0    2    532    441    0    0    0  38.76    0.00  11.00   5.90  21.86  58.05  58.00  20.00  41.05  58.00  59.00  42.05   0.00
14:43:48   4.2   0.0   0.0  95.8   0.0    2    476    413    0    0    0  38.71    0.00  10.98   5.89  21.84  58.05  59.00  20.00  41.05  59.00  59.00  42.05   0.00
14:43:49   4.1   0.0   0.0  95.9   0.0    2    478    412    0    0    0  37.62    0.00  10.96   5.89  20.77  59.05  59.00  20.00  41.05  59.00  59.00  42.05   0.00
14:43:50   4.2   0.0   0.0  95.8   0.0    2    502    437    0    0    0  37.86    0.00  11.13   5.88  20.85  58.05  58.00  20.00  41.05  58.00  59.00  42.05   0.00
14:43:51   4.2   0.0   0.0  95.8   0.0    2    561    453    0    0    0  36.78    0.00  10.94   5.88  19.96  59.05  59.00  20.00  41.05  59.00  59.00  42.05   0.00
14:43:52   4.2   0.0   0.0  95.8   0.0    2    491    419    0    0    0  36.77    0.00  10.94   5.89  19.94  59.05  59.00  20.00  41.05  59.00  59.00  42.05   0.00
14:43:53   4.2   0.0   0.0  95.8   0.0    2    504    420    0    0    0  36.88    0.00  10.97   5.92  19.98  58.05  58.00  20.00  41.05  58.00  59.00  42.05   0.00
14:43:54   4.1   0.0   0.0  95.8   0.1    2    501    432    0    0    0  37.90    0.00  11.16   5.89  20.84  58.05  58.00  20.00  41.05  58.00  59.00  42.05   0.00
14:43:55   4.1   0.0   0.0  95.9   0.0    2    546    466    0    0    0  37.83    0.00  11.15   5.89  20.79  59.05  59.00  20.00  41.05  59.00  58.00  42.05   0.00
14:43:56   4.2   0.0   0.0  95.8   0.0    2    537    411    0    0    0  36.78    0.00  10.94   5.89  19.95  58.05  58.00  20.00  41.05  58.00  58.00  42.05   0.00
14:43:57   4.2   0.0   0.0  95.8   0.0    2    468    408    0    0    0  36.83    0.00  10.97   5.89  19.96  59.05  59.00  20.00  41.05  59.00  58.00  42.05   0.00
14:43:58   4.2   0.0   0.0  95.8   0.0    2    504    406    0    0    0  36.77    0.00  10.94   5.89  19.95  58.05  58.00  20.00  41.05  58.00  59.00  42.05   0.00
14:43:59   4.2   0.0   0.0  95.8   0.0    2    545    450    0    0    0  36.86    0.00  10.97   5.91  19.99  58.05  58.00  20.00  41.05  58.00  59.00  42.05   0.00
14:44:00   4.2   0.0   0.0  95.8   0.0    2    539    471    1    0    0  37.14    0.00  10.96   5.92  20.25  57.05  59.00  20.00  41.05  59.00  59.00  42.05   0.00
14:44:01   4.1   0.0   0.0  95.9   0.0    2    568    589    0    0    0  39.51    0.00  11.17   6.06  22.27  58.05  58.00  20.00  41.05  58.00  59.00  42.05   0.00
14:44:02   4.1   0.0   0.0  95.8   0.0    2    514    439    0    0    0  38.77    0.00  11.00   5.89  21.88  58.05  58.00  20.00  41.05  58.00  59.00  41.05   0.00
14:44:03   4.2   0.0   0.0  95.8   0.0    2    524    446    0    0    0  38.73    0.00  10.99   5.89  21.84  58.05  58.00  20.00  41.05  58.00  58.00  41.05   0.00
14:44:04   4.2   0.0   0.0  95.8   0.0    2    492    418    0    0    0  38.48    0.00  11.16   5.90  21.42  58.05  59.00  20.00  41.05  59.00  58.00  41.05   0.00
14:44:05   4.1   0.0   0.0  95.9   0.0    2    462    424    0    0    0  36.80    0.00  10.94   5.89  19.97  58.05  58.00  20.00  41.05  58.00  58.00  41.05   0.00
14:44:06   4.1   0.0   0.0  95.9   0.0    2    552    410    0    0    0  36.79    0.00  10.94   5.89  19.97  57.05  57.00  20.00  41.05  57.00  58.00  41.05   0.00
14:44:07   4.2   0.0   0.0  95.8   0.0    2    546    440    0    0    0  36.93    0.00  11.00   5.89  20.04  57.05  57.00  20.00  41.05  57.00  58.00  41.05   0.00
14:44:08   4.2   0.0   0.0  95.8   0.0    2    484    424    0    0    0  36.76    0.00  10.94   5.89  19.93  57.05  57.00  20.00  41.05  58.00  58.00  42.05   0.00
14:44:09   4.2   0.0   0.0  95.8   0.0    2    460    412    0    0    0  36.76    0.00  10.94   5.89  19.92  58.05  58.00  20.00  41.05  58.00  58.00  42.05   0.00
14:44:10   4.2   0.0   0.0  95.8   0.0    2    553    435    0    0    0  38.00    0.00  11.17   5.93  20.89  58.05  58.00  20.00  41.05  58.00  58.00  42.05   0.00
14:44:11   4.1   0.0   0.0  95.9   0.0    2    554    464    0    0    0  36.79    0.00  10.95   5.90  19.94  59.05  59.00  20.00  41.05  58.00  58.00  42.05   0.00
14:44:12   4.2   0.0   0.0  95.8   0.0    2    786    429    0    0    0  36.84    0.00  10.96   5.91  19.96  57.05  57.00  20.00  41.05  57.00  58.00  42.05   0.00
14:44:13   4.2   0.0   0.0  95.8   0.0    2    474    410    0    0    0  36.77    0.00  10.95   5.90  19.93  58.05  58.00  20.00  41.05  58.00  58.00  42.05   0.00
14:44:14   4.1   0.0   0.0  95.9   0.0    2    472    417    0    0    0  36.77    0.00  10.94   5.89  19.94  57.05  57.00  20.00  41.05  57.00  58.00  42.05   0.00
14:44:15   4.1   0.0   0.0  95.9   0.0    2    528    442    0    0    0  36.76    0.00  10.92   5.89  19.94  58.05  58.00  20.00  41.05  57.00  58.00  42.05   0.00
14:44:16   4.2   0.0   0.0  95.8   0.0    2    571    481    0    0    0  37.84    0.00  11.14   5.89  20.80  57.05  57.00  20.00  41.05  57.00  58.00  42.05   0.00
14:44:17   4.1   0.0   0.0  95.9   0.0    2    502    532    0    0    0  36.78    0.00  10.93   5.89  19.95  57.05  57.00  20.00  41.05  57.00  58.00  42.05   0.00
14:44:18   4.2   0.0   0.0  95.8   0.0    2    496    535    0    0    0  36.74    0.00  10.92   5.89  19.94  59.05  59.00  20.00  41.05  58.00  58.00  41.05   0.00
14:44:19   4.2   0.0   0.0  95.8   0.0    2    540    540    0    0    0  36.74    0.00  10.92   5.89  19.93  58.05  58.00  20.00  41.05  58.00  58.00  41.05   0.00
14:44:20   4.1   0.0   0.0  95.9   0.0    2    456    539    0    0    0  36.72    0.00  10.91   5.88  19.92  59.05  59.00  20.00  41.05  59.00  59.00  41.05   0.00
14:44:21   4.1   0.0   0.0  95.9   0.0    2    496    520    0    0    0  36.74    0.00  10.93   5.90  19.92  57.05  57.00  20.00  41.05  57.00  59.00  41.05   0.00
14:44:22   4.2   0.0   0.0  95.8   0.0    2    506    552    0    0    0  36.74    0.00  10.91   5.88  19.94  57.05  57.00  20.00  41.05  58.00  59.00  41.05   0.00
14:44:23   4.2   0.0   0.0  95.8   0.0    2    532    532    0    0    0  36.70    0.00  10.93   5.90  19.88  59.05  59.00  20.00  41.05  59.00  59.00  41.05   0.00
14:44:24   4.1   0.0   0.0  95.9   0.0    2    468    524    0    0    0  36.70    0.00  10.91   5.88  19.91  58.05  58.00  20.00  41.05  58.00  59.00  41.05   0.00
14:44:25   4.2   0.0   0.0  95.8   0.0    2    468    529    0    0    0  36.69    0.00  10.91   5.89  19.89  58.05  58.00  20.00  41.05  59.00  59.00  41.05   0.00
14:44:26   4.2   0.0   0.0  95.8   0.0    2    633    627    0    0    0  38.56    0.00  11.19   6.12  21.24  57.05  57.00  20.00  41.05  57.00  59.00  41.05   0.00
14:44:27   4.2   0.0   0.0  95.8   0.0    2    598    560    0    0    0  38.73    0.00  10.98   5.89  21.86  58.05  58.00  20.00  41.05  58.00  59.00  41.05   0.00
14:44:28   4.1   0.0   0.0  95.8   0.0    2    501    544    0    0    0  38.69    0.00  10.98   5.88  21.82  59.05  59.00  20.00  41.05  59.00  59.00  41.05   0.00
14:44:29   4.2   0.0   0.0  95.8   0.0    2    478    509    0    0    0  39.38    0.00  11.17   5.89  22.32  59.05  59.00  20.00  41.05  59.00  59.00  41.05   0.00
14:44:30   4.2   0.0   0.0  95.8   0.0    2    486    546    0    0    0  36.97    0.00  10.94   5.89  20.15  58.05  58.00  20.00  41.05  58.00  59.00  41.05   0.00
14:44:31   4.2   0.0   0.0  95.8   0.0    2    553    545    0    0    0  37.77    0.00  11.12   5.89  20.76  58.05  58.00  20.00  41.05  59.00  59.00  41.05   0.00
14:44:32   4.1   0.0   0.0  95.9   0.0    2    488    532    0    0    0  36.71    0.00  10.93   5.88  19.89  58.05  58.00  20.00  41.05  58.00  59.00  41.05   0.00
14:44:33   4.2   0.0   0.0  95.8   0.0    2    472    507    0    0    0  36.75    0.00  10.94   5.89  19.92  57.05  57.00  20.00  41.05  58.00  59.00  42.05   0.00
14:44:34   4.2   0.0   0.0  95.8   0.0    2    480    530    0    0    0  36.75    0.00  10.94   5.89  19.92  58.05  58.00  20.00  41.05  58.00  59.00  42.05   0.00
14:44:35   4.1   0.0   0.0  95.9   0.0    2    520    563    0    0    0  36.80    0.00  10.95   5.90  19.95  58.05  58.00  20.00  41.05  58.00  59.00  42.05   0.00
14:44:36   4.1   0.0   0.0  95.9   0.0    2    482    523    0    0    0  36.80    0.00  10.95   5.90  19.94  58.05  58.00  20.00  41.05  58.00  58.00  42.05   0.00
14:44:37   4.1   0.0   0.0  95.8   0.0    2    562    532    0    0    0  37.83    0.00  11.14   5.89  20.80  58.05  58.00  20.00  41.05  58.00  58.00  42.05   0.00
14:44:38   4.2   0.0   0.0  95.8   0.0    2    502    547    0    0    0  36.79    0.00  10.94   5.89  19.95  58.05  58.00  20.00  41.05  58.00  58.00  41.05   0.00
14:44:39   4.2   0.0   0.0  95.8   0.0    2    532    528    0    0    0  36.79    0.00  10.95   5.89  19.95  58.05  58.00  20.00  41.05  58.00  58.00  41.05   0.00
14:44:40   4.2   0.0   0.0  95.8   0.0    2    468    514    0    0    0  36.73    0.00  10.92   5.88  19.93  58.05  58.00  20.00  41.05  58.00  58.00  41.05   0.00
14:44:41   4.1   0.0   0.0  95.9   0.0    2    474    521    0    0    0  36.81    0.00  10.96   5.90  19.95  58.05  58.00  20.00  41.05  58.00  58.00  41.05   0.00
14:44:42   4.2   0.0   0.0  95.8   0.0    2    533    561    0    0    0  36.83    0.00  10.94   5.91  19.98  59.05  59.00  20.00  41.05  58.00  58.00  41.05   0.00
14:44:43   4.2   0.0   0.0  95.8   0.0    2    833    573    0    0    0  36.81    0.00  10.95   5.92  19.95  59.05  59.00  20.00  41.05  59.00  58.00  41.05   0.00
14:44:44   4.1   0.0   0.0  95.9   0.0    2    468    517    0    0    0  36.72    0.00  10.92   5.89  19.91  59.05  59.00  20.00  41.05  59.00  58.00  41.05   0.00
-------- ----- ----- ----- ----- ----- ---- ------ ------ ---- ---- ---- ------  ------ ------ ------ ------ ------ ------ ------ ------ ------ ------ ------ ------
 Average   4.2   0.0   0.0  95.7   0.0  2.0  593.9  488.2  0.1  0.0  0.1  40.56    0.00  11.82   6.72  22.01  60.50  60.45  20.00  41.39  60.46  61.07  42.60   0.00
 GeoMean   0.0   0.0   0.0  95.7   0.0  2.0  566.3  475.0  0.0  0.0  0.0  39.52    0.00  11.53   6.23  21.57  60.29  60.24  20.00  41.38  60.25  60.86  42.59   0.00
  StdDev   0.7   0.0   0.1   0.8   0.0  0.2  232.4  126.5  0.9  0.2  1.1   9.29    0.01   2.50   2.30   4.55   5.37   5.37   0.00   0.59   5.37   5.39   1.08   0.00
-------- ----- ----- ----- ----- ----- ---- ------ ------ ---- ---- ---- ------  ------ ------ ------ ------ ------ ------ ------ ------ ------ ------ ------ ------
 Minimum   0.0   0.0   0.0  91.9   0.0  1.0  226.0  119.0  0.0  0.0  0.0   8.93    0.00   2.03   0.06   6.77  54.05  54.00  20.00  41.05  54.00  56.00  41.05   0.00
 Maximum   7.5   0.0   0.7 100.0   0.1  4.0 2137.0 1200.0 12.0  3.0 16.0  68.60    0.08  18.28  12.76  37.49  76.05  76.00  20.00  43.05  76.00  76.00  45.05   0.00
-------- ----- ----- ----- ----- ----- ---- ------ ------ ---- ---- ---- ------  ------ ------ ------ ------ ------ ------ ------ ------ ------ ------ ------ ------
Summary:
CPU:  40.56 Watts on average with standard deviation 9.29  
Note: power read from RAPL domains: uncore, pkg-0, core, psys.
These readings do not cover all the hardware in this device.

Histogram (of 243 power measurements)

 Range (Watts)  Count
 8.927 - 14.893     3 
14.894 - 20.861     0 
20.862 - 26.828     0 
26.829 - 32.795     0 
32.796 - 38.763   183 ########################################
38.764 - 44.730    18 ###
44.731 - 50.698     8 #
50.699 - 56.665     0 
56.666 - 62.632    23 #####
62.633 - 68.600     8 #

Histogram (of 243 CPU utilization measurements)

Range (%CPU)  Count
0.000 - 0.812     3 
0.813 - 1.625     0 
1.626 - 2.438     0 
2.439 - 3.250     0 
3.251 - 4.063     0 
4.064 - 4.876   229 ########################################
4.877 - 5.689     0 
5.690 - 6.502     2 
6.503 - 7.315     5 
7.316 - 8.127     4 

Histogram (of 243 thermal zone TCPU readings)

 Range (°C)    Count
54.050 - 56.249     3 #
56.250 - 58.449   103 ########################################
58.450 - 60.649   100 ######################################
60.650 - 62.849     1 
62.850 - 65.049     6 ##
65.050 - 67.249     0 
67.250 - 69.449     0 
69.450 - 71.649     0 
71.650 - 73.849     9 ###
73.850 - 76.049    21 ########

Histogram (of 243 thermal zone x86_pkg_temp readings)

 Range (°C)    Count
54.000 - 56.199     3 #
56.200 - 58.399   102 ########################################
58.400 - 60.599   101 #######################################
60.600 - 62.799     1 
62.800 - 64.999     6 ##
65.000 - 67.199     0 
67.200 - 69.399     0 
69.400 - 71.599     0 
71.600 - 73.799     9 ###
73.800 - 75.999    21 ########

Range is zero, cannot produce histogram of thermal zone INT3400 Thermal

Histogram (of 243 thermal zone SEN3 readings)

 Range (°C)    Count
41.050 - 41.249   176 ########################################
41.250 - 41.449     0 
41.450 - 41.649     0 
41.650 - 41.849     0 
41.850 - 42.049    52 ###########
42.050 - 42.249     0 
42.250 - 42.449     0 
42.450 - 42.649     0 
42.650 - 42.849     0 
42.850 - 43.049    15 ###

Histogram (of 243 thermal zone TCPU_PCI readings)

 Range (°C)    Count
54.000 - 56.199     3 #
56.200 - 58.399   103 ########################################
58.400 - 60.599   100 ######################################
60.600 - 62.799     1 
62.800 - 64.999     6 ##
65.000 - 67.199     0 
67.200 - 69.399     0 
69.400 - 71.599     0 
71.600 - 73.799     7 ##
73.800 - 75.999    23 ########

Histogram (of 243 thermal zone iwlwifi_1 readings)

 Range (°C)    Count
56.000 - 57.999    32 #######
58.000 - 59.999   171 ########################################
60.000 - 61.999     0 
62.000 - 63.999     9 ##
64.000 - 65.999     0 
66.000 - 67.999     1 
68.000 - 69.999     0 
70.000 - 71.999     0 
72.000 - 73.999     8 #
74.000 - 75.999    22 #####

Histogram (of 243 thermal zone acpitz readings)

 Range (°C)    Count
41.050 - 41.449    33 ###########
41.450 - 41.849     0 
41.850 - 42.249   111 ########################################
42.250 - 42.649     0 
42.650 - 43.049    41 ##############
43.050 - 43.449     0 
43.450 - 43.849     0 
43.850 - 44.249    48 #################
44.250 - 44.649     0 
44.650 - 45.049    10 ###

Range is zero, cannot produce histogram of thermal zone SEN2
