Running for 86400.0 seconds (86400 samples at 1.0 second intervals).
Power measurements will start in 0 seconds time.

  Time    User  Nice   Sys  Idle    IO  Run Ctxt/s  IRQ/s Fork Exec Exit  Watts  uncore  pkg-0   core   psys   TCPU x86_pk   SEN2 INT340 TCPU_P iwlwif acpitz   SEN3
16:35:40   0.1   0.0   0.0  99.9   0.0    1    305    222    0    0    0  19.53    0.00   4.11   0.19  15.24  50.05  50.00  42.05  20.00  50.00  52.00  41.05   0.00
16:35:41   0.0   0.0   0.1  99.8   0.0    1    237    133    0    0    0  19.13    0.00   3.98   0.05  15.10  52.05  52.00  42.05  20.00  52.00  52.00  42.05   0.00
16:35:42   2.8   0.0   0.7  96.3   0.3    4   4842   1715   24   12   16  46.22    0.00  11.12   5.32  29.78  56.05  56.00  42.05  20.00  56.00  52.00  42.05   0.00
16:35:43  15.2   0.0   1.2  81.5   2.1    2  64240  11352   48    6   10 116.96    0.00  31.54  23.64  61.77  62.05  62.00  41.05  20.00  62.00  52.00  42.05   0.00
16:35:44  14.2   0.0   1.1  84.2   0.4    6  64943   7892    5    1    3 106.71    0.00  28.52  20.67  57.51  60.05  60.00  41.05  20.00  60.00  64.00  42.05   0.00
16:35:45  17.7   0.0   0.7  81.2   0.3    6  42340   5881    5    4    4 114.47    0.00  31.43  23.87  59.18  67.05  67.00  41.05  20.00  67.00  64.00  42.05   0.00
16:35:46   8.2   0.0   1.0  90.2   0.5    2  24116   6093   88    5   64  77.58    0.00  19.49  11.96  46.13  56.05  56.00  41.05  20.00  56.00  67.00  41.05   0.00
16:35:47  24.4   0.0   1.7  73.5   0.4    4  75702  17164   32    0    9 104.89    0.00  28.21  20.40  56.28  56.05  56.00  41.05  20.00  56.00  67.00  41.05   0.00
16:35:48  13.2   0.0   1.0  85.6   0.3    2  50156   9503   23   24   15  88.58    0.00  23.22  15.66  49.70  56.05  56.00  41.05  20.00  56.00  67.00  41.05   0.00
16:35:49  11.9   0.0   1.0  86.9   0.1    5  49701   5875   49   66   52  91.46    0.00  24.36  16.92  50.17  68.05  68.00  41.05  20.00  69.00  59.00  41.05   0.00
16:35:50  32.3   0.0   0.9  66.6   0.2   21  60080   7780   29    0    0 126.10    0.00  35.40  27.80  62.89  61.05  61.00  41.05  20.00  61.00  68.00  41.05   0.00
16:35:51  73.2   0.0   1.4  25.2   0.1   16  34633  13011    0    0    1 109.14    0.00  30.36  22.72  56.06  56.05  56.00  41.05  20.00  56.00  68.00  42.05   0.00
16:35:52  73.2   0.0   0.9  25.9   0.1   22  22972   7606    0    0    2 107.54    0.00  30.10  22.68  54.76  59.05  59.00  41.05  20.00  59.00  59.00  42.05   0.00
16:35:53  77.6   0.0   1.0  21.4   0.0   19  17245   7234    0    0    0 107.59    0.00  29.91  22.16  55.52  58.05  58.00  42.05  20.00  58.00  59.00  42.05   0.00
16:35:54  62.4   0.0   1.0  36.6   0.1   20  45533   9199    0    0    0 106.05    0.00  29.54  22.13  54.38  57.05  57.00  42.05  20.00  57.00  59.00  42.05   0.00
16:35:55  45.2   0.0   0.5  54.3   0.0    5  16548   5160    1    0    1 107.61    0.00  30.21  23.47  53.93  59.05  59.00  42.05  20.00  59.00  59.00  42.05   0.00
16:35:56  41.0   0.0   0.4  58.6   0.0   30  27311   5697   10    0    2 112.08    0.00  31.01  23.41  57.66  59.05  59.00  42.05  20.00  59.00  66.00  42.05   0.00
16:35:57  73.4   0.0   0.4  26.2   0.0   29  21980   8388   24    0    0 106.58    0.00  29.98  23.04  53.56  58.05  58.00  42.05  20.00  58.00  66.00  42.05   0.00
16:35:58  94.6   0.0   0.5   5.0   0.0    5   7024   7359    0    0    1 102.59    0.00  29.00  22.31  51.28  57.05  57.00  42.05  20.00  57.00  66.00  42.05   0.00
16:35:59  55.2   0.0   0.5  44.3   0.0    6  28427  43785    0    0    2 101.33    0.00  28.39  21.72  51.22  64.05  64.00  42.05  20.00  64.00  60.00  42.05   0.00
16:36:00  18.4   0.0   0.4  81.2   0.0   10  32278   5932    0    0    0  85.11    0.00  22.75  16.31  46.05  65.05  65.00  42.05  20.00  65.00  65.00  42.05   0.00
16:36:01  28.8   0.0   0.7  70.4   0.0    6  59409   7637    0    0    2 112.11    0.00  31.57  24.59  55.95  71.05  71.00  42.05  20.00  73.00  65.00  42.05   0.00
16:36:02  81.3   0.0   0.4  18.3   0.0   26  15869   8123    0    0    0 113.34    0.00  32.07  24.72  56.55  58.05  58.00  42.05  20.00  58.00  64.00  42.05   0.00
16:36:03  96.2   0.0   1.0   2.9   0.0   26  11801   9159    0    0    0 105.35    0.00  29.80  22.76  52.79  58.05  58.00  42.05  20.00  58.00  64.00  42.05   0.00
16:36:04  96.2   0.0   0.6   3.2   0.0   28  12437   8293    0    0    0 105.31    0.00  29.78  22.74  52.79  59.05  59.00  42.05  20.00  59.00  60.00  42.05   0.00
16:36:05  96.0   0.0   1.2   2.8   0.0   26  13075   8267   19    4    6 106.73    0.00  30.03  22.74  53.96  60.05  60.00  42.05  20.00  60.00  60.00  42.05   0.00
16:36:06  95.8   0.0   0.8   3.3   0.0   20  11467   7955   10    1   20 106.48    0.00  29.98  22.71  53.79  59.05  59.00  42.05  20.00  59.00  60.00  42.05   0.00
16:36:07  94.8   0.7   0.9   3.6   0.0   29  11005   7436    2    3    0 106.69    0.00  29.95  22.55  54.19  59.05  59.00  42.05  20.00  59.00  60.00  42.05   0.00
16:36:08  89.7   3.6   0.8   5.9   0.0   29  11302   7274    3    3    4 105.68    0.00  29.67  22.30  53.71  59.05  59.00  42.05  20.00  59.00  60.00  42.05   0.00
16:36:09  80.6   3.1   0.9  15.3   0.0   30  14703  22392   12    4   10 107.77    0.00  29.90  22.01  55.86  60.05  60.00  42.05  20.00  60.00  60.00  42.05   0.00
16:36:10  70.5   0.0   1.5  27.9   0.0   20  11713   6750    3    3    4 104.43    0.00  29.02  21.53  53.88  59.05  59.00  42.05  20.00  59.00  62.00  42.05   0.00
16:36:11  24.5   0.0   0.3  75.2   0.0    5  15740   3690    0    0    0 100.89    0.00  28.13  21.58  51.18  74.05  74.00  42.05  20.00  74.00  62.00  42.05   0.00
16:36:12  13.0   0.0   0.0  86.9   0.0    3   8449   2014    0    0    3  79.66    0.00  21.71  15.45  42.50  58.05  58.00  42.05  20.00  58.00  72.00  42.05   0.00
-------- ----- ----- ----- ----- ----- ---- ------ ------ ---- ---- ---- ------  ------ ------ ------ ------ ------ ------ ------ ------ ------ ------ ------ ------
 Average  49.1   0.2   0.8  49.7   0.2 14.1 26896.5 8665.8 11.7  4.1  7.0  97.32    0.00  26.79  19.76  50.77  59.75  59.70  41.75  20.00  59.79  61.82  41.87   0.00
 GeoMean  25.8   0.0   0.0  30.4   0.0  9.1 16996.1 6072.1  0.0  0.0  0.0  91.38    0.00  24.70  14.70  48.83  59.56  59.51  41.74  20.00  59.59  61.62  41.87   0.00
  StdDev  34.3   0.8   0.4  34.5   0.4 10.7 20593.1 7485.5 19.3 11.9 14.0  24.23    0.00   7.24   6.47  10.72   4.81   4.81   0.46   0.00   5.01   4.93   0.39   0.00
-------- ----- ----- ----- ----- ----- ---- ------ ------ ---- ---- ---- ------  ------ ------ ------ ------ ------ ------ ------ ------ ------ ------ ------ ------
 Minimum   0.0   0.0   0.0   2.8   0.0  1.0  237.0  133.0  0.0  0.0  0.0  19.13    0.00   3.98   0.05  15.10  50.05  50.00  41.05  20.00  50.00  52.00  41.05   0.00
 Maximum  96.2   3.6   1.7  99.9   2.1 30.0 75702.0 43785.0 88.0 66.0 64.0 126.10    0.00  35.40  27.80  62.89  74.05  74.00  42.05  20.00  74.00  72.00  42.05   0.00
-------- ----- ----- ----- ----- ----- ---- ------ ------ ---- ---- ---- ------  ------ ------ ------ ------ ------ ------ ------ ------ ------ ------ ------ ------
Summary:
CPU:  97.32 Watts on average with standard deviation 24.23 
Note: power read from RAPL domains: uncore, pkg-0, core, psys.
These readings do not cover all the hardware in this device.

Histogram (of 33 power measurements)

  Range (Watts)   Count
 19.128 -  29.824     2 ####
 29.825 -  40.521     0 
 40.522 -  51.218     1 ##
 51.219 -  61.915     0 
 61.916 -  72.612     0 
 72.613 -  83.309     2 ####
 83.310 -  94.006     3 ######
 94.007 - 104.703     4 ########
104.704 - 115.400    19 ########################################
115.401 - 126.097     2 ####

Histogram (of 33 CPU utilization measurements)

 Range (%CPU)   Count
 0.083 -  9.793     4 ######################
 9.794 - 19.504     7 ########################################
19.505 - 29.214     2 ###########
29.215 - 38.925     2 ###########
38.926 - 48.636     2 ###########
48.637 - 58.346     1 #####
58.347 - 68.057     1 #####
68.058 - 77.768     4 ######################
77.769 - 87.478     3 #################
87.479 - 97.189     7 ########################################

Histogram (of 33 thermal zone TCPU readings)

 Range (°C)    Count
50.050 - 52.449     2 ######
52.450 - 54.849     0 
54.850 - 57.249     7 #####################
57.250 - 59.649    13 ########################################
59.650 - 62.049     5 ###############
62.050 - 64.449     1 ###
64.450 - 66.849     1 ###
66.850 - 69.249     2 ######
69.250 - 71.649     1 ###
71.650 - 74.049     1 ###

Histogram (of 33 thermal zone x86_pkg_temp readings)

 Range (°C)    Count
50.000 - 52.399     2 ######
52.400 - 54.799     0 
54.800 - 57.199     7 #####################
57.200 - 59.599    13 ########################################
59.600 - 61.999     5 ###############
62.000 - 64.399     1 ###
64.400 - 66.799     1 ###
66.800 - 69.199     2 ######
69.200 - 71.599     1 ###
71.600 - 73.999     1 ###

Histogram (of 33 thermal zone SEN2 readings)

 Range (°C)    Count
41.050 - 41.149    10 #################
41.150 - 41.249     0 
41.250 - 41.349     0 
41.350 - 41.449     0 
41.450 - 41.549     0 
41.550 - 41.649     0 
41.650 - 41.749     0 
41.750 - 41.849     0 
41.850 - 41.949     0 
41.950 - 42.049    23 ########################################

Range is zero, cannot produce histogram of thermal zone INT3400 Thermal

Histogram (of 33 thermal zone TCPU_PCI readings)

 Range (°C)    Count
50.000 - 52.399     2 ######
52.400 - 54.799     0 
54.800 - 57.199     7 #####################
57.200 - 59.599    13 ########################################
59.600 - 61.999     5 ###############
62.000 - 64.399     1 ###
64.400 - 66.799     1 ###
66.800 - 69.199     2 ######
69.200 - 71.599     0 
71.600 - 73.999     2 ######

Histogram (of 33 thermal zone iwlwifi_1 readings)

 Range (°C)    Count
52.000 - 53.999     4 #############
54.000 - 55.999     0 
56.000 - 57.999     0 
58.000 - 59.999    12 ########################################
60.000 - 61.999     2 ######
62.000 - 63.999     4 #############
64.000 - 65.999     5 ################
66.000 - 67.999     5 ################
68.000 - 69.999     0 
70.000 - 71.999     1 ###

Histogram (of 33 thermal zone acpitz readings)

 Range (°C)    Count
41.050 - 41.149     6 ########
41.150 - 41.249     0 
41.250 - 41.349     0 
41.350 - 41.449     0 
41.450 - 41.549     0 
41.550 - 41.649     0 
41.650 - 41.749     0 
41.750 - 41.849     0 
41.850 - 41.949     0 
41.950 - 42.049    27 ########################################

Range is zero, cannot produce histogram of thermal zone SEN3
