Running for 86400.0 seconds (86400 samples at 1.0 second intervals).
Power measurements will start in 0 seconds time.

  Time    User  Nice   Sys  Idle    IO  Run Ctxt/s  IRQ/s Fork Exec Exit  Watts  uncore  pkg-0   core   psys   TCPU x86_pk INT340   SEN3 TCPU_P iwlwif acpitz   SEN2
21:18:56   0.0   0.0   0.0 100.0   0.0    1    264    377    0    0    0   9.33    0.00   2.11   0.17   7.06  49.05  49.00  20.00  41.05  49.00  50.00  41.05   0.00
21:18:57   0.0   0.0   0.0  99.9   0.0    1    298    157    0    0    0   7.74    0.00   1.74   0.07   5.93  49.05  49.00  20.00  41.05  49.00  50.00  41.05   0.00
21:18:58   0.1   0.0   0.1  99.7   0.0    2    385    181   13    6    8   8.17    0.00   1.85   0.18   6.15  49.05  49.00  20.00  41.05  49.00  50.00  41.05   0.00
21:18:59  16.9   0.0   1.0  82.0   0.1    7  51518   6737   45    4    4 110.70    0.00  31.18  24.65  54.87  61.05  61.00  20.00  40.05  61.00  50.00  41.05   0.00
21:19:00  10.4   0.0   1.0  88.0   0.5    3  22714   5405   64    5   41  82.01    0.00  21.66  14.64  45.70  58.05  58.00  20.00  40.05  58.00  50.00  41.05   0.00
21:19:01  23.2   0.0   1.4  75.0   0.4    6  56172  14482   28    0    9  99.04    0.00  26.92  19.33  52.79  59.05  59.00  20.00  40.05  59.00  50.00  41.05   0.00
21:19:02  12.9   0.0   0.9  85.9   0.3    2  55700   9925   29   32   21  81.20    0.00  21.50  14.18  45.52  56.05  56.00  20.00  40.05  56.00  58.00  41.05   0.00
21:19:03  13.4   0.0   0.6  85.9   0.1    5  22286   4078   31   42   34  81.63    0.00  22.02  15.35  44.27  68.05  68.00  20.00  40.05  68.00  64.00  41.05   0.00
21:19:04  45.4   0.0   1.1  53.5   0.1   20  48404   7960   34    0    0 120.24    0.00  34.35  27.52  58.36  58.05  58.00  20.00  41.05  58.00  64.00  41.05   0.00
21:19:05  72.0   0.0   1.7  26.2   0.1   19  38876  13000    0    0    1 106.69    0.00  30.00  22.76  53.92  55.05  55.00  20.00  41.05  55.00  66.00  41.05   0.00
21:19:06  76.6   0.0   0.8  22.6   0.0   20  20388   7522    0    0    2 105.84    0.00  30.26  23.52  52.06  58.05  58.00  20.00  41.05  58.00  66.00  41.05   0.00
21:19:07  75.9   0.0   0.9  23.1   0.1   27  15096   6966    0    0    0 108.94    0.00  30.54  22.90  55.49  56.05  56.00  20.00  41.05  56.00  58.00  41.05   0.00
21:19:08  72.1   0.0   0.8  27.0   0.1   21  20062   7211    0    0    1 103.75    0.00  29.21  22.03  52.52  57.05  57.00  20.00  41.05  57.00  58.00  41.05   0.00
21:19:09  32.2   0.0   0.5  67.3   0.1   20  15065   4203    1    0    2 107.86    0.00  30.49  23.98  53.39  59.05  59.00  20.00  41.05  59.00  58.00  41.05   0.00
21:19:10  17.6   0.0   0.5  82.0   0.0    5   9182   2648    2    0    5  76.98    0.00  21.35  15.30  40.34  61.05  61.00  20.00  41.05  61.00  58.00  41.05   0.00
21:19:11  16.6   0.0   0.3  83.0   0.0    5  10868   2767    0    0    0  71.86    0.00  19.23  12.97  39.66  63.05  63.00  20.00  41.05  63.00  58.00  41.05   0.00
21:19:12  63.8   0.0   0.5  35.7   0.0    5  20692   7266   10    0    0 108.45    0.00  30.72  23.90  53.84  63.05  63.00  20.00  41.05  63.00  59.00  41.05   0.00
21:19:13  68.8   0.0   1.1  30.1   0.0   28  16010  44402   24    0    0 112.12    0.00  32.06  25.49  54.57  56.05  56.00  20.00  41.05  56.00  59.00  41.05   0.00
21:19:14  98.5   0.0   0.2   1.3   0.0   28   5317   7254    0    0    0 105.71    0.00  30.32  24.14  51.25  58.05  58.00  20.00  40.05  58.00  59.00  41.05   0.00
21:19:15  97.9   0.0   0.3   1.7   0.0   28   5143   7237    0    0    2 103.07    0.00  29.48  23.29  50.30  58.05  58.00  20.00  40.05  58.00  59.00  41.05   0.00
21:19:16  72.7   0.0   1.1  26.1   0.0   22  31214   9112    1    0    0 104.37    0.00  29.81  23.35  51.22  58.05  58.00  20.00  40.05  58.00  59.00  42.05   0.00
21:19:17  93.0   0.0   0.8   6.2   0.0   27  14183   7616    0    0    0 105.17    0.00  30.12  23.68  51.37  58.05  58.00  20.00  40.05  58.00  59.00  42.05   0.00
21:19:18  83.2   0.0   0.7  16.1   0.0   14  26142   8057    0    0    0 104.20    0.00  29.90  23.39  50.92  59.05  59.00  20.00  40.05  59.00  59.00  42.05   0.00
21:19:19  96.0   0.0   0.8   3.2   0.0   29  11933   7964    0    0    0 104.65    0.00  29.97  23.37  51.31  57.05  57.00  20.00  41.05  58.00  59.00  42.05   0.00
21:19:20  95.9   0.0   0.8   3.3   0.0   26  12595   8340    0    0    0 104.19    0.00  29.81  23.19  51.19  58.05  58.00  20.00  41.05  58.00  59.00  42.05   0.00
21:19:21  96.4   0.0   0.6   3.0   0.0   28  11447   7841    0    0    0 104.39    0.00  29.87  23.24  51.28  58.05  58.00  20.00  41.05  58.00  59.00  42.05   0.00
21:19:22  94.8   0.0   1.1   4.1   0.0   28  22225   9101    0    0    0 104.55    0.00  29.77  22.95  51.83  58.05  58.00  20.00  41.05  57.00  58.00  42.05   0.00
21:19:23  95.6   0.0   0.9   3.4   0.0   28  10485   7592    0    0    1 104.36    0.00  29.85  23.17  51.34  58.05  58.00  20.00  41.05  58.00  58.00  42.05   0.00
21:19:24  95.2   0.0   0.7   4.0   0.0   29  10391   7371    0    0    0 104.43    0.00  29.89  23.21  51.33  59.05  59.00  20.00  41.05  59.00  58.00  42.05   0.00
21:19:25  85.0   0.0   0.3  14.7   0.0   18  11834   7301    0    0    0 104.04    0.00  29.71  22.90  51.43  59.05  59.00  20.00  41.05  58.00  58.00  42.05   0.00
21:19:26  95.4   0.0   0.5   4.1   0.0   19  10494   7117    0    0    0 104.12    0.00  29.76  23.04  51.32  58.05  58.00  20.00  41.05  58.00  58.00  42.05   0.00
21:19:27  95.8   0.0   0.7   3.5   0.0   28   9807   7279    0    0    0 104.20    0.00  29.65  22.80  51.74  57.05  58.00  20.00  41.05  58.00  59.00  42.05   0.00
21:19:28  95.8   0.0   0.9   3.3   0.0   28  20196   8862    0    0    0 103.50    0.00  29.58  22.92  51.00  58.05  58.00  20.00  41.05  58.00  59.00  42.05   0.00
21:19:29  96.7   0.0   0.7   2.6   0.0   32   7721   7203    0    0    0 103.65    0.00  29.66  22.97  51.02  59.05  59.00  20.00  41.05  59.00  59.00  42.05   0.00
21:19:30  39.4   0.0   0.3  60.3   0.0    5   9655   3932    0    0    0  98.37    0.00  27.65  21.22  49.50  73.05  73.00  20.00  41.05  73.00  59.00  42.05   0.00
21:19:31  17.9   0.0   0.3  81.9   0.0    5   6860   2180    0    0    3 101.75    0.00  28.72  22.63  50.41  75.05  75.00  20.00  41.05  75.00  59.00  43.05   0.00
21:19:32  12.9   0.0   0.3  86.7   0.0    5   7250   2077    0    0    0  79.41    0.00  22.17  16.36  40.88  73.05  73.00  20.00  41.05  73.00  73.00  43.05   0.00
21:19:33  12.2   0.0   0.4  87.4   0.0    1  12744  14283    8    4   49  68.33    0.00  18.94  13.01  36.38  72.05  72.00  20.00  41.05  72.00  64.00  43.05   0.00
-------- ----- ----- ----- ----- ----- ---- ------ ------ ---- ---- ---- ------  ------ ------ ------ ------ ------ ------ ------ ------ ------ ------ ------ ------
 Average  57.6   0.0   0.7  41.7   0.1 16.4 17937.3 7710.7  7.6  2.4  4.8  92.61    0.00  26.10  19.84  46.67  59.47  59.45  20.00  40.79  59.42  58.42  41.60   0.00
 GeoMean   0.0   0.0   0.0  20.0   0.0 10.9 11523.8 5334.0  0.0  0.0  0.0  81.48    0.00  22.54  14.15  42.40  59.20  59.18  20.00  40.78  59.15  58.23  41.60   0.00
  StdDev  36.7   0.0   0.4  36.7   0.1 10.9 14454.3 6887.5 15.0  8.4 11.5  27.21    0.00   7.97   6.78  12.63   5.85   5.84   0.00   0.44   5.84   4.74   0.64   0.00
-------- ----- ----- ----- ----- ----- ---- ------ ------ ---- ---- ---- ------  ------ ------ ------ ------ ------ ------ ------ ------ ------ ------ ------ ------
 Minimum   0.0   0.0   0.0   1.3   0.0  1.0  264.0  157.0  0.0  0.0  0.0   7.74    0.00   1.74   0.07   5.93  49.05  49.00  20.00  40.05  49.00  50.00  41.05   0.00
 Maximum  98.5   0.0   1.7 100.0   0.5 32.0 56172.0 44402.0 64.0 42.0 49.0 120.24    0.00  34.35  27.52  58.36  75.05  75.00  20.00  41.05  75.00  73.00  43.05   0.00
-------- ----- ----- ----- ----- ----- ---- ------ ------ ---- ---- ---- ------  ------ ------ ------ ------ ------ ------ ------ ------ ------ ------ ------ ------
Summary:
CPU:  92.61 Watts on average with standard deviation 27.21 
Note: power read from RAPL domains: uncore, pkg-0, core, psys.
These readings do not cover all the hardware in this device.

Histogram (of 38 power measurements)

  Range (Watts)   Count
  7.744 -  18.992     3 ####
 18.993 -  30.241     0 
 30.242 -  41.491     0 
 41.492 -  52.740     0 
 52.741 -  63.990     0 
 63.991 -  75.239     2 ###
 75.240 -  86.488     5 ########
 86.489 -  97.738     0 
 97.739 - 108.987    25 ########################################
108.988 - 120.236     3 ####

Histogram (of 38 CPU utilization measurements)

 Range (%CPU)   Count
 0.000 -  9.869     3 #########
 9.870 - 19.739     9 ###########################
19.740 - 29.610     1 ###
29.611 - 39.480     1 ###
39.481 - 49.350     2 ######
49.351 - 59.220     0 
59.221 - 69.090     1 ###
69.091 - 78.961     6 ##################
78.962 - 88.831     2 ######
88.832 - 98.701    13 ########################################

Histogram (of 38 thermal zone TCPU readings)

 Range (°C)    Count
49.050 - 51.649     3 #####
51.650 - 54.249     0 
54.250 - 56.849     4 #######
56.850 - 59.449    22 ########################################
59.450 - 62.049     2 ###
62.050 - 64.649     2 ###
64.650 - 67.249     0 
67.250 - 69.849     1 #
69.850 - 72.449     1 #
72.450 - 75.049     3 #####

Histogram (of 38 thermal zone x86_pkg_temp readings)

 Range (°C)    Count
49.000 - 51.599     3 #####
51.600 - 54.199     0 
54.200 - 56.799     4 #######
56.800 - 59.399    22 ########################################
59.400 - 61.999     2 ###
62.000 - 64.599     2 ###
64.600 - 67.199     0 
67.200 - 69.799     1 #
69.800 - 72.399     1 #
72.400 - 74.999     3 #####

Range is zero, cannot produce histogram of thermal zone INT3400 Thermal

Histogram (of 38 thermal zone SEN3 readings)

 Range (°C)    Count
40.050 - 40.149    10 ##############
40.150 - 40.249     0 
40.250 - 40.349     0 
40.350 - 40.449     0 
40.450 - 40.549     0 
40.550 - 40.649     0 
40.650 - 40.749     0 
40.750 - 40.849     0 
40.850 - 40.949     0 
40.950 - 41.049    28 ########################################

Histogram (of 38 thermal zone TCPU_PCI readings)

 Range (°C)    Count
49.000 - 51.599     3 #####
51.600 - 54.199     0 
54.200 - 56.799     4 #######
56.800 - 59.399    22 ########################################
59.400 - 61.999     2 ###
62.000 - 64.599     2 ###
64.600 - 67.199     0 
67.200 - 69.799     1 #
69.800 - 72.399     1 #
72.400 - 74.999     3 #####

Histogram (of 38 thermal zone iwlwifi_1 readings)

 Range (°C)    Count
50.000 - 52.299     6 #########
52.300 - 54.599     0 
54.600 - 56.899     0 
56.900 - 59.199    26 ########################################
59.200 - 61.499     0 
61.500 - 63.799     0 
63.800 - 66.099     5 #######
66.100 - 68.399     0 
68.400 - 70.699     0 
70.700 - 72.999     1 #

Histogram (of 38 thermal zone acpitz readings)

 Range (°C)    Count
41.050 - 41.249    20 ########################################
41.250 - 41.449     0 
41.450 - 41.649     0 
41.650 - 41.849     0 
41.850 - 42.049    15 ##############################
42.050 - 42.249     0 
42.250 - 42.449     0 
42.450 - 42.649     0 
42.650 - 42.849     0 
42.850 - 43.049     3 ######

Range is zero, cannot produce histogram of thermal zone SEN2
