Running for 86400.0 seconds (86400 samples at 1.0 second intervals).
Power measurements will start in 0 seconds time.

  Time    User  Nice   Sys  Idle    IO  Run Ctxt/s  IRQ/s Fork Exec Exit  Watts  uncore  pkg-0   core   psys   TCPU x86_pk INT340   SEN3 TCPU_P iwlwif acpitz   SEN2
16:10:05   0.0   0.0   0.0 100.0   0.0    1    402    349    0    0    0  17.53    0.00   3.89   0.20  13.43  58.05  58.00  20.00  45.05  58.00  63.00  46.05   0.00
16:10:06   0.0   0.0   0.0  99.9   0.0    1    452    262    0    0    0  20.08    0.00   4.45   0.11  15.51  58.05  58.00  20.00  45.05  58.00  63.00  46.05   0.00
16:10:07   0.1   0.0   0.1  99.8   0.0    2    538    291    8    6    8  17.49    0.00   3.90   0.20  13.39  59.05  59.00  20.00  45.05  59.00  59.00  46.05   0.00
16:10:08  14.1   0.0   0.7  85.2   0.0    5  34946   5102   40    0    0  72.35    0.00  19.22  12.80  40.33  70.05  70.00  20.00  45.05  70.00  59.00  46.05   0.00
16:10:09  17.6   0.0   0.6  81.8   0.0    5  33764   4546    9    4    3  87.03    0.00  23.83  17.18  46.02  70.05  70.00  20.00  45.05  70.00  59.00  46.05   0.00
16:10:10  18.5   0.0   0.5  81.0   0.0    5  26088   4619   24    0   25  84.72    0.00  23.01  16.27  45.43  70.05  70.00  20.00  45.05  70.00  68.00  46.05   0.00
16:10:11  20.8   0.0   1.9  77.3   0.0   14  68178  14179   93    5   41 106.39    0.00  29.80  22.88  53.71  68.05  68.00  20.00  45.05  68.00  69.00  46.05   0.00
16:10:12  15.8   0.0   1.3  82.8   0.0    2  51385   9982   35   40   35  97.31    0.00  27.07  20.25  49.99  62.05  62.00  20.00  45.05  62.00  69.00  46.05   0.00
16:10:13  18.9   0.0   0.8  80.4   0.0   25  47913   7275   57   34   28 110.06    0.00  30.97  23.98  55.11  71.05  71.00  20.00  45.05  71.00  68.00  46.05   0.00
16:10:14  74.8   0.0   2.0  23.2   0.0   24  54372  15231    2    0    0 106.81    0.00  30.37  23.34  53.11  72.05  72.00  20.00  45.05  72.00  68.00  46.05   0.00
16:10:15  75.3   0.0   0.6  24.1   0.0   20  24745   7815    0    0    0 109.67    0.00  31.20  23.96  54.50  68.05  68.00  20.00  45.05  68.00  66.00  46.05   0.00
16:10:16  76.9   0.0   0.7  22.3   0.0   18  17493   7386    0    0    2 106.15    0.00  30.10  22.78  53.27  66.05  66.00  20.00  45.05  66.00  66.00  46.05   0.00
16:10:17  70.9   0.0   1.1  28.0   0.0   17  45435   9700    0    0    1 104.55    0.00  29.58  22.30  52.68  62.05  62.00  20.00  45.05  63.00  67.00  46.05   0.00
16:10:18  57.9   0.0   0.8  41.2   0.0    5  17029   6303    1    0    1 103.92    0.00  29.24  21.92  52.76  70.05  70.00  20.00  45.05  70.00  67.00  46.05   0.00
16:10:19  35.8   0.0   0.2  63.9   0.0    6  17586   4512    0    0    0  99.10    0.00  27.81  20.99  50.30  76.05  76.00  20.00  45.05  76.00  67.00  46.05   0.00
16:10:20  59.6   0.0   0.7  39.6   0.0   24  23436   7138   32    0    0 117.35    0.00  33.52  26.38  57.45  71.05  71.00  20.00  45.05  71.00  68.00  46.05   0.00
16:10:21  98.4   0.0   0.5   1.1   0.0   28   7504   8063    0    0    2 107.32    0.00  30.66  23.77  52.88  65.05  65.00  20.00  45.05  65.00  67.00  46.05   0.00
16:10:22  98.2   0.0   0.3   1.5   0.0   28   5277   7021    0    0    3 107.43    0.00  30.65  23.74  53.04  66.05  66.00  20.00  45.05  66.00  67.00  46.05   0.00
16:10:23  77.3   0.0   0.8  22.0   0.0   28   8762   6628    0    0    0 102.91    0.00  29.26  22.16  51.50  66.05  66.00  20.00  45.05  66.00  66.00  46.05   0.00
16:10:24  73.5   0.0   1.1  25.4   0.0   19  34018  41661    2    0    0 106.10    0.00  30.27  23.34  52.48  65.05  65.00  20.00  45.05  65.00  66.00  46.05   0.00
16:10:25  95.0   0.0   0.7   4.3   0.0   29  12157   7435    0    0    0 105.43    0.00  29.78  22.50  53.14  65.05  65.00  20.00  45.05  65.00  66.00  46.05   0.00
16:10:26  85.7   0.0   0.9  13.5   0.0   29  18854   8100    0    0    0 102.57    0.00  29.09  22.01  51.46  66.05  66.00  20.00  45.05  66.00  66.00  46.05   0.00
16:10:27  97.1   0.0   0.7   2.3   0.0   27  12541   8836    0    0    0 106.87    0.00  30.38  23.23  53.25  65.05  65.00  20.00  45.05  65.00  65.00  46.05   0.00
16:10:28  96.8   0.0   0.7   2.5   0.0   28  10804   8049    0    0    0 106.06    0.00  30.02  22.65  53.40  65.05  65.00  20.00  45.05  65.00  65.00  46.05   0.00
16:10:29  96.4   0.0   0.8   2.8   0.0   29  10452   7887    0    0    0 105.07    0.00  29.67  22.32  53.07  66.05  66.00  20.00  45.05  66.00  65.00  46.05   0.00
16:10:30  96.0   0.0   0.8   3.2   0.0    2  10443   7599    0    0    0 105.47    0.00  29.93  22.73  52.81  67.05  67.00  20.00  45.05  67.00  66.00  46.05   0.00
16:10:31  96.3   0.0   0.6   3.1   0.0   19  10615   7696    0    0    0 106.97    0.00  30.39  23.12  53.47  65.05  65.00  20.00  45.05  65.00  66.00  46.05   0.00
16:10:32  95.9   0.0   0.7   3.5   0.0   29  10840   7623    0    0    0 106.15    0.00  30.12  22.87  53.16  66.05  66.00  20.00  46.05  66.00  66.00  46.05   0.00
16:10:33  95.6   0.0   0.8   3.6   0.0   28  11128   7589    0    0    0 107.90    0.00  30.67  23.37  53.86  66.05  66.00  20.00  46.05  66.00  67.00  46.05   0.00
16:10:34  95.4   0.0   0.7   3.9   0.0   28  10715   7322    0    0    0 106.92    0.00  30.35  23.07  53.50  66.05  66.00  20.00  46.05  66.00  67.00  46.05   0.00
16:10:35  96.5   0.0   0.5   3.1   0.0   28   8134   7278    0    0    0 105.32    0.00  29.71  22.32  53.29  64.05  65.00  20.00  46.05  65.00  67.00  47.05   0.00
16:10:36  94.5   0.0   1.0   4.5   0.0   28  16099   7855    0    0    0 102.03    0.00  28.81  21.59  51.63  65.05  65.00  20.00  46.05  65.00  66.00  47.05   0.00
16:10:37  94.9   0.0   0.7   4.4   0.0   28   9621   7119    0    0    0 103.54    0.00  29.26  22.01  52.28  66.05  66.00  20.00  46.05  66.00  66.00  47.05   0.00
16:10:38  56.0   0.0   0.6  43.4   0.0    5  13375  31131    0    0    0  98.63    0.00  27.70  20.72  50.21  81.05  81.00  20.00  45.05  81.00  66.00  47.05   0.00
16:10:39  17.5   0.0   0.1  82.5   0.0    5   7732   2069    0    0    3 104.67    0.00  29.39  22.67  52.61  80.05  80.00  20.00  45.05  80.00  66.00  47.05   0.00
16:10:40  14.1   0.0   0.2  85.7   0.0    3   7473   2028    0    0    0  91.20    0.00  25.20  18.68  47.31  82.05  82.00  20.00  45.05  82.00  66.00  47.05   0.00
16:10:41  10.3   0.0   0.3  89.3   0.0    4   5640   1956    1    0    4  76.26    0.00  20.84  14.63  40.79  79.05  79.00  20.00  45.05  79.00  81.00  47.05   0.00
-------- ----- ----- ----- ----- ----- ---- ------ ------ ---- ---- ---- ------  ------ ------ ------ ------ ------ ------ ------ ------ ------ ------ ------ ------
 Average  60.5   0.0   0.7  38.8   0.0 16.9 19079.6 8260.4  8.2  2.4  4.2  95.28    0.00  26.76  19.97  48.54  67.81  67.78  20.00  45.21  67.81  66.19  46.24   0.00
 GeoMean   0.0   0.0   0.5  17.4   0.0 11.3 12096.1 5654.8  0.0  0.0  0.0  88.42    0.00  24.41  14.50  46.31  67.57  67.55  20.00  45.21  67.58  66.10  46.24   0.00
  StdDev  36.4   0.0   0.4  36.5   0.0 11.0 16251.3 7538.8 19.4  8.4 10.1  24.52    0.00   7.31   6.44  10.80   5.72   5.71   0.00   0.37   5.68   3.42   0.39   0.00
-------- ----- ----- ----- ----- ----- ---- ------ ------ ---- ---- ---- ------  ------ ------ ------ ------ ------ ------ ------ ------ ------ ------ ------ ------
 Minimum   0.0   0.0   0.0   1.1   0.0  1.0  402.0  262.0  0.0  0.0  0.0  17.49    0.00   3.89   0.11  13.39  58.05  58.00  20.00  45.05  58.00  59.00  46.05   0.00
 Maximum  98.4   0.0   2.0 100.0   0.0 29.0 68178.0 41661.0 93.0 40.0 41.0 117.35    0.00  33.52  26.38  57.45  82.05  82.00  20.00  46.05  82.00  81.00  47.05   0.00
-------- ----- ----- ----- ----- ----- ---- ------ ------ ---- ---- ---- ------  ------ ------ ------ ------ ------ ------ ------ ------ ------ ------ ------ ------
Summary:
CPU:  95.28 Watts on average with standard deviation 24.52 
Note: power read from RAPL domains: uncore, pkg-0, core, psys.
These readings do not cover all the hardware in this device.

Histogram (of 37 power measurements)

  Range (Watts)   Count
 17.487 -  27.472     3 #####
 27.473 -  37.458     0 
 37.459 -  47.444     0 
 47.445 -  57.430     0 
 57.431 -  67.415     0 
 67.416 -  77.401     2 ###
 77.402 -  87.387     2 ###
 87.388 -  97.373     2 ###
 97.374 - 107.358    23 ########################################
107.359 - 117.344     5 ########

Histogram (of 37 CPU utilization measurements)

 Range (%CPU)   Count
 0.042 -  9.924     3 ########
 9.925 - 19.808     8 ######################
19.809 - 29.691     1 ##
29.692 - 39.575     1 ##
39.576 - 49.458     0 
49.459 - 59.342     2 #####
59.343 - 69.225     1 ##
69.226 - 79.109     6 #################
79.110 - 88.992     1 ##
88.993 - 98.876    14 ########################################

Histogram (of 37 thermal zone TCPU readings)

 Range (°C)    Count
58.050 - 60.449     3 ############
60.450 - 62.849     2 ########
62.850 - 65.249     8 ################################
65.250 - 67.649    10 ########################################
67.650 - 70.049     6 ########################
70.050 - 72.449     3 ############
72.450 - 74.849     0 
74.850 - 77.249     1 ####
77.250 - 79.649     1 ####
79.650 - 82.049     3 ############

Histogram (of 37 thermal zone x86_pkg_temp readings)

 Range (°C)    Count
58.000 - 60.399     3 ############
60.400 - 62.799     2 ########
62.800 - 65.199     8 ################################
65.200 - 67.599    10 ########################################
67.600 - 69.999     6 ########################
70.000 - 72.399     3 ############
72.400 - 74.799     0 
74.800 - 77.199     1 ####
77.200 - 79.599     1 ####
79.600 - 81.999     3 ############

Range is zero, cannot produce histogram of thermal zone INT3400 Thermal

Histogram (of 37 thermal zone SEN3 readings)

 Range (°C)    Count
45.050 - 45.149    31 ########################################
45.150 - 45.249     0 
45.250 - 45.349     0 
45.350 - 45.449     0 
45.450 - 45.549     0 
45.550 - 45.649     0 
45.650 - 45.749     0 
45.750 - 45.849     0 
45.850 - 45.949     0 
45.950 - 46.049     6 #######

Histogram (of 37 thermal zone TCPU_PCI readings)

 Range (°C)    Count
58.000 - 60.399     3 ############
60.400 - 62.799     1 ####
62.800 - 65.199     9 ####################################
65.200 - 67.599    10 ########################################
67.600 - 69.999     6 ########################
70.000 - 72.399     3 ############
72.400 - 74.799     0 
74.800 - 77.199     1 ####
77.200 - 79.599     1 ####
79.600 - 81.999     3 ############

Histogram (of 37 thermal zone iwlwifi_1 readings)

 Range (°C)    Count
59.000 - 61.199     3 #####
61.200 - 63.399     2 ###
63.400 - 65.599     3 #####
65.600 - 67.799    22 ########################################
67.800 - 69.999     6 ##########
70.000 - 72.199     0 
72.200 - 74.399     0 
74.400 - 76.599     0 
76.600 - 78.799     0 
78.800 - 80.999     1 #

Histogram (of 37 thermal zone acpitz readings)

 Range (°C)    Count
46.050 - 46.149    30 ########################################
46.150 - 46.249     0 
46.250 - 46.349     0 
46.350 - 46.449     0 
46.450 - 46.549     0 
46.550 - 46.649     0 
46.650 - 46.749     0 
46.750 - 46.849     0 
46.850 - 46.949     0 
46.950 - 47.049     7 #########

Range is zero, cannot produce histogram of thermal zone SEN2
