Running for 86400.0 seconds (86400 samples at 1.0 second intervals).
Power measurements will start in 0 seconds time.

  Time    User  Nice   Sys  Idle    IO  Run Ctxt/s  IRQ/s Fork Exec Exit  Watts  uncore  pkg-0   core   psys   TCPU x86_pk INT340   SEN3 TCPU_P iwlwif acpitz   SEN2
18:06:07   0.0   0.0   0.0 100.0   0.0    1    284    288    0    0    0   4.33    0.00   1.14   0.17   3.02  51.05  51.00  20.00  40.05  51.00  56.00  40.05   0.00
18:06:08   0.0   0.0   0.0 100.0   0.0    1    145     88    0    0    0   1.71    0.00   0.47   0.06   1.19  50.05  50.00  20.00  40.05  50.00  56.00  40.05   0.00
18:06:09   0.1   0.0   0.1  99.8   0.0    2    353    192   14    6    8   6.02    0.00   1.67   0.22   4.13  49.05  49.00  20.00  40.05  49.00  53.00  40.05   0.00
18:06:10  14.7   0.0   1.0  84.3   0.0    8  41920   5670   38    0    0  98.97    0.00  29.03  23.65  46.29  55.05  55.00  20.00  40.05  55.00  53.00  40.05   0.00
18:06:11  15.5   0.0   0.7  83.8   0.0    5  38570   4626    5    4    4 108.32    0.00  31.91  26.40  50.00  76.05  76.00  20.00  40.05  76.00  53.00  40.05   0.00
18:06:12  14.3   0.0   0.8  84.8   0.0    8  26701   4906   91    5   68  89.56    0.00  25.64  19.64  44.28  65.05  65.00  20.00  40.05  65.00  64.00  40.05   0.00
18:06:13  24.1   0.0   2.0  73.9   0.0    6  84735  16348   36    0    9 105.33    0.00  30.98  25.13  49.22  63.05  63.00  20.00  40.05  63.00  64.00  40.05   0.00
18:06:14  13.2   0.0   1.2  85.6   0.0    5  43014   9577   70   90   69  81.23    0.00  23.15  16.79  41.28  60.05  60.00  20.00  40.05  60.00  64.00  40.05   0.00
18:06:15  36.4   0.0   1.4  62.3   0.0   22  81598  10052   31    0    0 118.06    0.00  35.05  29.02  54.00  59.05  58.00  20.00  40.05  58.00  61.00  40.05   0.00
18:06:16  74.6   0.0   1.2  24.2   0.0   19  39259  13626    0    0    0 101.77    0.00  30.05  23.94  47.79  58.05  58.00  20.00  40.05  58.00  61.00  40.05   0.00
18:06:17  75.4   0.0   0.6  23.9   0.0   23  18551   7224    0    0    1 101.38    0.00  29.78  23.27  48.33  60.05  60.00  20.00  40.05  60.00  60.00  40.05   0.00
18:06:18  75.4   0.0   0.6  24.0   0.0   17  24330   7772    0    0    1 101.62    0.00  29.98  23.71  47.92  60.05  60.00  20.00  40.05  60.00  60.00  40.05   0.00
18:06:19  73.7   0.0   0.7  25.6   0.0   20  16238   7133    0    0    0 101.67    0.00  30.00  23.68  47.99  59.05  59.00  20.00  40.05  59.00  60.00  40.05   0.00
18:06:20  34.5   0.0   0.3  65.2   0.0    5  21205   4954    1    0    1 102.01    0.00  29.94  23.97  48.09  58.05  58.00  20.00  40.05  60.00  60.00  40.05   0.00
18:06:21  23.1   0.0   0.3  76.5   0.0    5  17258   3706    0    0    0  99.31    0.00  28.85  22.85  47.61  69.05  69.00  20.00  40.05  69.00  60.00  40.05   0.00
18:06:22  52.1   0.0   0.8  47.1   0.0    5  24572   6786   10    0    3 101.15    0.00  29.75  23.64  47.76  68.05  68.00  20.00  40.05  68.00  70.00  40.05   0.00
18:06:23  97.2   0.0   0.5   2.3   0.0   30  14484   9365   23    0    2 110.36    0.00  32.36  26.30  51.71  60.05  60.00  20.00  40.05  60.00  63.00  40.05   0.00
18:06:24  75.7   0.0   0.7  23.6   0.0    2  13359  44180    0    0    0  98.73    0.00  28.72  22.68  47.34  57.05  57.00  20.00  40.05  57.00  63.00  40.05   0.00
18:06:25  22.3   0.0   0.4  77.3   0.0    5  51346   7651    0    0    0  91.42    0.00  25.69  19.62  46.11  68.05  68.00  20.00  40.05  68.00  60.00  40.05   0.00
18:06:26  18.4   0.0   0.5  81.1   0.0    5  33777   6429    0    0    0  80.46    0.00  22.61  16.83  41.02  71.05  71.00  20.00  40.05  71.00  60.00  41.05   0.00
18:06:27  70.2   0.0   0.6  29.2   0.0   28  22562   8009    0    0    0 107.11    0.00  31.69  25.47  49.95  60.05  60.00  20.00  40.05  60.00  71.00  41.05   0.00
18:06:28  96.9   0.0   0.7   2.4   0.0   30  10234   7967    0    0    0 102.75    0.00  30.35  24.08  48.32  61.05  61.00  20.00  40.05  61.00  71.00  41.05   0.00
18:06:29  96.7   0.0   0.7   2.5   0.0   30  11923   8290    0    0    0 100.90    0.00  29.82  23.49  47.59  58.05  58.00  20.00  40.05  58.00  60.00  41.05   0.00
18:06:30  96.4   0.0   0.6   3.0   0.0   30  13570   8849    0    0    0 100.58    0.00  29.69  23.40  47.49  58.05  59.00  20.00  40.05  59.00  60.00  41.05   0.00
18:06:31  96.5   0.0   0.5   2.9   0.0   28  12171   8841    0    0    0 101.45    0.00  29.80  23.29  48.35  58.05  58.00  20.00  40.05  58.00  60.00  41.05   0.00
18:06:32  95.7   0.0   0.9   3.4   0.0   28  11908   8252    0    0    0 100.90    0.00  29.77  23.43  47.70  59.05  58.00  20.00  40.05  58.00  60.00  41.05   0.00
18:06:33  84.2   0.0   0.8  15.0   0.0   28  18338  19771    0    0    0  98.87    0.00  29.20  22.90  46.77  60.05  60.00  20.00  40.05  60.00  60.00  41.05   0.00
18:06:34  94.7   0.0   0.7   4.6   0.0   36  12337   7578    0    0    0 103.53    0.00  30.57  24.14  48.82  60.05  60.00  20.00  40.05  60.00  60.00  41.05   0.00
18:06:35  82.7   0.0   0.6  16.7   0.0   27  13363   7536    0    0    0 100.12    0.00  29.51  23.19  47.42  61.05  61.00  20.00  40.05  61.00  60.00  41.05   0.00
18:06:36  21.5   0.0   0.3  78.1   0.0    5  13498   3335    0    0    0  82.48    0.00  23.57  17.52  41.39  66.05  66.00  20.00  40.05  66.00  61.00  41.05   0.00
18:06:37  17.3   0.0   0.3  82.3   0.0    5  16428   2858    3    4    0  87.29    0.00  25.23  19.42  42.64  68.05  68.00  20.00  40.05  68.00  61.00  41.05   0.00
-------- ----- ----- ----- ----- ----- ---- ------ ------ ---- ---- ---- ------  ------ ------ ------ ------ ------ ------ ------ ------ ------ ------ ------ ------
 Average  51.4   0.0   0.7  47.9   0.0 15.1 24130.0 8447.1 10.4  3.5  5.4  89.98    0.00  26.32  20.71  42.95  60.86  60.77  20.00  40.05  60.84  60.81  40.44   0.00
 GeoMean   0.0   0.0   0.0  27.1   0.0  9.8 14251.3 5398.3  0.0  0.0  0.0  71.61    0.00  20.78  13.76  35.43  60.58  60.49  20.00  40.05  60.56  60.66  40.43   0.00
  StdDev  35.3   0.0   0.4  35.4   0.0 11.5 19840.9 7712.7 21.6 15.9 16.7  29.26    0.00   8.68   7.23  13.44   5.85   5.86   0.00   0.00   5.84   4.29   0.49   0.00
-------- ----- ----- ----- ----- ----- ---- ------ ------ ---- ---- ---- ------  ------ ------ ------ ------ ------ ------ ------ ------ ------ ------ ------ ------
 Minimum   0.0   0.0   0.0   2.3   0.0  1.0  145.0   88.0  0.0  0.0  0.0   1.71    0.00   0.47   0.06   1.19  49.05  49.00  20.00  40.05  49.00  53.00  40.05   0.00
 Maximum  97.2   0.0   2.0 100.0   0.0 36.0 84735.0 44180.0 91.0 90.0 69.0 118.06    0.00  35.05  29.02  54.00  76.05  76.00  20.00  40.05  76.00  71.00  41.05   0.00
-------- ----- ----- ----- ----- ----- ---- ------ ------ ---- ---- ---- ------  ------ ------ ------ ------ ------ ------ ------ ------ ------ ------ ------ ------
Summary:
CPU:  89.98 Watts on average with standard deviation 29.26 
Note: power read from RAPL domains: uncore, pkg-0, core, psys.
These readings do not cover all the hardware in this device.

Histogram (of 31 power measurements)

  Range (Watts)   Count
  1.710 -  13.345     3 ######
 13.346 -  24.980     0 
 24.981 -  36.615     0 
 36.616 -  48.251     0 
 48.252 -  59.886     0 
 59.887 -  71.521     0 
 71.522 -  83.157     3 ######
 83.158 -  94.792     3 ######
 94.793 - 106.427    18 ########################################
106.428 - 118.063     4 ########

Histogram (of 31 CPU utilization measurements)

 Range (%CPU)   Count
 0.000 -  9.769     3 #################
 9.770 - 19.540     6 ##################################
19.541 - 29.310     4 ######################
29.311 - 39.081     2 ###########
39.082 - 48.851     0 
48.852 - 58.622     1 #####
58.623 - 68.392     0 
68.393 - 78.163     6 ##################################
78.164 - 87.933     2 ###########
87.934 - 97.704     7 ########################################

Histogram (of 31 thermal zone TCPU readings)

 Range (°C)    Count
49.050 - 51.749     3 #############
51.750 - 54.449     0 
54.450 - 57.149     2 ########
57.150 - 59.849     8 ###################################
59.850 - 62.549     9 ########################################
62.550 - 65.249     2 ########
65.250 - 67.949     1 ####
67.950 - 70.649     4 #################
70.650 - 73.349     1 ####
73.350 - 76.049     1 ####

Histogram (of 31 thermal zone x86_pkg_temp readings)

 Range (°C)    Count
49.000 - 51.699     3 #############
51.700 - 54.399     0 
54.400 - 57.099     2 ########
57.100 - 59.799     8 ###################################
59.800 - 62.499     9 ########################################
62.500 - 65.199     2 ########
65.200 - 67.899     1 ####
67.900 - 70.599     4 #################
70.600 - 73.299     1 ####
73.300 - 75.999     1 ####

Range is zero, cannot produce histogram of thermal zone INT3400 Thermal

Range is zero, cannot produce histogram of thermal zone SEN3

Histogram (of 31 thermal zone TCPU_PCI readings)

 Range (°C)    Count
49.000 - 51.699     3 ############
51.700 - 54.399     0 
54.400 - 57.099     2 ########
57.100 - 59.799     7 ############################
59.800 - 62.499    10 ########################################
62.500 - 65.199     2 ########
65.200 - 67.899     1 ####
67.900 - 70.599     4 ################
70.600 - 73.299     1 ####
73.300 - 75.999     1 ####

Histogram (of 31 thermal zone iwlwifi_1 readings)

 Range (°C)    Count
53.000 - 54.799     3 ########
54.800 - 56.599     2 #####
56.600 - 58.399     0 
58.400 - 60.199    14 ########################################
60.200 - 61.999     4 ###########
62.000 - 63.799     2 #####
63.800 - 65.599     3 ########
65.600 - 67.399     0 
67.400 - 69.199     0 
69.200 - 70.999     3 ########

Histogram (of 31 thermal zone acpitz readings)

 Range (°C)    Count
40.050 - 40.149    19 ########################################
40.150 - 40.249     0 
40.250 - 40.349     0 
40.350 - 40.449     0 
40.450 - 40.549     0 
40.550 - 40.649     0 
40.650 - 40.749     0 
40.750 - 40.849     0 
40.850 - 40.949     0 
40.950 - 41.049    12 #########################

Range is zero, cannot produce histogram of thermal zone SEN2
