Running for 86400.0 seconds (86400 samples at 1.0 second intervals).
Power measurements will start in 0 seconds time.

  Time    User  Nice   Sys  Idle    IO  Run Ctxt/s  IRQ/s Fork Exec Exit  Watts  uncore  pkg-0   core   psys   TCPU x86_pk INT340   SEN3 TCPU_P iwlwif acpitz   SEN2
21:16:16   0.0   0.0   0.0 100.0   0.0    1    172    308    0    0    0   4.46    0.00   1.17   0.16   3.13  51.05  51.00  20.00  41.05  51.00  72.00  41.05   0.00
21:16:17   0.0   0.0   0.0 100.0   0.0    1    193     92    0    0    0   2.03    0.00   0.57   0.07   1.38  50.05  50.00  20.00  41.05  50.00  64.00  41.05   0.00
21:16:18   0.0   0.0   0.1  99.9   0.0    3    297    141   12    6    8   5.15    0.00   1.40   0.15   3.60  50.05  50.00  20.00  41.05  49.00  64.00  41.05   0.00
21:16:19  16.3   0.0   0.9  82.8   0.0    8  39709   5512   36    0    0  75.41    0.00  21.45  15.83  38.13  62.05  62.00  20.00  41.05  62.00  56.00  41.05   0.00
21:16:20  16.5   0.0   0.9  82.6   0.0    5  29127   3993    9    4    4  73.31    0.00  20.85  15.17  37.29  60.05  60.00  20.00  41.05  61.00  56.00  41.05   0.00
21:16:21  17.7   0.0   0.6  81.6   0.0    5  25122   4171   30    3   24  76.76    0.00  21.68  15.73  39.35  58.05  58.00  20.00  40.05  58.00  61.00  41.05   0.00
21:16:22  13.7   0.0   1.1  85.1   0.0   11  38792   8254   91    2   41  69.55    0.00  19.78  13.92  35.85  65.05  65.00  20.00  40.05  65.00  61.00  41.05   0.00
21:16:23  22.9   0.0   1.4  75.7   0.0    6  87670  18421    4    0    9  83.62    0.00  23.83  18.11  41.68  60.05  60.00  20.00  40.05  60.00  61.00  41.05   0.00
21:16:24  12.8   0.0   1.3  85.9   0.0    6  44894   5871   56   74   55  73.12    0.00  19.71  13.21  40.20  61.05  61.00  20.00  40.05  61.00  60.00  41.05   0.00
21:16:25  23.0   0.0   0.8  76.2   0.0   27  62500   7999   29    0    0  97.15    0.00  27.73  21.82  47.61  71.05  71.00  20.00  40.05  71.00  60.00  41.05   0.00
21:16:26  72.3   0.0   1.8  25.9   0.0   21  69272  18126    0    0    3 107.49    0.00  31.59  25.39  50.51  59.05  59.00  20.00  41.05  59.00  60.00  41.05   0.00
21:16:27  71.7   0.0   0.9  27.3   0.0   17  21857   7323    0    0    0 103.01    0.00  30.25  23.74  49.01  59.05  59.00  20.00  41.05  59.00  60.00  41.05   0.00
21:16:28  76.3   0.0   0.7  23.0   0.0   20  22143   7749    0    0    2 100.62    0.00  29.70  23.36  47.56  60.05  60.00  20.00  41.05  60.00  60.00  40.05   0.00
21:16:29  75.7   0.0   0.5  23.8   0.0   19  12908   6900    0    0    0 102.01    0.00  30.17  23.79  48.05  60.05  60.00  20.00  41.05  60.00  60.00  40.05   0.00
21:16:30  51.7   0.0   0.5  47.9   0.0    5  19491   6066    1    0    1 100.30    0.00  29.50  23.47  47.32  65.05  65.00  20.00  41.05  65.00  60.00  40.05   0.00
21:16:31  32.9   0.0   0.6  66.4   0.0   28  22092   4982   10    0    1 102.80    0.00  30.12  24.12  48.56  62.05  62.00  20.00  41.05  62.00  60.00  40.05   0.00
21:16:32  67.1   0.0   0.6  32.2   0.0   28  16162   7043   24    0    0 103.25    0.00  30.51  24.53  48.21  59.05  59.00  20.00  41.05  59.00  66.00  40.05   0.00
21:16:33  97.6   0.0   0.5   1.8   0.0   32   6574   7779    0    0    0 102.52    0.00  30.42  24.46  47.64  59.05  59.00  20.00  41.05  59.00  66.00  40.05   0.00
21:16:34  97.1   0.0   0.6   2.3   0.0   27   5365   6943    0    0    0 103.01    0.00  30.36  24.14  48.51  60.05  60.00  20.00  41.05  59.00  66.00  41.05   0.00
21:16:35  64.9   0.0   0.6  34.5   0.0    5  12252  37438    0    0    0  97.28    0.00  28.93  22.92  45.44  58.05  58.00  20.00  41.05  58.00  64.00  41.05   0.00
21:16:36  85.1   0.0   0.9  13.9   0.0   26  35637   9051    0    0    0 103.76    0.00  30.59  24.30  48.87  59.05  59.00  20.00  41.05  59.00  60.00  41.05   0.00
21:16:37  96.1   0.0   0.7   3.3   0.0   29  11574   7468    0    0    0 100.79    0.00  29.78  23.56  47.46  60.05  60.00  20.00  41.05  60.00  60.00  41.05   0.00
21:16:38  85.1   0.0   0.8  14.1   0.0   36  30693   9313    0    0    0 101.78    0.00  30.16  23.90  47.72  59.05  59.00  20.00  41.05  60.00  60.00  41.05   0.00
21:16:39  96.4   0.0   0.6   2.9   0.0   28  11488   7968    0    0    0 101.08    0.00  29.84  23.58  47.66  59.05  59.00  20.00  41.05  59.00  60.00  41.05   0.00
21:16:40  95.8   0.0   1.0   3.2   0.0   36  14659   8183    0    0    0 100.85    0.00  29.79  23.45  47.61  59.05  59.00  20.00  41.05  59.00  60.00  41.05   0.00
21:16:41  96.6   0.0   0.7   2.7   0.0   28  11671   8005    0    0    0 100.87    0.00  29.78  23.49  47.60  59.05  59.00  20.00  41.05  59.00  60.00  41.05   0.00
21:16:42  95.7   0.0   0.5   3.9   0.0   27  13863   7805    0    0    0 101.17    0.00  29.84  23.46  47.87  59.05  59.00  20.00  40.05  60.00  60.00  41.05   0.00
21:16:43  94.6   0.0   1.0   4.3   0.0   28  12511   7800    0    0    0 100.83    0.00  29.73  23.32  47.79  61.05  61.00  20.00  40.05  61.00  60.00  41.05   0.00
21:16:44  94.6   0.0   1.1   4.3   0.0   28  10852   7276    0    0    0 100.47    0.00  29.62  23.25  47.60  58.05  58.00  20.00  40.05  58.00  60.00  41.05   0.00
21:16:45  96.0   0.0   0.3   3.6   0.0   27   9444   7297    0    0    0 101.24    0.00  29.76  23.24  48.25  59.05  59.00  20.00  40.05  59.00  60.00  41.05   0.00
21:16:46  95.5   0.0   0.7   3.7   0.0   28  10009   7275    0    0    0 100.66    0.00  29.70  23.35  47.61  62.05  62.00  20.00  40.05  62.00  61.00  41.05   0.00
21:16:47  94.8   0.0   1.1   4.1   0.0   20  13442   7837    0    0    0 101.66    0.00  29.97  23.60  48.10  62.05  62.00  20.00  41.05  62.00  61.00  41.05   0.00
21:16:48  85.3   0.0   0.7  14.0   0.0   22  14664  34295    0    0    0 100.14    0.00  29.60  23.26  47.28  61.05  61.00  20.00  41.05  61.00  61.00  41.05   0.00
21:16:49  18.7   0.0   0.1  81.1   0.0    6   7524   2419    0    0    0  68.35    0.00  18.49  12.43  37.43  64.05  64.00  20.00  41.05  64.00  61.00  42.05   0.00
21:16:50  17.8   0.0   0.1  82.1   0.0    5   6190   2099    0    0    4  67.20    0.00  18.12  12.25  36.83  63.05  63.00  20.00  41.05  62.00  63.00  42.05   0.00
21:16:51  14.0   0.0   0.2  85.8   0.0    3   4674   1683    0    0    0  61.08    0.00  16.70  10.84  33.54  62.05  62.00  20.00  41.05  62.00  63.00  42.05   0.00
21:16:52   7.2   0.0   0.5  92.3   0.0    2   4954   2640    7    4  113  39.49    0.00  11.02   6.63  21.83  54.05  54.00  20.00  41.05  54.00  62.00  42.05   0.00
-------- ----- ----- ----- ----- ----- ---- ------ ------ ---- ---- ---- ------  ------ ------ ------ ------ ------ ------ ------ ------ ------ ------ ------ ------
 Average  56.7   0.0   0.7  42.6   0.0 17.7 20552.5 8203.4  8.4  2.5  7.2  84.71    0.00  24.65  18.97  41.08  59.75  59.70  20.00  40.78  59.70  61.32  41.00   0.00
 GeoMean   0.0   0.0   0.0  20.9   0.0 12.2 11701.4 5226.5  0.0  0.0  0.0  69.34    0.00  19.99  13.11  34.83  59.62  59.57  20.00  40.78  59.57  61.26  40.99   0.00
  StdDev  37.0   0.0   0.4  37.1   0.0 11.4 19345.1 7620.5 18.6 12.0 21.0  28.59    0.00   8.63   7.35  12.81   3.88   3.88   0.00   0.44   3.93   2.83   0.52   0.00
-------- ----- ----- ----- ----- ----- ---- ------ ------ ---- ---- ---- ------  ------ ------ ------ ------ ------ ------ ------ ------ ------ ------ ------ ------
 Minimum   0.0   0.0   0.0   1.8   0.0  1.0  172.0   92.0  0.0  0.0  0.0   2.03    0.00   0.57   0.07   1.38  50.05  50.00  20.00  40.05  49.00  56.00  40.05   0.00
 Maximum  97.6   0.0   1.8 100.0   0.0 36.0 87670.0 37438.0 91.0 74.0 113.0 107.49    0.00  31.59  25.39  50.51  71.05  71.00  20.00  41.05  71.00  72.00  42.05   0.00
-------- ----- ----- ----- ----- ----- ---- ------ ------ ---- ---- ---- ------  ------ ------ ------ ------ ------ ------ ------ ------ ------ ------ ------ ------
Summary:
CPU:  84.71 Watts on average with standard deviation 28.59 
Note: power read from RAPL domains: uncore, pkg-0, core, psys.
These readings do not cover all the hardware in this device.

Histogram (of 37 power measurements)

  Range (Watts)   Count
  2.027 -  12.572     3 #####
 12.573 -  23.118     0 
 23.119 -  33.664     0 
 33.665 -  44.210     1 #
 44.211 -  54.756     0 
 54.757 -  65.302     1 #
 65.303 -  75.848     6 ##########
 75.849 -  86.394     2 ###
 86.395 -  96.940     0 
 96.941 - 107.486    24 ########################################

Histogram (of 37 CPU utilization measurements)

 Range (%CPU)   Count
 0.000 -  9.815     4 #############
 9.816 - 19.630     8 ##########################
19.631 - 29.446     2 ######
29.447 - 39.262     1 ###
39.263 - 49.077     0 
49.078 - 58.893     1 ###
58.894 - 68.709     2 ######
68.710 - 78.524     4 #############
78.525 - 88.340     3 ##########
88.341 - 98.156    12 ########################################

Histogram (of 37 thermal zone TCPU readings)

 Range (°C)    Count
50.050 - 52.149     3 #######
52.150 - 54.249     1 ##
54.250 - 56.349     0 
56.350 - 58.449     3 #######
58.450 - 60.549    17 ########################################
60.550 - 62.649     8 ##################
62.650 - 64.749     2 ####
64.750 - 66.849     2 ####
66.850 - 68.949     0 
68.950 - 71.049     1 ##

Histogram (of 37 thermal zone x86_pkg_temp readings)

 Range (°C)    Count
50.000 - 52.099     3 #######
52.100 - 54.199     1 ##
54.200 - 56.299     0 
56.300 - 58.399     3 #######
58.400 - 60.499    17 ########################################
60.500 - 62.599     8 ##################
62.600 - 64.699     2 ####
64.700 - 66.799     2 ####
66.800 - 68.899     0 
68.900 - 70.999     1 ##

Range is zero, cannot produce histogram of thermal zone INT3400 Thermal

Histogram (of 37 thermal zone SEN3 readings)

 Range (°C)    Count
40.050 - 40.149    10 ##############
40.150 - 40.249     0 
40.250 - 40.349     0 
40.350 - 40.449     0 
40.450 - 40.549     0 
40.550 - 40.649     0 
40.650 - 40.749     0 
40.750 - 40.849     0 
40.850 - 40.949     0 
40.950 - 41.049    27 ########################################

Histogram (of 37 thermal zone TCPU_PCI readings)

 Range (°C)    Count
49.000 - 51.199     3 ######
51.200 - 53.399     0 
53.400 - 55.599     1 ##
55.600 - 57.799     0 
57.800 - 59.999    19 ########################################
60.000 - 62.199    10 #####################
62.200 - 64.399     1 ##
64.400 - 66.599     2 ####
66.600 - 68.799     0 
68.800 - 70.999     1 ##

Histogram (of 37 thermal zone iwlwifi_1 readings)

 Range (°C)    Count
56.000 - 57.599     2 ####
57.600 - 59.199     0 
59.200 - 60.799    18 ########################################
60.800 - 62.399     8 #################
62.400 - 63.999     5 ###########
64.000 - 65.599     0 
65.600 - 67.199     3 ######
67.200 - 68.799     0 
68.800 - 70.399     0 
70.400 - 71.999     1 ##

Histogram (of 37 thermal zone acpitz readings)

 Range (°C)    Count
40.050 - 40.249     6 ########
40.250 - 40.449     0 
40.450 - 40.649     0 
40.650 - 40.849     0 
40.850 - 41.049    27 ########################################
41.050 - 41.249     0 
41.250 - 41.449     0 
41.450 - 41.649     0 
41.650 - 41.849     0 
41.850 - 42.049     4 #####

Range is zero, cannot produce histogram of thermal zone SEN2
