Running for 86400.0 seconds (86400 samples at 1.0 second intervals).
Power measurements will start in 0 seconds time.

  Time    User  Nice   Sys  Idle    IO  Run Ctxt/s  IRQ/s Fork Exec Exit  Watts  uncore  pkg-0   core   psys   TCPU x86_pk INT340   SEN3 TCPU_P iwlwif acpitz   SEN2
14:34:51   0.0   0.0   0.0 100.0   0.0    1    268    482    0    0    0   9.67    0.00   2.20   0.14   7.32  51.05  51.00  20.00  41.05  51.00  59.00  42.05   0.00
14:34:52   0.0   0.0   0.0 100.0   0.0    1    274    153    0    0    0   7.50    0.00   1.66   0.06   5.78  51.05  51.00  20.00  41.05  51.00  56.00  42.05   0.00
14:34:53   0.0   0.0   0.1  99.8   0.0    2    334    151   12    6    8   7.63    0.00   1.75   0.15   5.73  49.05  49.00  20.00  41.05  49.00  56.00  42.05   0.00
14:34:54  16.9   0.0   1.0  82.1   0.0    6  52649   6249   41    0    0  97.94    0.00  27.66  21.78  48.50  62.05  62.00  20.00  41.05  62.00  53.00  42.05   0.00
14:34:55  17.5   0.0   0.8  81.6   0.0    5  39585   4498    5    4    4  91.95    0.00  25.50  19.34  47.11  70.05  70.00  20.00  41.05  70.00  53.00  42.05   0.00
14:34:56  14.2   0.0   0.8  85.0   0.0    2  26910   4676   88    5   65  78.50    0.00  21.19  14.88  42.43  66.05  66.00  20.00  41.05  66.00  66.00  42.05   0.00
14:34:57  24.5   0.0   2.0  73.5   0.0    3  88917  16525   35    0    9 110.02    0.00  31.54  25.51  52.97  66.05  66.00  20.00  41.05  66.00  66.00  42.05   0.00
14:34:58  14.5   0.0   1.7  83.8   0.0    6  35953   9459   68   90   67  95.40    0.04  26.34  19.38  49.63  69.05  69.00  20.00  41.05  69.00  63.00  42.05   0.00
14:34:59  37.3   0.0   1.8  60.9   0.0   25  61773   9504   35    0    0 119.78    0.07  34.56  28.17  56.98  61.05  61.00  20.00  41.05  60.00  63.00  42.05   0.00
14:35:00  77.5   0.0   1.6  20.9   0.0   20  39175  14621    0    0    0 103.76    0.07  29.68  23.15  50.86  61.05  61.00  20.00  41.05  61.00  63.00  42.05   0.00
14:35:01  80.3   0.0   1.4  18.3   0.0   21  16840   7458    3    2    4 106.03    0.06  30.25  23.36  52.37  60.05  60.00  20.00  41.05  60.00  68.00  42.05   0.00
14:35:02  81.6   0.0   1.4  17.0   0.0   20  20684   7978    0    0    1 104.48    0.05  29.90  23.15  51.38  58.05  58.00  20.00  41.05  58.00  61.00  42.05   0.00
14:35:03  61.4   0.0   1.2  37.4   0.0   20  16694   6540    0    0    0 104.18    0.05  29.70  23.12  51.31  59.05  59.00  20.00  41.05  59.00  61.00  42.05   0.00
14:35:04  77.6   0.0   1.3  21.1   0.0   21  14940   7298    0    0    0 103.99    0.03  29.76  23.00  51.19  60.05  60.00  20.00  41.05  60.00  59.00  42.05   0.00
14:35:05  69.0   0.0   1.1  29.8   0.0    6  36851   9012    0    0    0 101.52    0.03  28.96  22.46  50.07  62.05  62.00  20.00  41.05  62.00  59.00  42.05   0.00
14:35:06  39.3   0.0   0.7  59.9   0.1    6  19674   5596    3    0    5 107.13    0.02  30.35  23.64  53.12  68.05  68.00  20.00  41.05  68.00  61.00  42.05   0.00
14:35:07  32.0   0.0   1.2  66.8   0.0   29  23787   5144    7    0    1 109.61    0.01  31.46  25.21  52.94  65.05  65.00  20.00  41.05  65.00  61.00  42.05   0.00
14:35:08  82.4   0.0   1.1  16.4   0.0   28  21446   9537   29    0   15 106.74    0.00  30.43  23.45  52.85  60.05  60.00  20.00  41.05  60.00  67.00  42.05   0.00
14:35:09  98.3   0.0   0.6   1.1   0.0   28   6348   7597    0    0    2 101.96    0.00  29.86  23.77  48.33  61.05  61.00  20.00  41.05  62.00  67.00  42.05   0.00
14:35:10  66.5   0.0   0.7  32.8   0.0   14  22449  50158    2    0    1 101.77    0.01  29.57  23.51  48.67  64.05  64.00  20.00  41.05  64.00  67.00  42.05   0.00
14:35:11  92.2   0.0   0.8   7.0   0.0   27  18583   7472    0    0    1 106.39    0.00  30.85  24.64  50.89  60.05  60.00  20.00  41.05  60.00  61.00  42.05   0.00
14:35:12  86.4   0.0   1.0  12.6   0.0   24  29349   9038    0    0    0 100.33    0.00  29.02  22.77  48.54  65.05  65.00  20.00  41.05  65.00  63.00  42.05   0.00
14:35:13  96.2   0.0   0.8   3.0   0.0   27  15652   9091    0    0    0 104.12    0.00  30.61  24.24  49.27  60.05  60.00  20.00  41.05  60.00  63.00  42.05   0.00
14:35:14  96.0   0.0   1.0   3.0   0.0   26  18483   9211    0    0    0 101.31    0.00  29.74  23.21  48.37  60.05  60.00  20.00  41.05  60.00  62.00  42.05   0.00
14:35:15  95.7   0.0   0.7   3.6   0.0   29  15986   8871    0    0    0 100.22    0.00  29.55  23.20  47.46  60.05  60.00  20.00  41.05  61.00  62.00  43.05   0.00
14:35:16  94.8   0.0   1.1   4.1   0.0   30  13621   8156    0    0    1 100.95    0.00  29.62  23.06  48.27  60.05  60.00  20.00  41.05  60.00  61.00  43.05   0.00
14:35:17  95.3   0.0   0.7   4.0   0.0   18  12215   7801    0    0    0 100.44    0.00  29.60  23.23  47.60  61.05  61.00  20.00  41.05  61.00  61.00  43.05   0.00
14:35:18  91.9   0.0   0.6   7.4   0.0   26  12445   7560    0    0    3 100.96    0.00  29.81  23.46  47.69  62.05  62.00  20.00  41.05  62.00  61.00  43.05   0.00
14:35:19  93.8   0.0   0.9   5.3   0.0   18  13018   7908    0    0    0 100.94    0.00  29.72  23.25  47.97  61.05  62.00  20.00  41.05  62.00  61.00  43.05   0.00
14:35:20  82.2   0.0   1.0  16.8   0.0   30  18036  30634    0    0    0 101.79    0.00  29.95  23.35  48.50  62.05  62.00  20.00  41.05  62.00  61.00  43.05   0.00
14:35:21  95.3   0.0   1.0   3.7   0.0   33  17173   8064    0    0    0 101.78    0.00  29.86  23.24  48.69  61.05  61.00  20.00  41.05  61.00  62.00  43.05   0.00
14:35:22  96.2   0.0   0.4   3.3   0.0   25  10646   7444    0    0    0 101.72    0.00  29.95  23.50  48.26  62.05  61.00  20.00  41.05  61.00  62.00  43.05   0.00
14:35:23  95.0   0.0   1.1   3.9   0.0   27   8078   7466    0    0    0 103.32    0.00  30.31  23.64  49.37  62.05  61.00  20.00  41.05  61.00  62.00  43.05   0.00
14:35:24  96.1   0.0   0.6   3.4   0.0    5   8169   7298    0    0    3 103.70    0.00  30.56  24.07  49.07  62.05  62.00  20.00  41.05  62.00  63.00  43.05   0.00
14:35:25  96.4   0.0   0.5   3.2   0.0   26   9192   7581    1    0    1 105.39    0.00  30.98  24.24  50.16  62.05  62.00  20.00  41.05  62.00  63.00  43.05   0.00
14:35:26  94.4   0.0   0.8   4.8   0.0   28   7346   7526    0    0    0 103.19    0.00  30.39  23.85  48.95  62.05  62.00  20.00  41.05  62.00  63.00  43.05   0.00
14:35:27  75.7   0.0   0.5  23.8   0.0   29  14089  20035    0    0    3  96.44    0.00  28.35  21.81  46.28  62.05  62.00  20.00  41.05  62.00  63.00  43.05   0.00
14:35:28  93.3   0.0   1.7   5.1   0.0   24  54020  10461    0    0    0 102.88    0.00  30.26  23.78  48.84  62.05  62.00  20.00  41.05  62.00  62.00  43.05   0.00
14:35:29  95.8   0.0   0.9   3.2   0.0   26   6005   7618    0    0    0 106.04    0.00  31.27  24.68  50.08  63.05  63.00  20.00  41.05  62.00  62.00  43.05   0.00
14:35:30  96.9   0.0   0.4   2.7   0.0   27   4283   7035    0    0    0 101.79    0.00  29.95  23.47  48.37  65.05  63.00  20.00  41.05  63.00  62.00  43.05   0.00
14:35:31  96.9   0.0   0.3   2.8   0.0   28   5506   7332    0    0    0 101.33    0.00  29.73  23.18  48.43  61.05  61.00  20.00  41.05  62.00  63.00  43.05   0.00
14:35:32  46.2   0.0   0.1  53.7   0.0    5   6562   4343    0    0    0  82.35    0.00  23.80  17.64  40.91  72.05  72.00  20.00  41.05  72.00  63.00  43.05   0.00
14:35:33  16.6   0.0   0.0  83.3   0.0    4   1654   1501    0    0    1  79.63    0.00  22.72  16.99  39.91  67.05  67.00  20.00  42.05  67.00  63.00  43.05   0.00
14:35:34  13.2   0.0   0.1  86.7   0.0    4   3342   1519    0    0    0  74.60    0.00  21.51  15.94  37.15  67.05  67.00  20.00  42.05  67.00  71.00  43.05   0.00
14:35:35  12.1   0.0   0.2  87.7   0.0    3   3798   1556    1    0    0  72.38    0.00  20.69  15.20  36.49  69.05  70.00  20.00  42.05  70.00  71.00  43.05   0.00
14:35:36   4.3   0.0   0.0  95.6   0.0    2    444    646    0    0    0  37.49    0.00  10.62   5.56  21.32  55.05  55.00  20.00  42.05  56.00  70.00  43.05   0.00
14:35:37   6.6   0.0   0.1  93.2   0.0    2    491    755    0    0    0  43.30    0.00  12.33   6.99  23.98  58.05  58.00  20.00  42.05  58.00  70.00  43.05   0.00
14:35:38   4.2   0.0   0.0  95.8   0.0    2    629    594    0    0    0  35.82    0.00  10.15   5.11  20.56  55.05  55.00  20.00  42.05  55.00  56.00  43.05   0.00
14:35:39   5.9   0.0   0.2  93.9   0.0    2    724   1241    1    0    4  46.21    0.00  13.23   8.11  24.87  54.05  55.00  20.00  42.05  55.00  56.00  43.05   0.00
14:35:40   9.0   0.0   0.2  90.8   0.0    3   1707   1539    4    0    1  53.63    0.00  14.89   9.58  29.16  69.05  69.00  20.00  42.05  69.00  56.00  43.05   0.00
14:35:41  32.8   0.0   0.5  66.7   0.0    2   3070  30329    0    0    4  75.59    0.00  22.43  16.71  36.45  55.05  55.00  20.00  42.05  55.00  63.00  43.05   0.00
14:35:42   5.8   0.0   0.0  94.2   0.0    2    401    746    0    0    0  37.04    0.00  11.09   5.96  19.99  54.05  54.00  20.00  42.05  54.00  65.00  43.05   0.00
14:35:43   4.3   0.0   0.0  95.7   0.0    2    391    637    0    0    0  33.40    0.00   9.96   4.95  18.48  55.05  55.00  20.00  42.05  55.00  65.00  43.05   0.00
14:35:44   4.5   0.0   0.0  95.5   0.0    2    354    633    0    0    0  35.15    0.00  10.38   5.17  19.60  55.05  55.00  20.00  42.05  55.00  55.00  43.05   0.00
14:35:45   6.0   0.0   0.1  94.0   0.0    3    967   1132    5    0    0  37.82    0.00  11.08   5.99  20.75  57.05  57.00  20.00  42.05  57.00  55.00  44.05   0.00
14:35:46   6.6   0.0   0.8  92.6   0.0    1   3131   2494    6    4   47  39.88    0.00  11.47   6.76  21.65  55.05  55.00  20.00  42.05  55.00  55.00  44.05   0.00
-------- ----- ----- ----- ----- ----- ---- ------ ------ ---- ---- ---- ------  ------ ------ ------ ------ ------ ------ ------ ------ ------ ------ ------ ------
 Average  54.0   0.0   0.7  45.3   0.0 14.9 15805.6 7784.0  6.2  2.0  4.5  83.91    0.01  24.26  18.35  41.28  61.03  60.96  20.00  41.30  61.00  61.89  42.66   0.00
 GeoMean   0.0   0.0   0.0  22.1   0.0  8.9 6850.5 4434.8  0.0  0.0  0.0  73.47    0.00  20.97  13.33  37.38  60.83  60.77  20.00  41.30  60.80  61.75  42.65   0.00
  StdDev  38.7   0.0   0.5  38.9   0.0 11.5 17505.6 8365.0 16.6 11.9 13.6  30.29    0.02   8.89   7.90  13.59   4.89   4.88   0.00   0.43   4.86   4.20   0.56   0.00
-------- ----- ----- ----- ----- ----- ---- ------ ------ ---- ---- ---- ------  ------ ------ ------ ------ ------ ------ ------ ------ ------ ------ ------ ------
 Minimum   0.0   0.0   0.0   1.1   0.0  1.0  268.0  151.0  0.0  0.0  0.0   7.50    0.00   1.66   0.06   5.73  49.05  49.00  20.00  41.05  49.00  53.00  42.05   0.00
 Maximum  98.3   0.0   2.0 100.0   0.1 33.0 88917.0 50158.0 88.0 90.0 67.0 119.78    0.07  34.56  28.17  56.98  72.05  72.00  20.00  42.05  72.00  71.00  44.05   0.00
-------- ----- ----- ----- ----- ----- ---- ------ ------ ---- ---- ---- ------  ------ ------ ------ ------ ------ ------ ------ ------ ------ ------ ------ ------
Summary:
CPU:  83.91 Watts on average with standard deviation 30.29 
Note: power read from RAPL domains: uncore, pkg-0, core, psys.
These readings do not cover all the hardware in this device.

Histogram (of 56 power measurements)

  Range (Watts)   Count
  7.501 -  18.728     3 ###
 18.729 -  29.955     0 
 29.956 -  41.183     7 #########
 41.184 -  52.410     2 ##
 52.411 -  63.638     1 #
 63.639 -  74.866     2 ##
 74.867 -  86.093     4 #####
 86.094 -  97.321     3 ###
 97.322 - 108.548    31 ########################################
108.549 - 119.776     3 ###

Histogram (of 56 CPU utilization measurements)

 Range (%CPU)   Count
 0.000 -  9.891    13 ###########################
 9.892 - 19.782     7 ##############
19.783 - 29.674     1 ##
29.675 - 39.566     3 ######
39.567 - 49.457     2 ####
49.458 - 59.349     0 
59.350 - 69.240     2 ####
69.241 - 79.132     4 ########
79.133 - 89.024     5 ##########
89.025 - 98.915    19 ########################################

Histogram (of 56 thermal zone TCPU readings)

 Range (°C)    Count
49.050 - 51.349     3 ######
51.350 - 53.649     0 
53.650 - 55.949     8 #################
55.950 - 58.249     3 ######
58.250 - 60.549     9 ####################
60.550 - 62.849    18 ########################################
62.850 - 65.149     5 ###########
65.150 - 67.449     4 ########
67.450 - 69.749     4 ########
69.750 - 72.049     2 ####

Histogram (of 56 thermal zone x86_pkg_temp readings)

 Range (°C)    Count
49.000 - 51.299     3 ######
51.300 - 53.599     0 
53.600 - 55.899     8 #################
55.900 - 58.199     3 ######
58.200 - 60.499     9 ####################
60.500 - 62.799    18 ########################################
62.800 - 65.099     5 ###########
65.100 - 67.399     4 ########
67.400 - 69.699     3 ######
69.700 - 71.999     3 ######

Range is zero, cannot produce histogram of thermal zone INT3400 Thermal

Histogram (of 56 thermal zone SEN3 readings)

 Range (°C)    Count
41.050 - 41.149    42 ########################################
41.150 - 41.249     0 
41.250 - 41.349     0 
41.350 - 41.449     0 
41.450 - 41.549     0 
41.550 - 41.649     0 
41.650 - 41.749     0 
41.750 - 41.849     0 
41.850 - 41.949     0 
41.950 - 42.049    14 #############

Histogram (of 56 thermal zone TCPU_PCI readings)

 Range (°C)    Count
49.000 - 51.299     3 ######
51.300 - 53.599     0 
53.600 - 55.899     7 ##############
55.900 - 58.199     4 ########
58.200 - 60.499     9 ##################
60.500 - 62.799    19 ########################################
62.800 - 65.099     4 ########
65.100 - 67.399     4 ########
67.400 - 69.699     3 ######
69.700 - 71.999     3 ######

Histogram (of 56 thermal zone iwlwifi_1 readings)

 Range (°C)    Count
53.000 - 54.799     2 ####
54.800 - 56.599     8 #################
56.600 - 58.399     0 
58.400 - 60.199     3 ######
60.200 - 61.999    18 ########################################
62.000 - 63.799    13 ############################
63.800 - 65.599     2 ####
65.600 - 67.399     5 ###########
67.400 - 69.199     1 ##
69.200 - 70.999     4 ########

Histogram (of 56 thermal zone acpitz readings)

 Range (°C)    Count
42.050 - 42.249    24 ################################
42.250 - 42.449     0 
42.450 - 42.649     0 
42.650 - 42.849     0 
42.850 - 43.049    30 ########################################
43.050 - 43.249     0 
43.250 - 43.449     0 
43.450 - 43.649     0 
43.650 - 43.849     0 
43.850 - 44.049     2 ##

Range is zero, cannot produce histogram of thermal zone SEN2
