Running for 86400.0 seconds (86400 samples at 1.0 second intervals).
Power measurements will start in 0 seconds time.

  Time    User  Nice   Sys  Idle    IO  Run Ctxt/s  IRQ/s Fork Exec Exit  Watts  uncore  pkg-0   core   psys   TCPU x86_pk INT340   SEN3 TCPU_P iwlwif acpitz   SEN2
14:35:47   0.0   0.0   0.0 100.0   0.0    1    220    319    0    0    0   4.85    0.00   1.30   0.18   3.37  54.05  54.00  20.00  42.05  54.00  55.00  44.05   0.00
14:35:48   0.6   0.0   0.3  99.1   0.0    2   3114   1300   20    2    2  14.30    0.01   3.75   1.22   9.32  54.05  54.00  20.00  42.05  54.00  57.00  44.05   0.00
14:35:49   0.3   0.0   0.2  99.6   0.0    2    736    306    6    3    6  13.81    0.05   3.27   0.33  10.16  54.05  54.00  20.00  42.05  53.00  57.00  44.05   0.00
14:35:50   4.5   0.0   0.3  95.2   0.0    2   2146    818   11    0    0  43.31    0.00  11.86   6.40  25.04  60.05  60.00  20.00  42.05  60.00  57.00  43.05   0.00
14:35:51   8.6   0.1   0.9  90.3   0.1    6  13662   2900   70    5   34  65.32    0.04  17.64  11.32  36.32  68.05  68.00  20.00  42.05  68.00  55.00  43.05   0.00
14:35:52   6.6   0.0   0.4  93.0   0.0    2   5563   1430    0    0    9  48.91    0.11  13.04   7.28  28.48  61.05  61.00  20.00  42.05  60.00  61.00  43.05   0.00
14:35:53   4.5   0.0   0.1  95.4   0.0    3   3356   1508    0    0    0  43.11    0.00  11.63   6.07  25.40  60.05  60.00  20.00  42.05  60.00  61.00  43.05   0.00
14:35:54   7.3   0.0   0.7  91.8   0.1    3   7220   3357   42    1    6  55.16    0.29  14.29   7.91  32.67  60.05  60.00  20.00  42.05  60.00  60.00  43.05   0.00
14:35:55   4.8   0.0   0.3  94.9   0.0    2   5753   2551    0    0   10  45.80    0.18  11.95   6.24  27.43  60.05  60.00  20.00  42.05  60.00  60.00  44.05   0.00
14:35:56   4.6   0.0   0.2  95.2   0.0    2   3973   1656    1    0    0  43.41    0.01  11.70   6.15  25.55  62.05  62.00  20.00  42.05  62.00  61.00  44.05   0.00
14:35:57   4.9   0.0   0.3  94.9   0.0    2   5336   2329    0    0    1  45.88    0.03  12.17   6.64  27.05  60.05  60.00  20.00  42.05  60.00  61.00  44.05   0.00
14:35:58   4.3   0.0   0.2  95.5   0.0    2   3401   1552    0    0    0  43.26    0.00  11.65   6.13  25.48  59.05  59.00  20.00  42.05  59.00  61.00  44.05   0.00
14:35:59   4.9   0.0   0.2  94.9   0.0    2   3427   1843    4    1    4  44.99    0.02  12.09   6.53  26.34  60.05  60.00  20.00  42.05  60.00  61.00  44.05   0.00
14:36:00   4.3   0.0   0.1  95.6   0.0    2   2334   1282    0    0    0  43.60    0.00  11.73   6.04  25.83  60.05  60.00  20.00  42.05  59.00  61.00  44.05   0.00
14:36:01   4.4   0.0   0.1  95.4   0.1    2   2501   1296    1    0    1  44.06    0.01  11.82   6.14  26.08  59.05  59.00  20.00  42.05  59.00  61.00  44.05   0.00
14:36:02   4.4   0.0   0.2  95.3   0.0    4   2898   1778    5    0   11  44.20    0.00  11.87   6.14  26.18  59.05  59.00  20.00  42.05  59.00  60.00  44.05   0.00
14:36:03   4.3   0.0   0.1  95.6   0.0    2   2107   1134    1    0    1  42.33    0.00  11.52   6.05  24.75  59.05  59.00  20.00  42.05  59.00  60.00  44.05   0.00
14:36:04   4.3   0.0   0.2  95.6   0.0    2   2653   1199    0    0    2  42.52    0.00  11.52   6.06  24.95  62.05  62.00  20.00  42.05  60.00  60.00  44.05   0.00
14:36:05   4.8   0.0   0.5  94.7   0.0    2   5906   2494    1    0    0  45.94    0.05  12.09   6.56  27.24  60.05  60.00  20.00  42.05  60.00  60.00  44.05   0.00
14:36:06   4.8   0.0   0.3  94.9   0.0    2   4880   2267    1    0    2  46.72    0.11  12.31   6.49  27.80  62.05  62.00  20.00  42.05  62.00  60.00  44.05   0.00
14:36:07   4.2   0.0   0.1  95.7   0.0    2   1782    969    0    0    1  42.95    0.01  11.61   5.99  25.34  59.05  59.00  20.00  42.05  59.00  60.00  44.05   0.00
14:36:08   4.3   0.0   0.1  95.7   0.0    2   2300   1121    0    0    0  42.35    0.00  11.51   6.02  24.82  58.05  58.00  20.00  42.05  58.00  60.00  44.05   0.00
14:36:09   4.4   0.0   0.4  95.2   0.0    2   4843   2063    0    0    1  44.90    0.01  11.92   6.42  26.55  59.05  59.00  20.00  42.05  59.00  60.00  44.05   0.00
14:36:10   4.8   0.0   0.3  94.9   0.0    2   4128   1865    0    0    3  46.91    0.13  12.48   6.85  27.45  60.05  60.00  20.00  42.05  60.00  60.00  44.05   0.00
14:36:11   4.2   0.0   0.0  95.8   0.0    2    648    591    0    0    0  41.26    0.00  11.31   5.88  24.06  59.05  59.00  20.00  42.05  59.00  60.00  44.05   0.00
14:36:12   4.1   0.0   0.0  95.8   0.0    2   1127    999    0    0    0  42.95    0.00  11.61   5.93  25.41  58.05  58.00  20.00  42.05  58.00  59.00  44.05   0.00
14:36:13   4.2   0.0   0.0  95.8   0.0    2    601    557    1    0    0  41.29    0.00  11.33   5.88  24.08  60.05  60.00  20.00  42.05  60.00  59.00  44.05   0.00
14:36:14   4.1   0.0   0.0  95.8   0.0    2    517    533    0    0    0  41.17    0.00  11.30   5.87  24.00  60.05  60.00  20.00  42.05  60.00  60.00  44.05   0.00
14:36:15   4.1   0.0   0.0  95.8   0.0    2    622    519    0    0    0  41.19    0.00  11.30   5.88  24.02  58.05  58.00  20.00  42.05  58.00  60.00  44.05   0.00
14:36:16   4.2   0.0   0.0  95.8   0.0    2    504    509    0    0    0  41.38    0.00  11.33   5.88  24.18  58.05  58.00  20.00  42.05  58.00  60.00  44.05   0.00
14:36:17   4.1   0.0   0.0  95.9   0.0    2    585    528    0    0    2  42.00    0.00  11.44   5.88  24.68  60.05  60.00  20.00  42.05  60.00  60.00  44.05   0.00
14:36:18   4.2   0.0   0.0  95.8   0.0    2    534    541    0    0    0  41.16    0.00  11.29   5.87  24.00  58.05  58.00  20.00  42.05  58.00  60.00  44.05   0.00
14:36:19   4.2   0.0   0.0  95.7   0.0    2    814    642    2    0    8  41.50    0.00  11.35   5.94  24.20  60.05  60.00  20.00  42.05  60.00  60.00  44.05   0.00
14:36:20   4.2   0.0   0.0  95.8   0.0    2    655    555    0    0    0  41.21    0.00  11.31   5.89  24.01  58.05  58.00  20.00  42.05  58.00  60.00  44.05   0.00
14:36:21   4.2   0.0   0.0  95.8   0.0    2    557    558    0    0    0  41.17    0.00  11.30   5.88  23.99  58.05  58.00  20.00  42.05  58.00  60.00  44.05   0.00
14:36:22   4.2   0.0   0.1  95.7   0.0    2   1134   1058    3    0   31  41.57    0.00  11.39   5.96  24.22  58.05  58.00  20.00  42.05  58.00  60.00  44.05   0.00
14:36:23   4.2   0.0   0.0  95.8   0.0    2    585    571    0    0    0  41.22    0.00  11.30   5.89  24.03  60.05  60.00  20.00  42.05  60.00  60.00  44.05   0.00
14:36:24   4.2   0.0   0.0  95.8   0.0    2    815    686    3    0    3  42.31    0.00  11.51   5.90  24.90  58.05  58.00  20.00  42.05  58.00  60.00  44.05   0.00
14:36:25   4.2   0.0   0.0  95.8   0.0    2    526    535    0    0    0  41.12    0.00  11.29   5.88  23.95  60.05  60.00  20.00  42.05  58.00  60.00  44.05   0.00
14:36:26   4.1   0.0   0.0  95.9   0.0    2    496    553    0    0    0  41.11    0.00  11.29   5.87  23.95  58.05  58.00  20.00  42.05  60.00  60.00  44.05   0.00
14:36:27   4.2   0.0   0.0  95.8   0.0    2    579    553    0    0    0  41.13    0.00  11.28   5.87  23.99  58.05  60.00  20.00  42.05  60.00  60.00  44.05   0.00
14:36:28   4.1   0.0   0.0  95.9   0.0    2    462    528    0    0    0  41.04    0.00  11.27   5.86  23.91  60.05  60.00  20.00  42.05  58.00  60.00  44.05   0.00
14:36:29   4.3   0.0   0.0  95.7   0.0    2    647    545    0    0    0  41.31    0.00  11.32   5.91  24.08  58.05  58.00  20.00  42.05  60.00  59.00  44.05   0.00
14:36:30   4.1   0.0   0.0  95.9   0.0    2    515    572    0    0    0  42.16    0.00  11.48   5.87  24.81  60.05  60.00  20.00  42.05  60.00  59.00  44.05   0.00
14:36:31   4.2   0.0   0.0  95.8   0.0    2    595    559    0    0    0  41.15    0.00  11.28   5.88  23.99  57.05  57.00  20.00  42.05  57.00  59.00  44.05   0.00
14:36:32   4.2   0.0   0.0  95.8   0.0    2    492    585    0    0    0  42.10    0.00  11.47   5.86  24.77  58.05  58.00  20.00  42.05  58.00  60.00  44.05   0.00
14:36:33   4.1   0.0   0.0  95.9   0.0    2    470    520    0    0    0  41.07    0.00  11.27   5.87  23.93  60.05  60.00  20.00  42.05  60.00  60.00  44.05   0.00
14:36:34   4.1   0.0   0.0  95.8   0.1    2    550    586    0    0    0  42.19    0.00  11.48   5.88  24.84  58.05  58.00  20.00  42.05  58.00  60.00  44.05   0.00
14:36:35   4.2   0.0   0.0  95.8   0.0    2    518    549    0    0    0  41.06    0.00  11.28   5.87  23.91  60.05  60.00  20.00  42.05  60.00  60.00  44.05   0.00
14:36:36   4.2   0.0   0.0  95.8   0.0    2    478    532    0    0    0  41.11    0.00  11.28   5.87  23.96  58.05  58.00  20.00  42.05  58.00  60.00  44.05   0.00
14:36:37   4.2   0.0   0.0  95.7   0.1    2    563    548    0    0    2  42.25    0.00  11.49   5.87  24.90  58.05  58.00  20.00  42.05  58.00  60.00  44.05   0.00
14:36:38   4.1   0.0   0.0  95.8   0.0    2    772    546    0    0    0  41.13    0.00  11.28   5.89  23.97  58.05  58.00  20.00  42.05  60.00  60.00  44.05   0.00
14:36:39   4.1   0.0   0.0  95.9   0.0    2    550    528    0    0    0  41.10    0.00  11.27   5.87  23.95  58.05  58.00  20.00  42.05  58.00  59.00  44.05   0.00
14:36:40   4.2   0.0   0.0  95.8   0.0    2    487    567    0    0    0  41.00    0.00  11.25   5.86  23.89  58.05  58.00  20.00  42.05  58.00  59.00  44.05   0.00
14:36:41   4.2   0.0   0.0  95.8   0.0    2    482    545    0    0    0  41.05    0.00  11.27   5.87  23.91  60.05  60.00  20.00  42.05  60.00  59.00  43.05   0.00
14:36:42   4.1   0.0   0.0  95.9   0.0    2    532    541    0    0    0  41.02    0.00  11.27   5.87  23.88  60.05  60.00  20.00  42.05  60.00  59.00  43.05   0.00
14:36:43   4.2   0.0   0.0  95.8   0.0    2    494    548    0    0    0  41.01    0.00  11.28   5.86  23.86  58.05  58.00  20.00  42.05  58.00  59.00  43.05   0.00
14:36:44   4.1   0.0   0.0  95.8   0.0    2    500    514    0    0    0  40.92    0.00  11.24   5.86  23.82  60.05  58.00  20.00  42.05  58.00  59.00  43.05   0.00
14:36:45   4.2   0.0   0.0  95.8   0.0    2    460    524    0    0    0  40.95    0.00  11.27   5.86  23.82  58.05  58.00  20.00  42.05  58.00  59.00  43.05   0.00
14:36:46   4.2   0.0   0.0  95.8   0.0    2    474    540    0    0    0  40.90    0.00  11.25   5.86  23.79  58.05  58.00  20.00  42.05  58.00  59.00  43.05   0.00
14:36:47   4.1   0.0   0.0  95.9   0.0    2    578    571    0    0    0  42.00    0.00  11.45   5.86  24.68  58.05  58.00  20.00  42.05  58.00  59.00  43.05   0.00
14:36:48   4.1   0.0   0.0  95.9   0.0    2    468    522    0    0    0  40.97    0.00  11.26   5.86  23.85  58.05  58.00  20.00  42.05  58.00  59.00  43.05   0.00
14:36:49   4.2   0.0   0.0  95.8   0.0    2    464    530    0    0    0  40.97    0.00  11.27   5.87  23.83  58.05  60.00  20.00  42.05  60.00  59.00  43.05   0.00
14:36:50   4.1   0.0   0.0  95.9   0.0    2    526    543    0    0    0  40.98    0.00  11.26   5.87  23.85  60.05  60.00  20.00  42.05  60.00  59.00  43.05   0.00
14:36:51   4.2   0.0   0.0  95.8   0.0    2    517    555    0    0    0  40.97    0.00  11.28   5.86  23.83  58.05  58.00  20.00  42.05  58.00  59.00  43.05   0.00
14:36:52   4.2   0.0   0.0  95.8   0.0    2    544    536    0    0    0  40.97    0.00  11.26   5.86  23.85  60.05  60.00  20.00  42.05  60.00  59.00  43.05   0.00
14:36:53   4.2   0.0   0.0  95.8   0.0    2    482    546    0    0    0  42.00    0.00  11.46   5.86  24.68  58.05  58.00  20.00  42.05  58.00  59.00  43.05   0.00
14:36:54   4.2   0.0   0.0  95.8   0.0    2    520    583    0    0    0  41.12    0.00  11.30   5.89  23.92  58.05  58.00  20.00  42.05  58.00  59.00  43.05   0.00
14:36:55   4.1   0.0   0.0  95.8   0.0    2    570    547    0    0    0  40.95    0.00  11.26   5.86  23.84  58.05  58.00  20.00  42.05  58.00  59.00  43.05   0.00
14:36:56   4.1   0.0   0.0  95.9   0.0    2    468    526    0    0    0  41.03    0.00  11.27   5.87  23.89  58.05  58.00  20.00  42.05  58.00  59.00  44.05   0.00
14:36:57   4.2   0.0   0.0  95.8   0.0    2    464    534    0    0    0  40.98    0.00  11.27   5.86  23.85  58.05  58.00  20.00  42.05  58.00  59.00  44.05   0.00
14:36:58   4.2   0.0   0.0  95.8   0.0    2    526    543    0    0    0  40.99    0.00  11.26   5.87  23.85  58.05  58.00  20.00  42.05  58.00  59.00  44.05   0.00
14:36:59   4.1   0.0   0.0  95.9   0.0    2    503    580    0    0    0  41.04    0.00  11.29   5.86  23.88  57.05  57.00  20.00  42.05  57.00  59.00  44.05   0.00
14:37:00   4.1   0.0   0.0  95.8   0.0    2    552    530    0    0    0  41.02    0.00  11.27   5.86  23.88  58.05  58.00  20.00  42.05  58.00  59.00  44.05   0.00
14:37:01   4.1   0.0   0.0  95.8   0.0    2    510    541    0    0    0  40.99    0.00  11.26   5.86  23.87  60.05  60.00  20.00  42.05  58.00  59.00  44.05   0.00
14:37:02   4.2   0.0   0.0  95.8   0.0    2    519    556    0    0    0  40.98    0.00  11.27   5.87  23.84  58.05  58.00  20.00  42.05  58.00  59.00  44.05   0.00
14:37:03   4.1   0.0   0.0  95.9   0.0    2    561    547    0    0    0  40.96    0.00  11.26   5.86  23.84  58.05  58.00  20.00  42.05  58.00  59.00  44.05   0.00
14:37:04   4.2   0.0   0.0  95.8   0.0    2    454    533    0    0    0  41.00    0.00  11.27   5.87  23.86  58.05  58.00  20.00  42.05  58.00  59.00  44.05   0.00
14:37:05   4.1   0.0   0.0  95.8   0.0    2    557    553    0    0    0  42.02    0.00  11.46   5.86  24.70  56.05  56.00  20.00  42.05  56.00  59.00  44.05   0.00
14:37:06   4.1   0.0   0.0  95.9   0.0    2    470    543    0    0    0  40.93    0.00  11.26   5.86  23.81  58.05  58.00  20.00  42.05  58.00  59.00  43.05   0.00
14:37:07   4.1   0.0   0.0  95.9   0.0    2    520    548    0    0    0  41.01    0.00  11.28   5.86  23.87  60.05  60.00  20.00  42.05  58.00  59.00  43.05   0.00
14:37:08   4.1   0.0   0.0  95.8   0.0    2    830    521    0    0    0  42.17    0.00  11.49   5.89  24.79  58.05  58.00  20.00  42.05  58.00  59.00  43.05   0.00
14:37:09   4.2   0.0   0.0  95.8   0.0    2    458    522    0    0    0  40.98    0.00  11.27   5.86  23.85  58.05  58.00  20.00  42.05  58.00  59.00  43.05   0.00
14:37:10   4.2   0.0   0.0  95.8   0.0    2    526    555    0    0    0  41.05    0.00  11.28   5.89  23.88  57.05  57.00  20.00  42.05  57.00  59.00  43.05   0.00
14:37:11   4.2   0.0   0.0  95.8   0.0    2    602    561    0    0    0  40.98    0.00  11.28   5.86  23.84  58.05  58.00  20.00  42.05  57.00  59.00  43.05   0.00
14:37:12   4.1   0.0   0.0  95.8   0.0    2    480    541    0    0    0  40.95    0.00  11.26   5.86  23.83  58.05  58.00  20.00  42.05  58.00  59.00  43.05   0.00
14:37:13   4.2   0.0   0.0  95.8   0.0    2    514    531    0    0    0  41.02    0.00  11.28   5.86  23.88  58.05  58.00  20.00  42.05  58.00  59.00  43.05   0.00
14:37:14   4.2   0.0   0.0  95.8   0.0    2    468    547    0    0    0  41.98    0.00  11.46   5.86  24.66  58.05  58.00  20.00  42.05  57.00  59.00  43.05   0.00
14:37:15   4.2   0.0   0.0  95.8   0.0    2    488    432    0    0    0  41.03    0.00  11.30   5.87  23.85  58.05  58.00  20.00  42.05  58.00  59.00  43.05   0.00
14:37:16   4.1   0.0   0.0  95.9   0.0    2    528    533    0    0    0  40.99    0.00  11.26   5.87  23.86  57.05  57.00  20.00  42.05  58.00  59.00  43.05   0.00
14:37:17   4.1   0.0   0.0  95.9   0.0    2    460    546    0    0    0  40.93    0.00  11.27   5.86  23.80  58.05  58.00  20.00  42.05  58.00  59.00  43.05   0.00
14:37:18   4.2   0.0   0.0  95.8   0.0    2    472    534    0    0    0  40.96    0.00  11.26   5.86  23.84  58.05  58.00  20.00  42.05  58.00  59.00  43.05   0.00
14:37:19   4.2   0.0   0.0  95.8   0.0    2    548    555    0    0    0  40.94    0.00  11.26   5.86  23.81  58.05  58.00  20.00  42.05  58.00  59.00  43.05   0.00
14:37:20   4.2   0.0   0.0  95.8   0.0    2    469    529    0    0    0  40.97    0.00  11.26   5.87  23.84  58.05  58.00  20.00  42.05  58.00  59.00  43.05   0.00
14:37:21   4.2   0.0   0.0  95.8   0.0    2    544    547    0    0    0  40.94    0.00  11.27   5.86  23.82  58.05  58.00  20.00  42.05  58.00  59.00  43.05   0.00
14:37:22   4.2   0.0   0.0  95.8   0.0    2    506    577    0    0    0  41.03    0.00  11.28   5.87  23.88  58.05  58.00  20.00  42.05  58.00  59.00  43.05   0.00
14:37:23   4.1   0.0   0.0  95.9   0.0    2    497    544    0    0    0  40.93    0.00  11.26   5.86  23.81  58.05  58.00  20.00  42.05  58.00  59.00  43.05   0.00
14:37:24   4.2   0.0   0.0  95.8   0.0    2    522    547    0    0    0  40.99    0.00  11.28   5.87  23.85  58.05  58.00  20.00  42.05  58.00  59.00  43.05   0.00
14:37:25   4.1   0.0   0.0  95.9   0.0    2    458    529    0    0    0  40.95    0.00  11.27   5.87  23.82  58.05  58.00  20.00  42.05  58.00  59.00  43.05   0.00
14:37:26   4.2   0.0   0.0  95.8   0.0    2    526    543    0    0    0  40.96    0.00  11.26   5.86  23.83  57.05  57.00  20.00  42.05  58.00  59.00  43.05   0.00
14:37:27   4.1   0.0   0.0  95.9   0.0    2    504    563    0    0    0  41.01    0.00  11.28   5.86  23.86  58.05  58.00  20.00  42.05  58.00  59.00  43.05   0.00
14:37:28   4.2   0.0   0.0  95.8   0.0    2    478    531    0    0    0  41.01    0.00  11.28   5.87  23.86  58.05  58.00  20.00  42.05  58.00  59.00  43.05   0.00
14:37:29   4.1   0.0   0.0  95.8   0.0    2    512    486    0    0    0  42.01    0.00  11.45   5.87  24.69  58.05  58.00  20.00  42.05  58.00  59.00  43.05   0.00
14:37:30   4.2   0.0   0.0  95.8   0.0    2    478    531    0    0    0  42.03    0.00  11.45   5.87  24.70  57.05  57.00  20.00  42.05  57.00  59.00  43.05   0.00
14:37:31   4.1   0.0   0.0  95.9   0.0    2    536    568    0    0    0  40.96    0.00  11.28   5.87  23.82  58.05  58.00  20.00  42.05  58.00  59.00  43.05   0.00
14:37:32   4.2   0.0   0.0  95.8   0.0    2    536    541    0    0    0  40.90    0.00  11.25   5.86  23.79  58.05  58.00  20.00  42.05  58.00  59.00  43.05   0.00
14:37:33   4.1   0.0   0.0  95.9   0.0    2    456    521    0    0    0  40.96    0.00  11.26   5.87  23.84  58.05  58.00  20.00  42.05  58.00  59.00  43.05   0.00
14:37:34   4.1   0.0   0.0  95.9   0.0    2    523    554    0    0    0  40.97    0.00  11.25   5.86  23.86  58.05  58.00  20.00  42.05  58.00  59.00  43.05   0.00
14:37:35   4.2   0.0   0.0  95.8   0.0    2    513    546    0    0    0  40.94    0.00  11.25   5.87  23.82  58.05  58.00  20.00  42.05  58.00  59.00  43.05   0.00
14:37:36   4.1   0.0   0.0  95.9   0.0    2    456    526    0    0    0  40.88    0.00  11.25   5.85  23.78  58.05  58.00  20.00  42.05  58.00  59.00  43.05   0.00
14:37:37   4.1   0.0   0.0  95.9   0.0    2    522    498    0    0    0  40.98    0.00  11.27   5.87  23.84  58.05  58.00  20.00  42.05  58.00  59.00  43.05   0.00
14:37:38   4.2   0.0   0.0  95.8   0.0    2    458    534    0    0    0  40.94    0.00  11.25   5.86  23.83  58.05  58.00  20.00  42.05  58.00  59.00  43.05   0.00
14:37:39   4.1   0.0   0.0  95.9   0.0    2    844    543    0    0    0  41.09    0.00  11.29   5.88  23.92  57.05  57.00  20.00  42.05  57.00  59.00  43.05   0.00
14:37:40   4.2   0.0   0.0  95.8   0.0    2    462    536    0    0    0  40.95    0.00  11.26   5.87  23.83  58.05  58.00  20.00  42.05  58.00  59.00  43.05   0.00
14:37:41   4.2   0.0   0.0  95.8   0.0    2    469    499    0    0    0  40.94    0.00  11.28   5.86  23.80  58.05  58.00  20.00  42.05  58.00  59.00  43.05   0.00
14:37:42   4.1   0.0   0.0  95.9   0.0    2    522    548    0    0    0  41.01    0.00  11.28   5.86  23.86  58.05  58.00  20.00  42.05  58.00  59.00  43.05   0.00
14:37:43   4.2   0.0   0.0  95.8   0.0    2    480    555    0    0    0  40.91    0.00  11.25   5.85  23.81  58.05  58.00  20.00  42.05  58.00  59.00  43.05   0.00
14:37:44   4.1   0.0   0.0  95.9   0.0    2    442    532    0    0    0  40.89    0.00  11.27   5.86  23.76  57.05  57.00  20.00  42.05  57.00  59.00  43.05   0.00
14:37:45   4.2   0.0   0.0  95.8   0.0    2    510    468    0    0    0  42.03    0.00  11.46   5.86  24.70  57.05  57.00  20.00  42.05  58.00  59.00  43.05   0.00
14:37:46   4.2   0.0   0.0  95.8   0.0    2    470    543    0    0    0  40.97    0.00  11.27   5.87  23.83  58.05  58.00  20.00  42.05  58.00  59.00  43.05   0.00
14:37:47   4.1   0.0   0.0  95.8   0.0    2    574    556    0    0    0  41.03    0.00  11.29   5.87  23.87  58.05  58.00  20.00  42.05  58.00  59.00  43.05   0.00
14:37:48   4.2   0.0   0.0  95.8   0.0    2    460    528    0    0    0  40.94    0.00  11.27   5.87  23.80  58.05  58.00  20.00  42.05  58.00  59.00  43.05   0.00
14:37:49   4.2   0.0   0.0  95.8   0.0    2    448    529    0    0    0  40.92    0.00  11.25   5.86  23.81  58.05  58.00  20.00  42.05  58.00  59.00  43.05   0.00
14:37:50   4.1   0.0   0.0  95.9   0.0    2    516    545    0    0    0  40.98    0.00  11.27   5.86  23.84  58.05  58.00  20.00  42.05  58.00  59.00  43.05   0.00
14:37:51   4.2   0.0   0.0  95.8   0.0    2    506    542    0    0    0  40.96    0.00  11.28   5.87  23.81  58.05  58.00  20.00  42.05  58.00  59.00  43.05   0.00
14:37:52   4.2   0.0   0.0  95.7   0.0    2    602    574    0    0    0  41.12    0.00  11.30   5.90  23.92  58.05  58.00  20.00  42.05  58.00  59.00  43.05   0.00
14:37:53   4.2   0.0   0.0  95.8   0.0    2    512    507    0    0    0  40.94    0.00  11.27   5.86  23.81  58.05  58.00  20.00  42.05  58.00  59.00  43.05   0.00
14:37:54   4.1   0.0   0.0  95.9   0.0    2    450    523    0    0    0  40.91    0.00  11.25   5.86  23.79  58.05  58.00  20.00  42.05  58.00  59.00  43.05   0.00
14:37:55   4.2   0.0   0.0  95.8   0.0    2    560    555    0    0    0  42.04    0.00  11.47   5.87  24.70  58.05  58.00  20.00  42.05  58.00  59.00  43.05   0.00
14:37:56   4.1   0.0   0.0  95.9   0.0    2    464    514    0    0    0  40.95    0.00  11.26   5.86  23.83  58.05  58.00  20.00  42.05  58.00  59.00  43.05   0.00
14:37:57   4.2   0.0   0.0  95.8   0.0    2    466    512    0    0    0  40.91    0.00  11.25   5.86  23.80  58.05  58.00  20.00  42.05  58.00  59.00  42.05   0.00
14:37:58   4.1   0.0   0.0  95.8   0.0    2    516    533    0    0    0  40.94    0.00  11.26   5.87  23.81  57.05  57.00  20.00  42.05  57.00  59.00  42.05   0.00
14:37:59   4.2   0.0   0.0  95.8   0.0    2    482    536    0    0    0  40.99    0.00  11.27   5.88  23.84  57.05  57.00  20.00  42.05  57.00  59.00  42.05   0.00
14:38:00   4.2   0.0   0.0  95.8   0.0    2    533    524    0    0    0  40.97    0.00  11.27   5.87  23.83  56.05  56.00  20.00  42.05  56.00  58.00  42.05   0.00
14:38:01   4.1   0.0   0.0  95.9   0.0    2    465    520    0    0    0  40.97    0.00  11.26   5.87  23.83  58.05  57.00  20.00  42.05  57.00  58.00  42.05   0.00
14:38:02   4.2   0.0   0.0  95.8   0.0    2    480    536    0    0    0  40.93    0.00  11.25   5.86  23.82  58.05  58.00  20.00  42.05  58.00  58.00  43.05   0.00
14:38:03   4.2   0.0   0.0  95.8   0.0    2    558    557    0    0    0  40.92    0.00  11.26   5.87  23.79  57.05  57.00  20.00  42.05  57.00  59.00  43.05   0.00
14:38:04   4.2   0.0   0.0  95.8   0.0    2    452    527    0    0    0  40.96    0.00  11.26   5.87  23.83  58.05  58.00  20.00  42.05  57.00  58.00  43.05   0.00
14:38:05   4.1   0.0   0.0  95.8   0.0    2    470    482    0    0    0  41.94    0.00  11.45   5.87  24.62  56.05  56.00  20.00  42.05  56.00  58.00  43.05   0.00
14:38:06   4.2   0.0   0.0  95.8   0.0    2    506    526    0    0    0  40.98    0.00  11.26   5.87  23.85  58.05  58.00  20.00  42.05  56.00  59.00  43.05   0.00
14:38:07   4.2   0.0   0.0  95.8   0.0    2    496    549    0    0    0  40.92    0.00  11.26   5.87  23.78  58.05  58.00  20.00  42.05  58.00  59.00  43.05   0.00
14:38:08   4.2   0.0   0.0  95.8   0.0    2    520    535    0    0    0  40.94    0.00  11.25   5.86  23.83  56.05  56.00  20.00  42.05  57.00  58.00  43.05   0.00
14:38:09   4.1   0.0   0.0  95.9   0.0    2    748    535    0    0    0  41.04    0.00  11.27   5.88  23.88  58.05  58.00  20.00  42.05  58.00  58.00  43.05   0.00
14:38:10   4.2   0.0   0.0  95.7   0.1    2    526    532    0    0    0  42.25    0.00  11.52   5.90  24.83  58.05  58.00  20.00  42.05  58.00  59.00  43.05   0.00
14:38:11   4.2   0.0   0.0  95.8   0.0    2    566    560    0    0    0  40.97    0.00  11.25   5.86  23.85  58.05  58.00  20.00  42.05  58.00  59.00  43.05   0.00
14:38:12   4.1   0.0   0.0  95.9   0.0    2    482    524    0    0    0  40.87    0.00  11.25   5.86  23.76  57.05  57.00  20.00  42.05  57.00  59.00  42.05   0.00
14:38:13   4.2   0.0   0.0  95.8   0.0    2    438    507    0    0    0  40.93    0.00  11.26   5.87  23.81  58.05  58.00  20.00  42.05  58.00  59.00  42.05   0.00
14:38:14   4.1   0.0   0.0  95.9   0.0    2    500    525    0    0    0  40.93    0.00  11.26   5.86  23.81  58.05  58.00  20.00  42.05  58.00  59.00  42.05   0.00
14:38:15   4.2   0.0   0.0  95.8   0.0    2    501    549    0    0    0  40.92    0.00  11.26   5.87  23.80  58.05  58.00  20.00  42.05  58.00  59.00  42.05   0.00
14:38:16   4.1   0.0   0.0  95.9   0.0    2    510    529    0    0    0  40.92    0.00  11.26   5.86  23.81  57.05  57.00  20.00  42.05  57.00  59.00  42.05   0.00
14:38:17   4.2   0.0   0.0  95.8   0.0    2    452    521    0    0    0  40.95    0.00  11.26   5.87  23.82  58.05  58.00  20.00  42.05  58.00  59.00  43.05   0.00
14:38:18   4.2   0.0   0.0  95.8   0.0    2    462    533    0    0    0  40.91    0.00  11.25   5.86  23.80  58.05  58.00  20.00  42.05  58.00  59.00  43.05   0.00
14:38:19   4.2   0.0   0.0  95.8   0.0    2    536    533    0    0    0  40.95    0.00  11.26   5.87  23.82  58.05  58.00  20.00  42.05  58.00  59.00  43.05   0.00
14:38:20   4.2   0.0   0.0  95.8   0.0    2    458    520    0    0    0  41.98    0.00  11.45   5.87  24.67  58.05  58.00  20.00  42.05  58.00  58.00  43.05   0.00
14:38:21   4.2   0.0   0.0  95.8   0.0    2    466    530    0    0    0  40.89    0.00  11.26   5.87  23.77  57.05  57.00  20.00  42.05  58.00  58.00  43.05   0.00
14:38:22   4.1   0.0   0.0  95.8   0.0    2    552    532    0    0    0  40.96    0.00  11.26   5.87  23.83  57.05  57.00  20.00  42.05  57.00  58.00  43.05   0.00
14:38:23   4.2   0.0   0.0  95.8   0.0    2    486    543    0    0    0  40.92    0.00  11.25   5.86  23.81  57.05  58.00  20.00  42.05  58.00  59.00  43.05   0.00
14:38:24   4.1   0.0   0.0  95.9   0.0    2    501    530    0    0    0  40.91    0.00  11.25   5.86  23.79  57.05  57.00  20.00  42.05  57.00  58.00  43.05   0.00
14:38:25   4.2   0.0   0.0  95.8   0.0    2    461    488    0    0    0  42.04    0.00  11.47   5.88  24.69  58.05  58.00  20.00  42.05  58.00  58.00  43.05   0.00
14:38:26   4.1   0.0   0.0  95.9   0.0    2    470    538    0    0    0  40.95    0.00  11.25   5.86  23.84  58.05  58.00  20.00  42.05  56.00  59.00  43.05   0.00
14:38:27   4.2   0.0   0.0  95.8   0.0    2    577    561    0    0    0  40.91    0.00  11.26   5.87  23.78  57.05  57.00  20.00  42.05  57.00  59.00  43.05   0.00
14:38:28   4.2   0.0   0.0  95.8   0.0    2    460    521    0    0    0  40.94    0.00  11.25   5.87  23.82  58.05  58.00  20.00  42.05  58.00  58.00  43.05   0.00
14:38:29   4.1   0.0   0.0  95.9   0.0    2    440    514    0    0    0  40.97    0.00  11.25   5.87  23.85  58.05  58.00  20.00  42.05  58.00  58.00  43.05   0.00
14:38:30   4.2   0.0   0.0  95.8   0.0    2    524    533    0    0    0  40.90    0.00  11.25   5.87  23.78  57.05  57.00  20.00  42.05  57.00  58.00  43.05   0.00
14:38:31   4.1   0.0   0.0  95.8   0.0    2    522    560    0    0    0  42.01    0.00  11.46   5.87  24.69  58.05  58.00  20.00  42.05  58.00  58.00  43.05   0.00
14:38:32   4.2   0.0   0.0  95.8   0.0    2    532    527    0    0    0  41.00    0.00  11.26   5.88  23.86  58.05  58.00  20.00  42.05  58.00  58.00  43.05   0.00
14:38:33   4.2   0.0   0.0  95.8   0.0    2    450    522    0    0    0  40.96    0.00  11.25   5.87  23.84  57.05  57.00  20.00  42.05  58.00  59.00  43.05   0.00
14:38:34   4.1   0.0   0.0  95.9   0.0    2    448    536    0    0    0  40.92    0.00  11.26   5.87  23.79  58.05  58.00  20.00  42.05  58.00  58.00  43.05   0.00
14:38:35   4.2   0.0   0.0  95.8   0.0    2    546    551    0    0    0  40.94    0.00  11.25   5.87  23.82  57.05  57.00  20.00  42.05  57.00  58.00  43.05   0.00
14:38:36   4.1   0.0   0.0  95.9   0.0    2    460    520    0    0    0  40.99    0.00  11.27   5.88  23.84  58.05  57.00  20.00  42.05  57.00  59.00  43.05   0.00
14:38:37   4.2   0.0   0.0  95.8   0.0    2    465    527    0    0    0  40.92    0.00  11.25   5.87  23.80  57.05  57.00  20.00  42.05  57.00  59.00  43.05   0.00
14:38:38   4.2   0.0   0.0  95.8   0.0    2    544    549    0    0    0  41.00    0.00  11.27   5.88  23.85  58.05  58.00  20.00  42.05  58.00  58.00  43.05   0.00
14:38:39   4.1   0.0   0.0  95.8   0.0    2    793    571    0    0    0  41.09    0.00  11.28   5.90  23.91  58.05  58.00  20.00  42.05  58.00  58.00  43.05   0.00
14:38:40   4.1   0.0   0.0  95.9   0.0    2    520    538    0    0    0  40.95    0.00  11.26   5.87  23.82  56.05  56.00  20.00  41.05  57.00  58.00  43.05   0.00
14:38:41   4.2   0.0   0.0  95.8   0.0    2    483    541    0    0    0  40.96    0.00  11.27   5.87  23.82  58.05  58.00  20.00  41.05  58.00  58.00  43.05   0.00
14:38:42   4.1   0.0   0.0  95.9   0.0    2    512    548    0    0    0  40.97    0.00  11.27   5.87  23.83  58.05  58.00  20.00  41.05  58.00  58.00  43.05   0.00
14:38:43   4.2   0.0   0.0  95.8   0.0    2    554    532    0    0    0  41.00    0.00  11.27   5.87  23.85  57.05  58.00  20.00  41.05  58.00  58.00  43.05   0.00
14:38:44   4.2   0.0   0.0  95.8   0.0    2    460    527    0    0    0  40.89    0.00  11.26   5.87  23.77  58.05  58.00  20.00  41.05  58.00  58.00  43.05   0.00
14:38:45   4.1   0.0   0.0  95.8   0.0    2    468    543    0    0    0  41.99    0.00  11.46   5.87  24.66  57.05  57.00  20.00  41.05  57.00  58.00  43.05   0.00
14:38:46   4.2   0.0   0.0  95.8   0.0    2    541    550    0    0    0  41.97    0.00  11.46   5.87  24.65  58.05  58.00  20.00  42.05  57.00  58.00  43.05   0.00
14:38:47   4.2   0.0   0.0  95.8   0.0    2    506    541    0    0    0  41.03    0.00  11.29   5.88  23.86  57.05  57.00  20.00  42.05  58.00  58.00  43.05   0.00
14:38:48   4.1   0.0   0.0  95.9   0.0    2    522    526    0    0    0  40.98    0.00  11.26   5.87  23.86  58.05  58.00  20.00  42.05  57.00  58.00  43.05   0.00
14:38:49   4.1   0.0   0.0  95.9   0.0    2    452    516    0    0    0  40.94    0.00  11.26   5.87  23.82  58.05  58.00  20.00  42.05  58.00  58.00  43.05   0.00
14:38:50   4.2   0.0   0.0  95.8   0.0    2    476    547    0    0    0  40.91    0.00  11.26   5.87  23.78  58.05  58.00  20.00  42.05  58.00  58.00  43.05   0.00
14:38:51   4.1   0.0   0.0  95.9   0.0    2    565    555    0    0    0  41.00    0.00  11.26   5.87  23.87  58.05  58.00  20.00  41.05  57.00  58.00  43.05   0.00
14:38:52   4.2   0.0   0.0  95.8   0.0    2    508    568    0    0    0  42.00    0.00  11.47   5.88  24.66  56.05  56.00  20.00  41.05  56.00  58.00  43.05   0.00
14:38:53   4.2   0.0   0.0  95.8   0.0    2    482    542    0    0    0  40.97    0.00  11.25   5.87  23.84  57.05  57.00  20.00  41.05  58.00  58.00  42.05   0.00
14:38:54   4.2   0.0   0.0  95.8   0.0    2    524    542    0    0    0  40.90    0.00  11.26   5.86  23.78  58.05  58.00  20.00  41.05  57.00  58.00  42.05   0.00
14:38:55   4.1   0.0   0.0  95.9   0.0    2    510    552    0    0    0  41.02    0.00  11.28   5.87  23.87  57.05  57.00  20.00  41.05  58.00  58.00  42.05   0.00
14:38:56   4.2   0.0   0.0  95.8   0.0    2    534    526    0    0    0  40.92    0.00  11.26   5.87  23.79  57.05  57.00  20.00  41.05  58.00  58.00  42.05   0.00
14:38:57   4.2   0.0   0.0  95.8   0.0    2    462    533    0    0    0  40.95    0.00  11.26   5.87  23.81  57.05  57.00  20.00  41.05  57.00  58.00  42.05   0.00
14:38:58   4.2   0.0   0.0  95.8   0.0    2    481    543    0    0    0  40.92    0.00  11.25   5.87  23.80  57.05  57.00  20.00  41.05  58.00  58.00  42.05   0.00
14:38:59   4.1   0.0   0.0  95.9   0.0    2    559    549    0    0    0  40.97    0.00  11.26   5.87  23.84  58.05  58.00  20.00  41.05  58.00  58.00  42.05   0.00
14:39:00   4.2   0.0   0.0  95.8   0.0    2    505    544    0    0    0  40.97    0.00  11.27   5.87  23.83  58.05  58.00  20.00  41.05  58.00  58.00  42.05   0.00
14:39:01   4.2   0.0   0.0  95.8   0.0    2    478    554    0    0    0  41.01    0.00  11.28   5.87  23.86  57.05  57.00  20.00  42.05  57.00  58.00  42.05   0.00
14:39:02   4.2   0.0   0.0  95.8   0.0    2    608    569    0    0    0  40.98    0.00  11.26   5.88  23.85  56.05  56.00  20.00  42.05  58.00  58.00  42.05   0.00
14:39:03   4.1   0.0   0.0  95.8   0.0    2    510    555    0    0    0  40.94    0.00  11.26   5.88  23.81  58.05  58.00  20.00  42.05  58.00  58.00  43.05   0.00
14:39:04   4.1   0.0   0.0  95.9   0.0    2    518    541    0    0    0  40.94    0.00  11.26   5.87  23.81  56.05  56.00  20.00  42.05  57.00  58.00  43.05   0.00
14:39:05   4.2   0.0   0.0  95.8   0.0    2    497    551    0    0    1  40.96    0.00  11.27   5.87  23.82  58.05  58.00  20.00  42.05  58.00  59.00  43.05   0.00
14:39:06   4.2   0.0   0.0  95.8   0.0    2    480    543    0    0    0  40.90    0.00  11.25   5.86  23.79  58.05  58.00  20.00  42.05  58.00  59.00  43.05   0.00
14:39:07   4.1   0.0   0.0  95.9   0.0    2    580    568    0    0    0  41.97    0.00  11.45   5.86  24.66  58.05  58.00  20.00  42.05  58.00  59.00  43.05   0.00
14:39:08   4.1   0.0   0.0  95.9   0.0    2    490    552    0    0    0  40.92    0.00  11.27   5.88  23.78  58.05  58.00  20.00  42.05  58.00  59.00  42.05   0.00
14:39:09   4.1   0.0   0.0  95.8   0.0    2    772    569    0    0    0  42.13    0.00  11.48   5.90  24.76  58.05  58.00  20.00  42.05  57.00  59.00  42.05   0.00
14:39:10   4.2   0.0   0.0  95.8   0.0    2    566    536    0    0    0  41.08    0.00  11.31   5.90  23.87  57.05  57.00  20.00  42.05  57.00  59.00  42.05   0.00
14:39:11   4.1   0.0   0.0  95.9   0.0    2    531    576    0    0    0  40.99    0.00  11.28   5.88  23.83  58.05  58.00  20.00  41.05  58.00  58.00  42.05   0.00
14:39:12   4.2   0.0   0.0  95.8   0.0    1    499    544    0    0    0  40.96    0.00  11.27   5.87  23.82  57.05  57.00  20.00  41.05  57.00  58.00  42.05   0.00
14:39:13   4.2   0.0   0.0  95.8   0.0    2    513    525    0    0    0  40.96    0.00  11.26   5.88  23.83  58.05  58.00  20.00  41.05  57.00  58.00  43.05   0.00
14:39:14   4.1   0.0   0.0  95.9   0.0    2    468    537    0    0    0  40.96    0.00  11.26   5.88  23.82  58.05  58.00  20.00  41.05  57.00  58.00  43.05   0.00
14:39:15   4.1   0.0   0.0  95.9   0.0    2    562    550    0    0    0  42.01    0.00  11.46   5.87  24.68  58.05  58.00  20.00  41.05  58.00  58.00  43.05   0.00
14:39:16   4.1   0.0   0.0  95.9   0.0    2    470    526    0    0    0  40.92    0.00  11.25   5.87  23.79  58.05  58.00  20.00  42.05  57.00  58.00  43.05   0.00
14:39:17   4.2   0.0   0.0  95.8   0.0    2    470    527    0    0    0  40.94    0.00  11.25   5.87  23.82  58.05  58.00  20.00  42.05  57.00  59.00  43.05   0.00
14:39:18   4.2   0.0   0.0  95.8   0.0    2    532    539    0    0    0  40.95    0.00  11.27   5.87  23.81  57.05  57.00  20.00  42.05  56.00  59.00  42.05   0.00
14:39:19   4.1   0.0   0.0  95.9   0.0    2    504    559    0    0    0  41.04    0.00  11.29   5.88  23.86  57.05  57.00  20.00  42.05  57.00  58.00  42.05   0.00
14:39:20   4.1   0.0   0.0  95.9   0.0    2    520    519    0    0    0  40.88    0.00  11.25   5.87  23.77  57.05  57.00  20.00  42.05  57.00  58.00  42.05   0.00
14:39:21   4.2   0.0   0.0  95.8   0.0    2    472    537    0    0    0  41.00    0.00  11.27   5.88  23.85  58.05  58.00  20.00  41.05  58.00  58.00  42.05   0.00
14:39:22   4.2   0.0   0.0  95.8   0.0    2    488    556    0    0    0  40.93    0.00  11.26   5.87  23.81  58.05  58.00  20.00  41.05  58.00  58.00  42.05   0.00
14:39:23   4.1   0.0   0.0  95.9   0.0    2    553    522    0    0    0  40.98    0.00  11.26   5.88  23.84  57.05  57.00  20.00  41.05  57.00  58.00  42.05   0.00
14:39:24   4.2   0.0   0.0  95.8   0.0    2    470    501    0    0    0  41.98    0.00  11.47   5.87  24.64  58.05  58.00  20.00  41.05  57.00  58.00  42.05   0.00
14:39:25   4.1   0.0   0.0  95.9   0.0    2    472    541    0    0    0  40.97    0.00  11.28   5.87  23.82  57.05  57.00  20.00  41.05  57.00  58.00  42.05   0.00
14:39:26   4.2   0.0   0.0  95.8   0.0    2    536    540    0    0    0  40.94    0.00  11.26   5.87  23.81  58.05  58.00  20.00  42.05  57.00  58.00  42.05   0.00
14:39:27   4.1   0.0   0.0  95.9   0.0    2    504    537    0    0    0  40.99    0.00  11.29   5.87  23.83  56.05  56.00  20.00  42.05  56.00  58.00  42.05   0.00
14:39:28   4.2   0.0   0.0  95.8   0.0    2    530    526    0    0    0  41.02    0.00  11.29   5.89  23.85  56.05  56.00  20.00  42.05  57.00  58.00  42.05   0.00
14:39:29   4.2   0.0   0.0  95.8   0.0    2    460    523    0    0    0  40.94    0.00  11.27   5.88  23.79  57.05  57.00  20.00  42.05  57.00  58.00  42.05   0.00
14:39:30   4.1   0.0   0.0  95.9   0.0    2    476    526    0    0    0  40.95    0.00  11.26   5.87  23.81  58.05  58.00  20.00  42.05  58.00  58.00  42.05   0.00
14:39:31   4.2   0.0   0.0  95.8   0.0    2    578    547    0    0    0  40.97    0.00  11.27   5.87  23.84  57.05  57.00  20.00  41.05  57.00  58.00  42.05   0.00
14:39:32   4.1   0.0   0.0  95.9   0.0    2    488    534    0    0    0  40.88    0.00  11.24   5.86  23.79  57.05  57.00  20.00  41.05  58.00  58.00  42.05   0.00
14:39:33   4.1   0.0   0.0  95.9   0.0    2    458    527    0    0    0  40.90    0.00  11.25   5.86  23.79  58.05  58.00  20.00  41.05  58.00  58.00  42.05   0.00
14:39:34   4.1   0.0   0.0  95.8   0.0    2    542    500    0    0    0  41.97    0.00  11.46   5.88  24.63  57.05  57.00  20.00  41.05  57.00  59.00  42.05   0.00
14:39:35   4.2   0.0   0.0  95.8   0.0    2    518    458    0    0    0  40.93    0.00  11.26   5.88  23.80  57.05  57.00  20.00  41.05  57.00  58.00  42.05   0.00
14:39:36   4.2   0.0   0.0  95.8   0.0    2    518    439    0    0    0  40.95    0.00  11.27   5.87  23.81  56.05  56.00  20.00  41.05  56.00  58.00  42.05   0.00
14:39:37   4.1   0.0   0.0  95.9   0.0    2    487    461    0    0    0  40.94    0.00  11.25   5.88  23.81  57.05  57.00  20.00  41.05  57.00  58.00  42.05   0.00
14:39:38   4.2   0.0   0.0  95.8   0.0    2    479    500    0    0    0  41.04    0.00  11.32   5.87  23.85  57.05  57.00  20.00  41.05  57.00  58.00  42.05   0.00
14:39:39   4.1   0.0   0.0  95.9   0.0    2    556    444    0    0    0  40.98    0.00  11.27   5.88  23.83  56.05  56.00  20.00  41.05  56.00  58.00  42.05   0.00
14:39:40   4.1   0.0   0.0  95.8   0.0    2    769    522    0    0    0  41.12    0.00  11.31   5.90  23.92  58.05  58.00  20.00  41.05  58.00  58.00  42.05   0.00
14:39:41   4.2   0.0   0.0  95.8   0.0    2    472    480    0    0    0  40.92    0.00  11.26   5.88  23.79  57.05  57.00  20.00  41.05  57.00  58.00  42.05   0.00
14:39:42   4.1   0.0   0.0  95.9   0.0    2    558    490    0    0    0  40.94    0.00  11.26   5.88  23.80  57.05  57.00  20.00  41.05  57.00  58.00  42.05   0.00
14:39:43   4.2   0.0   0.0  95.8   0.0    2    500    470    0    0    0  40.89    0.00  11.26   5.87  23.75  58.05  58.00  20.00  41.05  58.00  58.00  42.05   0.00
14:39:44   4.1   0.0   0.0  95.9   0.0    2    523    431    0    0    0  41.96    0.00  11.46   5.88  24.62  56.05  56.00  20.00  41.05  56.00  58.00  42.05   0.00
14:39:45   4.2   0.0   0.0  95.8   0.0    2    460    451    0    0    0  40.90    0.00  11.25   5.87  23.77  58.05  58.00  20.00  41.05  58.00  57.00  42.05   0.00
14:39:46   4.2   0.0   0.0  95.8   0.0    2    469    478    0    0    0  40.97    0.00  11.27   5.89  23.81  56.05  56.00  20.00  41.05  56.00  57.00  42.05   0.00
14:39:47   4.1   0.0   0.0  95.8   0.0    2    576    450    0    0    0  40.93    0.00  11.28   5.88  23.77  58.05  58.00  20.00  41.05  58.00  58.00  42.05   0.00
14:39:48   4.1   0.0   0.0  95.9   0.0    2    458    493    0    0    0  40.95    0.00  11.27   5.88  23.80  56.05  56.00  20.00  41.05  56.00  58.00  42.05   0.00
14:39:49   4.2   0.0   0.0  95.8   0.0    2    470    505    0    0    0  41.19    0.00  11.32   5.88  23.99  58.05  58.00  20.00  41.05  58.00  58.00  42.05   0.00
-------- ----- ----- ----- ----- ----- ---- ------ ------ ---- ---- ---- ------  ------ ------ ------ ------ ------ ------ ------ ------ ------ ------ ------ ------
 Average   4.2   0.0   0.0  95.8   0.0  2.0  861.6  648.2  0.7  0.0  0.6  41.19    0.00  11.28   5.87  24.03  58.03  57.98  20.00  41.86  57.95  58.80  43.06   0.00
 GeoMean   0.0   0.0   0.0  95.8   0.0  2.0  620.0  592.2  0.0  0.0  0.0  40.79    0.00  11.17   5.74  23.84  58.01  57.97  20.00  41.86  57.93  58.80  43.05   0.00
  StdDev   0.6   0.0   0.1   0.7   0.0  0.3 1311.2  405.1  5.4  0.4  3.2   3.99    0.03   1.08   0.72   2.22   1.32   1.33   0.00   0.39   1.30   0.88   0.69   0.00
-------- ----- ----- ----- ----- ----- ---- ------ ------ ---- ---- ---- ------  ------ ------ ------ ------ ------ ------ ------ ------ ------ ------ ------ ------
 Minimum   0.0   0.0   0.0  90.3   0.0  1.0  220.0  306.0  0.0  0.0  0.0   4.85    0.00   1.30   0.18   3.37  54.05  54.00  20.00  41.05  53.00  55.00  42.05   0.00
 Maximum   8.6   0.1   0.9 100.0   0.1  6.0 13662.0 3357.0 70.0  5.0 34.0  65.32    0.29  17.64  11.32  36.32  68.05  68.00  20.00  42.05  68.00  61.00  44.05   0.00
-------- ----- ----- ----- ----- ----- ---- ------ ------ ---- ---- ---- ------  ------ ------ ------ ------ ------ ------ ------ ------ ------ ------ ------ ------
Summary:
CPU:  41.19 Watts on average with standard deviation 3.99  
Note: power read from RAPL domains: uncore, pkg-0, core, psys.
These readings do not cover all the hardware in this device.

Histogram (of 243 power measurements)

 Range (Watts)  Count
 4.854 - 10.900     1 
10.901 - 16.947     2 
16.948 - 22.994     0 
22.995 - 29.041     0 
29.042 - 35.088     0 
35.089 - 41.136   175 ########################################
41.137 - 47.183    62 ##############
47.184 - 53.230     1 
53.231 - 59.277     1 
59.278 - 65.324     1 

Histogram (of 243 CPU utilization measurements)

 Range (%CPU)   Count
 0.000 -  0.972     3 
 0.973 -  1.946     0 
 1.947 -  2.919     0 
 2.920 -  3.892     0 
 3.893 -  4.865   231 ########################################
 4.866 -  5.839     6 #
 5.840 -  6.812     0 
 6.813 -  7.785     1 
 7.786 -  8.758     1 
 8.759 -  9.732     1 

Histogram (of 243 thermal zone TCPU readings)

 Range (°C)    Count
54.050 - 55.449     3 
55.450 - 56.849    15 ###
56.850 - 58.249   187 ########################################
58.250 - 59.649     7 #
59.650 - 61.049    27 #####
61.050 - 62.449     3 
62.450 - 63.849     0 
63.850 - 65.249     0 
65.250 - 66.649     0 
66.650 - 68.049     1 

Histogram (of 243 thermal zone x86_pkg_temp readings)

 Range (°C)    Count
54.000 - 55.399     3 
55.400 - 56.799    15 ###
56.800 - 58.199   186 ########################################
58.200 - 59.599     7 #
59.600 - 60.999    28 ######
61.000 - 62.399     3 
62.400 - 63.799     0 
63.800 - 65.199     0 
65.200 - 66.599     0 
66.600 - 67.999     1 

Range is zero, cannot produce histogram of thermal zone INT3400 Thermal

Histogram (of 243 thermal zone SEN3 readings)

 Range (°C)    Count
41.050 - 41.149    45 #########
41.150 - 41.249     0 
41.250 - 41.349     0 
41.350 - 41.449     0 
41.450 - 41.549     0 
41.550 - 41.649     0 
41.650 - 41.749     0 
41.750 - 41.849     0 
41.850 - 41.949     0 
41.950 - 42.049   198 ########################################

Histogram (of 243 thermal zone TCPU_PCI readings)

 Range (°C)    Count
53.000 - 54.499     3 
54.500 - 55.999    13 ###
56.000 - 57.499    54 ###############
57.500 - 58.999   143 ########################################
59.000 - 60.499    27 #######
60.500 - 61.999     2 
62.000 - 63.499     0 
63.500 - 64.999     0 
65.000 - 66.499     0 
66.500 - 67.999     1 

Histogram (of 243 thermal zone iwlwifi_1 readings)

 Range (°C)    Count
55.000 - 55.599     2 
55.600 - 56.199     0 
56.200 - 56.799     0 
56.800 - 57.399     5 #
57.400 - 57.999    80 ############################
58.000 - 58.599     0 
58.600 - 59.199   114 ########################################
59.200 - 59.799     0 
59.800 - 60.399    34 ###########
60.400 - 60.999     8 ##

Histogram (of 243 thermal zone acpitz readings)

 Range (°C)    Count
42.050 - 42.249    57 #################
42.250 - 42.449     0 
42.450 - 42.649     0 
42.650 - 42.849     0 
42.850 - 43.049   127 ########################################
43.050 - 43.249     0 
43.250 - 43.449     0 
43.450 - 43.649     0 
43.650 - 43.849     0 
43.850 - 44.049    59 ##################

Range is zero, cannot produce histogram of thermal zone SEN2
