Running for 86400.0 seconds (86400 samples at 1.0 second intervals).
Power measurements will start in 0 seconds time.

  Time    User  Nice   Sys  Idle    IO  Run Ctxt/s  IRQ/s Fork Exec Exit  Watts  uncore  pkg-0   core   psys   TCPU iwlwif INT340   SEN3 TCPU_P x86_pk acpitz   SEN2
12:41:44   0.0   0.0   0.0 100.0   0.0    1    234    197    0    0    0  17.89    0.00   4.03   0.14  13.71  53.05  20.00  43.05  51.00  51.00  53.00  42.05   0.00
12:41:45   0.0   0.0   0.0  99.9   0.0    1    228    142    0    0    2  16.42    0.00   3.71   0.06  12.65  51.05  20.00  43.05  51.00  52.00  53.00  42.05   0.00
12:41:46   0.0   0.0   0.0  99.9   0.0    2    287    154    1    1    1  17.74    0.00   3.99   0.09  13.66  51.05  20.00  43.05  51.00  51.00  53.00  42.05   0.00
12:41:47  14.6   0.0   0.9  83.8   0.7    5  39283   6848   47    5    7 101.07    0.00  26.76  18.97  55.34  63.05  20.00  43.05  63.00  63.00  52.00  42.05   0.00
12:41:48  14.3   0.0   0.6  84.7   0.4    6  32913   4869    5    2    4  95.32    0.00  25.07  17.32  52.93  60.05  20.00  43.05  60.00  60.00  60.00  42.05   0.00
12:41:49  17.2   0.0   0.8  81.7   0.3    3  26176   5123   28    2   28  92.68    0.00  24.18  16.31  52.20  63.05  20.00  43.05  63.00  63.00  60.00  42.05   0.00
12:41:50   7.5   0.0   0.9  91.0   0.7    1  16446   4706   65    5   41  70.16    0.00  17.42   9.98  42.76  58.05  20.00  43.05  58.00  58.00  63.00  42.05   0.00
12:41:51  23.1   0.0   1.6  74.9   0.3    5  73304  14627   36    0    9 108.79    0.00  29.50  21.66  57.64  62.05  20.00  43.05  62.00  62.00  63.00  42.05   0.00
12:41:52  11.3   0.0   1.3  87.1   0.3    2  68441  11912   34   45   32  88.01    0.00  23.38  15.87  48.76  56.05  20.00  43.05  56.00  56.00  62.00  42.05   0.00
12:41:53  14.5   0.0   0.7  84.8   0.1    4  53845   6259   34   45   36  92.60    0.00  25.02  17.72  49.86  66.05  20.00  43.05  66.00  66.00  62.00  42.05   0.00
12:41:54  40.9   0.0   1.3  57.6   0.2   20  61106   8682   30    0    0 124.66    0.00  35.04  27.28  62.33  61.05  20.00  43.05  61.00  61.00  63.00  42.05   0.00
12:41:55  74.3   0.0   1.5  24.1   0.1   22  36780  14336    0    0    5 108.05    0.00  30.18  22.44  55.43  59.05  20.00  43.05  59.00  59.00  63.00  42.05   0.00
12:41:56  79.8   0.0   0.6  19.5   0.0   19  16612   7022    0    0    1 105.96    0.00  29.93  22.50  53.53  59.05  20.00  43.05  59.00  59.00  63.00  42.05   0.00
12:41:57  75.7   0.0   1.9  22.4   0.1   21  42321  11156   31    2   19 108.61    0.00  30.21  22.04  56.36  59.05  20.00  43.05  59.00  59.00  60.00  42.05   0.00
12:41:58  80.4   0.0   4.2  15.3   0.1   20  50972  12640   70   47   68 110.09    0.01  30.38  21.94  57.76  59.05  20.00  43.05  59.00  59.00  60.00  42.05   0.00
12:41:59  73.3   0.0   1.3  25.3   0.0   19  42338  11354    1    0    8 107.22    0.00  29.81  21.49  55.93  58.05  20.00  43.05  58.00  58.00  60.00  42.05   0.00
12:42:00  78.0   0.0   1.0  20.8   0.2   16  16153   7964    4    0    4 107.66    0.07  29.24  20.75  57.60  59.05  20.00  43.05  59.00  59.00  60.00  42.05   0.00
12:42:01  29.0   0.0   0.3  70.6   0.0    5  13586   4004    1    0    2 103.34    0.00  28.12  20.07  55.15  66.05  20.00  43.05  66.00  66.00  60.00  42.05   0.00
12:42:02  40.8   0.0   0.6  58.6   0.0    5  21052   5620    0    0    5 104.76    0.00  29.01  21.00  54.75  66.05  20.00  43.05  66.00  66.00  67.00  42.05   0.00
12:42:03  63.7   0.0   0.7  35.5   0.0   16  21197   7484   10    0    0 110.33    0.00  30.61  22.48  57.24  60.05  20.00  43.05  60.00  60.00  67.00  42.05   0.00
12:42:04  81.0   0.0   0.8  18.2   0.0   28  19948  10668   24    0    0 106.33    0.00  29.60  21.61  55.12  59.05  20.00  43.05  59.00  59.00  67.00  42.05   0.00
12:42:05  98.1   0.0   0.7   1.2   0.0   28   9096   9010    0    0    0 107.47    0.00  30.03  21.90  55.54  58.05  20.00  43.05  58.00  58.00  63.00  42.05   0.00
12:42:06  65.8   0.0   0.6  33.5   0.0    5  20930  48828    0    0    0 105.31    0.00  29.32  21.36  54.63  62.05  20.00  43.05  62.00  62.00  63.00  42.05   0.00
12:42:07  88.9   0.0   0.7  10.4   0.0   30  18106   7235    0    0    0 111.31    0.00  31.20  23.10  57.00  59.05  20.00  43.05  60.00  60.00  63.00  42.05   0.00
12:42:08  96.0   0.0   0.6   3.4   0.0   31  10698   7189    0    0    0 110.28    0.00  30.86  22.56  56.86  61.05  20.00  43.05  61.00  61.00  60.00  42.05   0.00
12:42:09  80.5   0.0   0.8  18.7   0.0   29  21703   8536    0    0    0 103.47    0.00  28.89  20.66  53.92  63.05  20.00  43.05  63.00  63.00  61.00  42.05   0.00
12:42:10  95.8   0.0   1.0   3.2   0.0   30  13507   8418    0    0    0 109.84    0.00  30.73  22.37  56.74  61.05  20.00  43.05  61.00  61.00  61.00  42.05   0.00
12:42:11  96.2   0.0   0.7   3.2   0.0   28  12478   7764    0    0    0 109.74    0.00  30.54  22.20  57.00  61.05  20.00  43.05  61.00  61.00  61.00  42.05   0.00
12:42:12  94.8   0.0   1.0   4.2   0.0   30  24488   8795    0    0    0 108.67    0.00  30.16  21.83  56.68  60.05  20.00  43.05  60.00  60.00  61.00  42.05   0.00
12:42:13  95.7   0.0   0.7   3.6   0.0    6  11980   7992    0    0    1 110.53    0.00  30.92  22.51  57.10  60.05  20.00  43.05  60.00  60.00  62.00  42.05   0.00
12:42:14  91.1   0.0   0.5   8.3   0.0   30  11116   7447    0    0    0 107.06    0.00  29.79  21.44  55.84  62.05  20.00  43.05  62.00  62.00  62.00  42.05   0.00
12:42:15  95.9   0.0   0.5   3.6   0.0   26   9758   7576    0    0    0 107.04    0.00  29.84  21.56  55.65  61.05  20.00  43.05  61.00  61.00  61.00  42.05   0.00
12:42:16  92.3   0.0   1.0   6.7   0.0   19  12276  29041    0    0    0 110.96    0.00  30.99  22.51  57.47  61.05  20.00  43.05  61.00  61.00  61.00  42.05   0.00
12:42:17  81.6   0.0   1.0  17.4   0.0   26  27490   8450    0    0    0 103.09    0.00  28.73  20.90  53.47  65.05  20.00  43.05  65.00  65.00  61.00  43.05   0.00
12:42:18  96.0   0.0   1.1   2.9   0.0   27   9528   7805    0    0    0 107.36    0.00  30.75  23.88  52.73  63.05  20.00  43.05  63.00  63.00  62.00  43.05   0.00
12:42:19  97.3   0.0   0.3   2.4   0.0   28   8356   7464    0    0    0 109.52    0.00  31.15  23.92  54.45  62.05  20.00  43.05  62.00  62.00  63.00  43.05   0.00
12:42:20  96.4   0.0   0.6   3.0   0.0   26   8436   7686    0    0    0 108.15    0.00  30.99  24.09  53.07  63.05  20.00  43.05  63.00  63.00  63.00  43.05   0.00
12:42:21  96.2   0.0   0.8   3.0   0.0   28   6742   7348    0    0    1 110.57    0.00  31.60  24.50  54.47  63.05  20.00  43.05  63.00  63.00  64.00  43.05   0.00
12:42:22  96.2   0.0   0.7   3.0   0.0   28   6251   7746    0    0    0 109.13    0.00  31.29  24.37  53.47  63.05  20.00  43.05  63.00  63.00  64.00  43.05   0.00
12:42:23  95.6   0.0   0.8   3.6   0.0   28   7608   7534    0    0    0 111.17    0.00  31.78  24.63  54.76  65.05  20.00  43.05  65.00  65.00  64.00  43.05   0.00
12:42:24  96.0   0.0   0.7   3.3   0.0   19   6943   7600    0    0    0 108.13    0.00  30.96  24.03  53.14  63.05  20.00  43.05  63.00  63.00  64.00  43.05   0.00
12:42:25  78.3   0.0   0.8  20.9   0.0   28  19708  22534    0    0    1  97.74    0.00  27.70  20.90  49.14  62.05  20.00  43.05  62.00  62.00  65.00  43.05   0.00
12:42:26  95.4   0.0   0.6   4.0   0.0   26   5839   7192    0    0    0 105.79    0.00  30.10  23.09  52.61  63.05  20.00  43.05  63.00  63.00  65.00  43.05   0.00
12:42:27  94.3   0.0   1.2   4.5   0.0   28   9768   7418    0    0    0 111.63    0.00  31.87  24.69  55.07  63.05  20.00  43.05  63.00  63.00  65.00  44.05   0.00
12:42:28  62.1   0.0   0.5  37.4   0.0    5  11367   5345    0    0    0  96.24    0.00  27.34  20.84  48.06  73.05  20.00  43.05  73.00  73.00  64.00  44.05   0.00
12:42:29  13.9   0.0   0.2  85.9   0.0    3   3395   1410    0    0    1  83.39    0.00  23.27  17.44  42.68  65.05  20.00  43.05  65.00  65.00  65.00  44.05   0.00
12:42:30  12.8   0.0   0.2  86.9   0.0    8   4704   1765    1    0    3  78.22    0.00  21.72  15.87  40.63  76.05  20.00  44.05  76.00  76.00  65.00  44.05   0.00
12:42:31  11.9   0.0   0.3  87.8   0.0    2   4203   1525    0    0    1  71.34    0.00  19.81  14.06  37.47  61.05  20.00  44.05  61.00  61.00  66.00  44.05   0.00
12:42:32   4.3   0.0   0.0  95.6   0.1    2    929    851    9    2    0  40.28    0.00  10.82   5.22  24.24  58.05  20.00  44.05  58.00  58.00  66.00  44.05   0.00
12:42:33   4.2   0.0   0.0  95.8   0.0    2    353    629    0    0    2  38.14    0.00  10.36   5.07  22.71  58.05  20.00  44.05  58.00  58.00  60.00  44.05   0.00
12:42:34   4.2   0.0   0.0  95.8   0.0    2    321    587    0    0    0  39.16    0.00  10.57   5.07  23.52  58.05  20.00  44.05  58.00  58.00  60.00  44.05   0.00
12:42:35   5.9   0.0   0.2  93.8   0.0    3    714   1145    2    0    6  50.27    0.00  13.39   7.73  29.15  70.05  20.00  44.05  70.00  70.00  59.00  44.05   0.00
12:42:36  12.4   0.0   0.3  87.3   0.0    2   1797   1708    4    0    0  68.47    0.00  18.66  12.88  36.92  58.05  20.00  44.05  58.00  58.00  59.00  44.05   0.00
12:42:37   5.7   0.0   0.0  94.2   0.0    2    647    765    0    0    3  47.43    0.00  12.62   7.21  27.60  58.05  20.00  44.05  58.00  58.00  59.00  44.05   0.00
12:42:38   4.9   0.0   0.0  95.0   0.0    2    400    630    0    0    1  43.47    0.00  11.64   6.07  25.76  58.05  20.00  44.05  58.00  58.00  61.00  44.05   0.00
12:42:39   4.3   0.0   0.0  95.7   0.0    2    410    589    0    0    0  38.46    0.00  10.50   5.16  22.80  58.05  20.00  44.05  58.00  58.00  63.00  44.05   0.00
12:42:40   4.3   0.0   0.0  95.7   0.0    2    340    615    0    0    0  37.62    0.00  10.25   4.92  22.46  56.05  20.00  44.05  56.00  56.00  63.00  44.05   0.00
12:42:41   7.8   0.0   0.6  91.4   0.2    2   2846   2110    9    4    1  67.18    0.00  18.30  12.45  36.44  64.05  20.00  44.05  66.00  66.00  57.00  44.05   0.00
-------- ----- ----- ----- ----- ----- ---- ------ ------ ---- ---- ---- ------  ------ ------ ------ ------ ------ ------ ------ ------ ------ ------ ------ ------
 Average  53.3   0.0   0.7  45.9   0.1 14.6 16869.9 7449.1  7.7  2.8  5.1  89.33    0.00  24.73  17.67  46.93  61.14  20.00  43.26  61.10  61.12  61.67  42.74   0.00
 GeoMean   0.0   0.0   0.0  22.8   0.0  8.6 7453.4 4323.6  0.0  0.0  0.0  81.65    0.00  22.32  12.94  44.06  60.99  20.00  43.26  60.95  60.97  61.58  42.73   0.00
  StdDev  38.9   0.0   0.6  39.1   0.1 11.5 17659.8 7575.8 16.1 10.1 12.2  29.03    0.01   8.40   7.32  13.50   4.28   0.00   0.41   4.38   4.34   3.27   0.86   0.00
-------- ----- ----- ----- ----- ----- ---- ------ ------ ---- ---- ---- ------  ------ ------ ------ ------ ------ ------ ------ ------ ------ ------ ------ ------
 Minimum   0.0   0.0   0.0   1.2   0.0  1.0  228.0  142.0  0.0  0.0  0.0  16.42    0.00   3.71   0.06  12.65  51.05  20.00  43.05  51.00  51.00  52.00  42.05   0.00
 Maximum  98.1   0.0   4.2 100.0   0.7 31.0 73304.0 48828.0 70.0 47.0 68.0 124.66    0.07  35.04  27.28  62.33  76.05  20.00  44.05  76.00  76.00  67.00  44.05   0.00
-------- ----- ----- ----- ----- ----- ---- ------ ------ ---- ---- ---- ------  ------ ------ ------ ------ ------ ------ ------ ------ ------ ------ ------ ------
Summary:
CPU:  89.33 Watts on average with standard deviation 29.03 
Note: power read from RAPL domains: uncore, pkg-0, core, psys.
These readings do not cover all the hardware in this device.

Histogram (of 58 power measurements)

  Range (Watts)   Count
 16.416 -  27.240     3 ###
 27.241 -  38.065     1 #
 38.066 -  48.889     6 #######
 48.890 -  59.714     1 #
 59.715 -  70.538     3 ###
 70.539 -  81.363     2 ##
 81.364 -  92.188     2 ##
 92.189 - 103.012     6 #######
103.013 - 113.837    33 ########################################
113.838 - 124.662     1 #

Histogram (of 58 CPU utilization measurements)

 Range (%CPU)   Count
 0.000 -  9.882    13 ###########################
 9.883 - 19.766     9 ##################
19.767 - 29.649     2 ####
29.650 - 39.532     0 
39.533 - 49.415     2 ####
49.416 - 59.299     0 
59.300 - 69.182     3 ######
69.183 - 79.065     3 ######
79.066 - 88.949     7 ##############
88.950 - 98.832    19 ########################################

Histogram (of 58 thermal zone TCPU readings)

 Range (°C)    Count
51.050 - 53.549     3 ######
53.550 - 56.049     2 ####
56.050 - 58.549    10 ######################
58.550 - 61.049    18 ########################################
61.050 - 63.549    15 #################################
63.550 - 66.049     7 ###############
66.050 - 68.549     0 
68.550 - 71.049     1 ##
71.050 - 73.549     1 ##
73.550 - 76.049     1 ##

Range is zero, cannot produce histogram of thermal zone iwlwifi_1

Histogram (of 58 thermal zone INT3400 Thermal readings)

 Range (°C)    Count
43.050 - 43.149    46 ########################################
43.150 - 43.249     0 
43.250 - 43.349     0 
43.350 - 43.449     0 
43.450 - 43.549     0 
43.550 - 43.649     0 
43.650 - 43.749     0 
43.750 - 43.849     0 
43.850 - 43.949     0 
43.950 - 44.049    12 ##########

Histogram (of 58 thermal zone SEN3 readings)

 Range (°C)    Count
51.000 - 53.499     3 ######
53.500 - 55.999     2 ####
56.000 - 58.499    10 ######################
58.500 - 60.999    18 ########################################
61.000 - 63.499    15 #################################
63.500 - 65.999     7 ###############
66.000 - 68.499     0 
68.500 - 70.999     1 ##
71.000 - 73.499     1 ##
73.500 - 75.999     1 ##

Histogram (of 58 thermal zone TCPU_PCI readings)

 Range (°C)    Count
51.000 - 53.499     3 ######
53.500 - 55.999     2 ####
56.000 - 58.499    10 ######################
58.500 - 60.999    18 ########################################
61.000 - 63.499    15 #################################
63.500 - 65.999     7 ###############
66.000 - 68.499     0 
68.500 - 70.999     1 ##
71.000 - 73.499     1 ##
73.500 - 75.999     1 ##

Histogram (of 58 thermal zone x86_pkg_temp readings)

 Range (°C)    Count
52.000 - 53.499     4 ########
53.500 - 54.999     0 
55.000 - 56.499     0 
56.500 - 57.999     1 ##
58.000 - 59.499     3 ######
59.500 - 60.999    18 ########################################
61.000 - 62.499     5 ###########
62.500 - 63.999    17 #####################################
64.000 - 65.499     5 ###########
65.500 - 66.999     5 ###########

Histogram (of 58 thermal zone acpitz readings)

 Range (°C)    Count
42.050 - 42.249    33 ########################################
42.250 - 42.449     0 
42.450 - 42.649     0 
42.650 - 42.849     0 
42.850 - 43.049    10 ############
43.050 - 43.249     0 
43.250 - 43.449     0 
43.450 - 43.649     0 
43.650 - 43.849     0 
43.850 - 44.049    15 ##################

Range is zero, cannot produce histogram of thermal zone SEN2
