Running for 86400.0 seconds (86400 samples at 1.0 second intervals).
Power measurements will start in 0 seconds time.

  Time    User  Nice   Sys  Idle    IO  Run Ctxt/s  IRQ/s Fork Exec Exit  Watts  uncore  pkg-0   core   psys   TCPU x86_pk INT340   SEN3 TCPU_P iwlwif acpitz   SEN2
17:24:57   0.0   0.0   0.0 100.0   0.0    1    136    245    0    0    0   4.11    0.00   1.09   0.16   2.86  50.05  50.00  20.00  39.05  50.00  56.00  40.05   0.00
17:24:58   0.0   0.0   0.0 100.0   0.0    1    156    106    0    0    0   2.30    0.00   0.65   0.07   1.58  49.05  49.00  20.00  39.05  49.00  56.00  40.05   0.00
17:24:59   0.0   0.0   0.1  99.8   0.0    3    327    156    9    6    8   5.32    0.00   1.45   0.14   3.73  48.05  48.00  20.00  39.05  48.00  54.00  40.05   0.00
17:25:00  17.3   0.0   1.0  81.6   0.0    5  60360   6969   45    0    0  95.35    0.00  27.70  21.95  45.68  65.05  65.00  20.00  39.05  65.00  52.00  40.05   0.00
17:25:01  18.0   0.0   0.5  81.5   0.0    6  47572   5353    5    4    4  83.63    0.00  23.97  18.30  41.36  66.05  66.00  20.00  39.05  66.00  52.00  40.05   0.00
17:25:02  13.7   0.0   0.8  85.4   0.1    3  26904   5214   86    7   67  70.08    0.00  19.42  13.23  37.42  55.05  55.00  20.00  39.05  55.00  63.00  40.05   0.00
17:25:03  23.9   0.0   1.8  74.3   0.0    5  69557  15423   35    0    9  86.41    0.00  25.25  19.66  41.49  57.05  57.00  20.00  39.05  57.00  63.00  40.05   0.00
17:25:04  14.3   0.0   0.8  84.8   0.0    6  27658   7535   42   50   37  67.75    0.00  19.06  13.28  35.41  55.05  55.00  20.00  39.05  55.00  58.00  40.05   0.00
17:25:05  17.7   0.0   0.5  81.8   0.0   10  47228   5524   41   40   30  94.66    0.00  27.20  20.85  46.61  61.05  61.00  20.00  39.05  61.00  58.00  40.05   0.00
17:25:06  71.6   0.0   1.7  26.7   0.0   20  68897  15814   17    0    0 119.32    0.00  35.67  29.48  54.17  61.05  61.00  20.00  39.05  61.00  59.00  40.05   0.00
17:25:07  69.8   0.0   0.8  29.3   0.0   17  34307   9483    0    0    1 102.77    0.00  30.17  23.80  48.80  57.05  57.00  20.00  39.05  57.00  59.00  40.05   0.00
17:25:08  75.6   0.0   0.8  23.6   0.0   19  22712   7672    0    0    2 101.70    0.00  30.01  23.71  47.97  58.05  58.00  20.00  39.05  58.00  59.00  40.05   0.00
17:25:09  71.8   0.0   0.6  27.6   0.0   18  14207   6683    0    0    0 102.14    0.00  30.16  23.78  48.20  59.05  59.00  20.00  39.05  59.00  59.00  40.05   0.00
17:25:10  44.0   0.0   0.5  55.6   0.0   20  18555   5560    1    0    1  98.20    0.00  28.78  22.75  46.66  70.05  70.00  20.00  39.05  70.00  59.00  40.05   0.00
17:25:11  31.2   0.0   0.3  68.5   0.0    5  23203   4485    0    0    0 104.37    0.00  30.52  24.43  49.42  72.05  72.00  20.00  39.05  72.00  59.00  40.05   0.00
17:25:12  73.6   0.0   0.8  25.6   0.0   29  22726   8432   37    0    2 107.05    0.00  31.61  25.39  50.05  58.05  58.00  20.00  39.05  58.00  66.00  40.05   0.00
17:25:13  97.2   0.0   0.6   2.2   0.0   28   8462   8065    0    0    0 100.86    0.00  29.87  23.91  47.07  58.05  58.00  20.00  39.05  58.00  66.00  40.05   0.00
17:25:14  58.3   0.0   0.7  40.9   0.0    5  25507  45116    0    0    0  96.50    0.00  28.49  22.59  45.42  67.05  67.00  20.00  39.05  67.00  60.00  40.05   0.00
17:25:15  18.9   0.0   0.6  80.4   0.0    9  46299   6820    0    0    0 103.63    0.00  30.16  24.24  49.22  70.05  70.00  20.00  39.05  70.00  60.00  40.05   0.00
17:25:16  18.8   0.0   0.6  80.6   0.0    5  36278   6144    0    0    0 103.22    0.00  30.07  24.15  49.00  69.05  69.00  20.00  39.05  69.00  67.00  40.05   0.00
17:25:17  85.2   0.0   0.5  14.3   0.0   22  14334   7441    0    0    3 107.29    0.00  31.74  25.31  50.24  58.05  58.00  20.00  39.05  58.00  67.00  40.05   0.00
17:25:18  96.9   0.0   0.5   2.6   0.0   30  13165   8723    0    0    0 101.15    0.00  29.86  23.62  47.67  58.05  58.00  20.00  39.05  58.00  67.00  40.05   0.00
17:25:19  96.4   0.0   0.5   3.0   0.0   29  13096   8529    0    0    0 102.25    0.00  30.07  23.61  48.57  58.05  58.00  20.00  39.05  58.00  60.00  40.05   0.00
17:25:20  96.1   0.0   0.5   3.3   0.0   26  16123   9088    0    0    0 100.58    0.00  29.64  23.32  47.62  58.05  58.00  20.00  39.05  58.00  59.00  40.05   0.00
17:25:21  96.0   0.0   0.4   3.7   0.0   28  12129   7963    0    0    0 101.21    0.00  29.85  23.53  47.83  58.05  58.00  20.00  39.05  58.00  59.00  40.05   0.00
17:25:22  84.2   0.0   0.8  15.1   0.0   30  16955  13252    0    0    0 100.92    0.00  29.69  23.22  48.02  58.05  58.00  20.00  39.05  58.00  59.00  40.05   0.00
17:25:23  94.5   0.0   0.6   4.8   0.0   28  13127   8082    0    0    0 102.29    0.00  29.89  23.52  48.88  58.05  58.00  20.00  39.05  58.00  59.00  41.05   0.00
17:25:24  80.2   0.0   0.4  19.4   0.0    5  10912   6830    0    0    0  96.66    0.00  27.83  21.52  47.31  65.05  65.00  20.00  39.05  65.00  60.00  41.05   0.00
17:25:25  53.5   0.0   0.5  46.0   0.0    6  11550   5873    0    0    0  98.38    0.00  28.34  22.18  47.86  67.05  67.00  20.00  39.05  67.00  60.00  41.05   0.00
17:25:26  17.6   0.0   0.3  82.1   0.0    5   9394   2264    0    0    0  84.76    0.00  23.95  18.12  42.69  67.05  67.00  20.00  40.05  67.00  60.00  41.05   0.00
17:25:27  14.0   0.0   0.2  85.8   0.0    5   9988   2181    0    0    0  70.91    0.00  20.36  14.81  35.74  66.05  66.00  20.00  40.05  66.00  60.00  41.05   0.00
17:25:28  12.2   0.0   0.4  87.4   0.0    2   8088   2188    4    4    2  66.88    0.00  19.35  13.89  33.64  60.05  60.00  20.00  40.05  60.00  60.00  41.05   0.00
-------- ----- ----- ----- ----- ----- ---- ------ ------ ---- ---- ---- ------  ------ ------ ------ ------ ------ ------ ------ ------ ------ ------ ------ ------
 Average  48.8   0.0   0.6  50.6   0.0 13.5 23434.8 7912.9 10.1  3.5  5.2  86.96    0.00  25.37  19.77  41.82  60.55  60.50  20.00  39.14  60.50  59.84  40.24   0.00
 GeoMean   0.0   0.0   0.0  30.9   0.0  9.0 13462.5 4999.4  0.0  0.0  0.0  69.80    0.00  20.21  13.08  34.80  60.25  60.20  20.00  39.14  60.20  59.73  40.24   0.00
  StdDev  34.8   0.0   0.4  34.9   0.0 10.4 18570.4 7630.9 19.9 10.9 13.8  29.29    0.00   8.70   7.30  13.40   6.03   6.03   0.00   0.29   6.03   3.75   0.39   0.00
-------- ----- ----- ----- ----- ----- ---- ------ ------ ---- ---- ---- ------  ------ ------ ------ ------ ------ ------ ------ ------ ------ ------ ------ ------
 Minimum   0.0   0.0   0.0   2.2   0.0  1.0  136.0  106.0  0.0  0.0  0.0   2.30    0.00   0.65   0.07   1.58  48.05  48.00  20.00  39.05  48.00  52.00  40.05   0.00
 Maximum  97.2   0.0   1.8 100.0   0.1 30.0 69557.0 45116.0 86.0 50.0 67.0 119.32    0.00  35.67  29.48  54.17  72.05  72.00  20.00  40.05  72.00  67.00  41.05   0.00
-------- ----- ----- ----- ----- ----- ---- ------ ------ ---- ---- ---- ------  ------ ------ ------ ------ ------ ------ ------ ------ ------ ------ ------ ------
Summary:
CPU:  86.96 Watts on average with standard deviation 29.29 
Note: power read from RAPL domains: uncore, pkg-0, core, psys.
These readings do not cover all the hardware in this device.

Histogram (of 32 power measurements)

  Range (Watts)   Count
  2.298 -  13.999     3 ######
 14.000 -  25.701     0 
 25.702 -  37.403     0 
 37.404 -  49.105     0 
 49.106 -  60.807     0 
 60.808 -  72.508     4 ########
 72.509 -  84.210     1 ##
 84.211 -  95.912     4 ########
 95.913 - 107.614    19 ########################################
107.615 - 119.316     1 ##

Histogram (of 32 CPU utilization measurements)

 Range (%CPU)   Count
 0.000 -  9.775     3 #############
 9.776 - 19.551     9 ########################################
19.552 - 29.326     2 ########
29.327 - 39.102     1 ####
39.103 - 48.878     1 ####
48.879 - 58.654     1 ####
58.655 - 68.429     1 ####
68.430 - 78.205     5 ######################
78.206 - 87.981     3 #############
87.982 - 97.757     6 ##########################

Histogram (of 32 thermal zone TCPU readings)

 Range (°C)    Count
48.050 - 50.449     3 ##########
50.450 - 52.849     0 
52.850 - 55.249     2 ######
55.250 - 57.649     2 ######
57.650 - 60.049    12 ########################################
60.050 - 62.449     2 ######
62.450 - 64.849     0 
64.850 - 67.249     7 #######################
67.250 - 69.649     1 ###
69.650 - 72.049     3 ##########

Histogram (of 32 thermal zone x86_pkg_temp readings)

 Range (°C)    Count
48.000 - 50.399     3 ##########
50.400 - 52.799     0 
52.800 - 55.199     2 ######
55.200 - 57.599     2 ######
57.600 - 59.999    12 ########################################
60.000 - 62.399     2 ######
62.400 - 64.799     0 
64.800 - 67.199     7 #######################
67.200 - 69.599     1 ###
69.600 - 71.999     3 ##########

Range is zero, cannot produce histogram of thermal zone INT3400 Thermal

Histogram (of 32 thermal zone SEN3 readings)

 Range (°C)    Count
39.050 - 39.149    29 ########################################
39.150 - 39.249     0 
39.250 - 39.349     0 
39.350 - 39.449     0 
39.450 - 39.549     0 
39.550 - 39.649     0 
39.650 - 39.749     0 
39.750 - 39.849     0 
39.850 - 39.949     0 
39.950 - 40.049     3 ####

Histogram (of 32 thermal zone TCPU_PCI readings)

 Range (°C)    Count
48.000 - 50.399     3 ##########
50.400 - 52.799     0 
52.800 - 55.199     2 ######
55.200 - 57.599     2 ######
57.600 - 59.999    12 ########################################
60.000 - 62.399     2 ######
62.400 - 64.799     0 
64.800 - 67.199     7 #######################
67.200 - 69.599     1 ###
69.600 - 71.999     3 ##########

Histogram (of 32 thermal zone iwlwifi_1 readings)

 Range (°C)    Count
52.000 - 53.499     2 ########
53.500 - 54.999     1 ####
55.000 - 56.499     2 ########
56.500 - 57.999     2 ########
58.000 - 59.499    10 ########################################
59.500 - 60.999     8 ################################
61.000 - 62.499     0 
62.500 - 63.999     2 ########
64.000 - 65.499     0 
65.500 - 66.999     5 ####################

Histogram (of 32 thermal zone acpitz readings)

 Range (°C)    Count
40.050 - 40.149    26 ########################################
40.150 - 40.249     0 
40.250 - 40.349     0 
40.350 - 40.449     0 
40.450 - 40.549     0 
40.550 - 40.649     0 
40.650 - 40.749     0 
40.750 - 40.849     0 
40.850 - 40.949     0 
40.950 - 41.049     6 #########

Range is zero, cannot produce histogram of thermal zone SEN2
