Running for 86400.0 seconds (86400 samples at 1.0 second intervals).
Power measurements will start in 0 seconds time.

  Time    User  Nice   Sys  Idle    IO  Run Ctxt/s  IRQ/s Fork Exec Exit  Watts  uncore  pkg-0   core   psys   TCPU x86_pk INT340   SEN3 TCPU_P iwlwif acpitz   SEN2
17:45:32   0.0   0.0   0.0 100.0   0.0    1    202    283    0    0    0  11.56    0.00   2.57   0.14   8.84  49.05  50.00  20.00  40.05  50.00  54.00  41.05   0.00
17:45:33   0.0   0.0   0.0  99.9   0.0    1    236    113    0    0    0   9.77    0.00   2.19   0.05   7.52  49.05  49.00  20.00  40.05  49.00  54.00  41.05   0.00
17:45:34   0.1   0.0   0.1  99.8   0.0    2    383    182   14    6    8  12.35    0.00   2.80   0.17   9.39  48.05  48.00  20.00  40.05  48.00  54.00  41.05   0.00
17:45:35  15.4   0.0   1.1  83.5   0.0    3  49022   6430   39    0    0  96.51    0.00  27.25  21.47  47.79  58.05  58.00  20.00  40.05  58.00  51.00  41.05   0.00
17:45:36  18.3   0.0   0.7  81.0   0.0    5  46786   5249    5    4    4  90.47    0.00  25.18  19.05  46.23  65.05  65.00  20.00  40.05  65.00  62.00  41.05   0.00
17:45:37  12.0   0.0   0.8  87.1   0.1    2  27746   5160   89    5   64  80.10    0.00  21.70  15.29  43.11  57.05  57.00  20.00  40.05  56.00  62.00  41.05   0.00
17:45:38  23.4   0.0   2.1  74.5   0.0    4  93779  17993   34    0    9  97.78    0.00  27.82  21.93  48.03  60.05  60.00  20.00  40.05  60.00  59.00  41.05   0.00
17:45:39  12.1   0.0   1.0  86.9   0.0    3  40821   8504   52   69   49  83.87    0.00  23.06  16.75  44.06  56.05  56.00  20.00  40.05  56.00  59.00  41.05   0.00
17:45:40  14.7   0.0   0.8  84.5   0.0    7  49731   5395   16   21   18  93.83    0.00  26.11  19.77  47.95  70.05  70.00  20.00  40.05  70.00  64.00  41.05   0.00
17:45:41  51.0   0.0   1.1  47.9   0.0   20  62633   9281   29    0    0 122.33    0.00  35.49  29.10  57.74  58.05  58.00  20.00  40.05  58.00  64.00  41.05   0.00
17:45:42  69.4   0.0   1.0  29.5   0.0   20  28815  12694    0    0    3 103.32    0.00  29.59  23.07  50.67  58.05  58.00  20.00  40.05  59.00  67.00  41.05   0.00
17:45:43  72.4   0.0   0.7  26.8   0.0   22  27296   7878    0    0    1 106.31    0.00  30.36  23.55  52.40  58.05  58.00  20.00  40.05  58.00  67.00  41.05   0.00
17:45:44  75.6   0.0   0.8  23.6   0.0   18  26138   7915    0    0    0 103.46    0.00  29.61  22.88  50.98  60.05  59.00  20.00  40.05  59.00  67.00  41.05   0.00
17:45:45  61.3   0.0   0.5  38.2   0.0    5  25006   7162    0    0    0  99.91    0.00  28.42  21.87  49.63  71.05  71.00  20.00  40.05  71.00  60.00  41.05   0.00
17:45:46  32.7   0.0   0.3  67.0   0.0    5  16733   4525    1    0    1 108.46    0.00  30.85  24.51  53.10  69.05  69.00  20.00  40.05  69.00  61.00  41.05   0.00
17:45:47  24.1   0.0   0.3  75.5   0.1   32  19805   3989   11    0    1  99.53    0.00  27.96  21.63  49.94  62.05  62.00  20.00  40.05  62.00  61.00  41.05   0.00
17:45:48  73.1   0.0   0.9  26.0   0.0   28  23300   9203   24    0    1 105.68    0.00  30.33  23.97  51.38  60.05  60.00  20.00  40.05  60.00  66.00  41.05   0.00
17:45:49  97.0   0.0   0.3   2.7   0.0    7   5999   7312    0    0    0 102.33    0.00  29.36  23.12  49.85  57.05  57.00  20.00  40.05  57.00  66.00  41.05   0.00
17:45:50  47.9   0.0   1.0  51.1   0.0    5  42314  46089    0    0    0 101.70    0.00  28.90  22.41  50.39  68.05  68.00  20.00  40.05  70.00  60.00  41.05   0.00
17:45:51  18.5   0.0   0.4  81.1   0.0    5  30997   5791    0    0    0  97.89    0.00  27.35  21.03  49.51  70.05  70.00  20.00  40.05  70.00  60.00  41.05   0.00
17:45:52  30.5   0.0   0.5  68.9   0.0   31  61671   8399    0    0    1 116.63    0.00  33.42  26.79  56.42  64.05  64.00  20.00  40.05  64.00  69.00  41.05   0.00
17:45:53  86.6   0.0   0.8  12.6   0.0   29  30532   9053    0    0    0 106.70    0.00  30.69  24.06  51.95  60.05  60.00  20.00  40.05  60.00  69.00  41.05   0.00
17:45:54  96.6   0.0   0.6   2.8   0.0    4  11041   8000    0    0    0 104.24    0.00  29.85  23.20  51.19  59.05  59.00  20.00  40.05  59.00  69.00  41.05   0.00
17:45:55  96.0   0.0   1.0   3.0   0.0   30  12750   8400    0    0    0 104.32    0.00  29.85  23.18  51.29  58.05  58.00  20.00  40.05  58.00  60.00  41.05   0.00
17:45:56  96.1   0.0   0.9   3.0   0.0   29  15777   8775    0    0    0 104.23    0.00  29.86  23.18  51.19  59.05  59.00  20.00  40.05  60.00  60.00  41.05   0.00
17:45:57  95.7   0.0   0.9   3.4   0.0   27  14740   8331    0    0    0 104.34    0.00  29.88  23.18  51.27  60.05  60.00  20.00  40.05  60.00  60.00  41.05   0.00
17:45:58  84.6   0.0   0.8  14.6   0.0   27  15981  16208    0    0    0 101.73    0.00  29.14  22.52  50.07  61.05  61.00  20.00  40.05  61.00  60.00  41.05   0.00
17:45:59  95.7   0.0   0.5   3.8   0.0   20  10817   7440    0    0    0 106.76    0.00  30.64  23.90  52.22  59.05  59.00  20.00  40.05  59.00  60.00  42.05   0.00
17:46:00  77.6   0.0   0.5  21.9   0.0   28  11396   7021    0    0    0 103.54    0.00  29.58  22.97  51.00  60.05  60.00  20.00  40.05  60.00  60.00  42.05   0.00
17:46:01  40.8   0.0   0.5  58.7   0.0    4  12705   4309    0    0    0  98.41    0.00  27.72  21.37  49.32  74.05  74.00  20.00  40.05  72.00  60.00  42.05   0.00
17:46:02  17.5   0.0   0.3  82.2   0.0    5  15491   2854    0    0    0 101.10    0.00  28.59  22.66  49.84  68.05  68.00  20.00  40.05  68.00  70.00  42.05   0.00
-------- ----- ----- ----- ----- ----- ---- ------ ------ ---- ---- ---- ------  ------ ------ ------ ------ ------ ------ ------ ------ ------ ------ ------ ------
 Average  49.6   0.0   0.7  49.7   0.0 13.8 26794.9 8385.1 10.1  3.4  5.2  92.88    0.00  26.33  20.28  46.27  60.86  60.81  20.00  40.05  60.84  61.77  41.18   0.00
 GeoMean   0.0   0.0   0.0  30.1   0.0  8.6 15632.2 5416.1  0.0  0.0  0.0  81.83    0.00  22.70  13.29  42.31  60.54  60.49  20.00  40.05  60.53  61.59  41.18   0.00
  StdDev  34.2   0.0   0.4  34.3   0.0 11.3 20664.9 7878.7 19.8 12.6 14.1  27.83    0.00   8.20   7.04  12.65   6.21   6.16   0.00   0.00   6.12   4.74   0.34   0.00
-------- ----- ----- ----- ----- ----- ---- ------ ------ ---- ---- ---- ------  ------ ------ ------ ------ ------ ------ ------ ------ ------ ------ ------ ------
 Minimum   0.0   0.0   0.0   2.7   0.0  1.0  202.0  113.0  0.0  0.0  0.0   9.77    0.00   2.19   0.05   7.52  48.05  48.00  20.00  40.05  48.00  51.00  41.05   0.00
 Maximum  97.0   0.0   2.1 100.0   0.1 32.0 93779.0 46089.0 89.0 69.0 64.0 122.33    0.00  35.49  29.10  57.74  74.05  74.00  20.00  40.05  72.00  70.00  42.05   0.00
-------- ----- ----- ----- ----- ----- ---- ------ ------ ---- ---- ---- ------  ------ ------ ------ ------ ------ ------ ------ ------ ------ ------ ------ ------
Summary:
CPU:  92.88 Watts on average with standard deviation 27.83 
Note: power read from RAPL domains: uncore, pkg-0, core, psys.
These readings do not cover all the hardware in this device.

Histogram (of 31 power measurements)

  Range (Watts)   Count
  9.765 -  21.021     3 #######
 21.022 -  32.278     0 
 32.279 -  43.535     0 
 43.536 -  54.792     0 
 54.793 -  66.048     0 
 66.049 -  77.305     0 
 77.306 -  88.562     2 ####
 88.563 -  99.819     7 ################
 99.820 - 111.076    17 ########################################
111.077 - 122.333     2 ####

Histogram (of 31 CPU utilization measurements)

 Range (%CPU)   Count
 0.000 -  9.732     3 #################
 9.733 - 19.464     7 ########################################
19.465 - 29.197     2 ###########
29.198 - 38.930     2 ###########
38.931 - 48.662     1 #####
48.663 - 58.395     2 ###########
58.396 - 68.128     1 #####
68.129 - 77.860     4 ######################
77.861 - 87.593     3 #################
87.594 - 97.326     6 ##################################

Histogram (of 31 thermal zone TCPU readings)

 Range (°C)    Count
48.050 - 50.649     3 ############
50.650 - 53.249     0 
53.250 - 55.849     0 
55.850 - 58.449     8 ################################
58.450 - 61.049    10 ########################################
61.050 - 63.649     1 ####
63.650 - 66.249     2 ########
66.250 - 68.849     2 ########
68.850 - 71.449     4 ################
71.450 - 74.049     1 ####

Histogram (of 31 thermal zone x86_pkg_temp readings)

 Range (°C)    Count
48.000 - 50.599     3 ############
50.600 - 53.199     0 
53.200 - 55.799     0 
55.800 - 58.399     8 ################################
58.400 - 60.999    10 ########################################
61.000 - 63.599     1 ####
63.600 - 66.199     2 ########
66.200 - 68.799     2 ########
68.800 - 71.399     4 ################
71.400 - 73.999     1 ####

Range is zero, cannot produce histogram of thermal zone INT3400 Thermal

Range is zero, cannot produce histogram of thermal zone SEN3

Histogram (of 31 thermal zone TCPU_PCI readings)

 Range (°C)    Count
48.000 - 50.399     3 ########
50.400 - 52.799     0 
52.800 - 55.199     0 
55.200 - 57.599     3 ########
57.600 - 59.999    14 ########################################
60.000 - 62.399     2 #####
62.400 - 64.799     1 ##
64.800 - 67.199     1 ##
67.200 - 69.599     2 #####
69.600 - 71.999     5 ##############

Histogram (of 31 thermal zone iwlwifi_1 readings)

 Range (°C)    Count
51.000 - 52.899     1 ###
52.900 - 54.799     3 ##########
54.800 - 56.699     0 
56.700 - 58.599     0 
58.600 - 60.499    12 ########################################
60.500 - 62.399     4 #############
62.400 - 64.299     2 ######
64.300 - 66.199     2 ######
66.200 - 68.099     3 ##########
68.100 - 69.999     4 #############

Histogram (of 31 thermal zone acpitz readings)

 Range (°C)    Count
41.050 - 41.149    27 ########################################
41.150 - 41.249     0 
41.250 - 41.349     0 
41.350 - 41.449     0 
41.450 - 41.549     0 
41.550 - 41.649     0 
41.650 - 41.749     0 
41.750 - 41.849     0 
41.850 - 41.949     0 
41.950 - 42.049     4 #####

Range is zero, cannot produce histogram of thermal zone SEN2
