Running for 86400.0 seconds (86400 samples at 1.0 second intervals).
Power measurements will start in 0 seconds time.

  Time    User  Nice   Sys  Idle    IO  Run Ctxt/s  IRQ/s Fork Exec Exit  Watts  uncore  pkg-0   core   psys   TCPU x86_pk INT340   SEN3 TCPU_P iwlwif acpitz   SEN2
14:45:40   0.0   0.0   0.0 100.0   0.0    1    180    269    0    0    0   3.94    0.00   1.05   0.17   2.73  54.05  54.00  20.00  42.05  54.00  59.00  43.05   0.00
14:45:41   0.0   0.0   0.0  99.9   0.1    1    255    158    2    0    2   4.45    0.00   1.20   0.09   3.17  53.05  54.00  20.00  42.05  54.00  59.00  43.05   0.00
14:45:42   0.0   0.0   0.1  99.9   0.0    3    226    128    6    3    3   2.79    0.00   0.80   0.19   1.79  52.05  52.00  20.00  42.05  52.00  56.00  43.05   0.00
14:45:43   4.5   0.0   0.2  95.3   0.0    1   1894    792   12    0    0  56.12    0.00  16.86  11.92  27.34  71.05  71.00  20.00  42.05  71.00  56.00  43.05   0.00
14:45:44   4.1   0.0   0.0  95.8   0.0    2    776    554    0    0    0  55.26    0.00  16.69  11.73  26.84  74.05  74.00  20.00  42.05  74.00  72.00  43.05   0.00
14:45:45   4.1   0.0   0.0  95.9   0.0    2    686    550    0    0    0  55.17    0.00  16.67  11.72  26.79  74.05  74.00  20.00  42.05  74.00  72.00  43.05   0.00
14:45:46   4.2   0.0   0.0  95.8   0.0    2    714    603    0    0    0  55.42    0.00  16.65  11.69  27.07  74.05  74.00  20.00  42.05  74.00  74.00  43.05   0.00
14:45:47   4.1   0.0   0.0  95.9   0.0    2    752    573    0    0    0  55.20    0.00  16.66  11.71  26.83  74.05  74.00  20.00  42.05  74.00  74.00  43.05   0.00
14:45:48   4.1   0.0   0.0  95.8   0.0    2    721    510    0    0    0  56.71    0.00  16.90  11.72  28.08  72.05  72.00  20.00  42.05  72.00  74.00  43.05   0.00
14:45:49   4.2   0.0   0.1  95.8   0.0    2    636    665    0    0    0  46.04    0.00  13.26   8.13  24.65  60.05  60.00  20.00  42.05  60.00  74.00  43.05   0.00
14:45:50   4.2   0.0   0.0  95.8   0.0    2    501    576    0    0    0  39.11    0.00  11.06   5.89  22.16  60.05  60.00  20.00  42.05  60.00  63.00  43.05   0.00
14:45:51   4.2   0.0   0.0  95.8   0.0    2    557    580    0    0    0  38.83    0.00  11.06   5.91  21.86  61.05  61.00  20.00  42.05  61.00  63.00  43.05   0.00
14:45:52   4.2   0.0   0.0  95.7   0.0    2    476    540    0    0    0  39.27    0.00  11.29   5.93  22.05  60.05  60.00  20.00  42.05  60.00  61.00  43.05   0.00
14:45:53   4.2   0.0   0.0  95.8   0.0    2    510    526    0    0    0  38.78    0.00  11.14   5.89  21.74  60.05  60.00  20.00  42.05  60.00  61.00  43.05   0.00
14:45:54   4.2   0.0   0.0  95.8   0.0    2    518    559    0    0    0  36.86    0.00  11.00   5.89  19.97  60.05  60.00  20.00  42.05  60.00  61.00  43.05   0.00
14:45:55   4.2   0.0   0.0  95.8   0.0    2    456    507    0    0    0  37.84    0.00  11.18   5.89  20.77  60.05  60.00  20.00  42.05  60.00  61.00  43.05   0.00
14:45:56   4.1   0.0   0.0  95.9   0.0    2    508    539    0    0    0  36.80    0.00  10.97   5.88  19.95  60.05  60.00  20.00  42.05  60.00  61.00  43.05   0.00
14:45:57   4.2   0.0   0.0  95.8   0.0    2    440    553    0    0    0  36.87    0.00  10.99   5.89  19.98  61.05  61.00  20.00  42.05  61.00  61.00  43.05   0.00
14:45:58   4.2   0.0   0.0  95.8   0.0    2    506    566    0    0    0  37.92    0.00  11.18   5.89  20.84  60.05  60.00  20.00  42.05  60.00  61.00  43.05   0.00
14:45:59   4.2   0.0   0.0  95.8   0.0    2    528    552    0    0    0  36.85    0.00  10.98   5.89  19.98  60.05  60.00  20.00  42.05  60.00  61.00  43.05   0.00
14:46:00   4.1   0.0   0.0  95.8   0.0    2    429    560    0    0    0  36.90    0.00  11.00   5.90  20.00  60.05  60.00  20.00  42.05  60.00  61.00  43.05   0.00
14:46:01   4.2   0.0   0.0  95.8   0.0    2    534    551    0    0    0  36.83    0.00  10.98   5.89  19.95  60.05  60.00  20.00  42.05  60.00  61.00  43.05   0.00
14:46:02   4.2   0.0   0.0  95.8   0.0    2    512    401    0    0    0  36.75    0.00  10.98   5.89  19.88  60.05  60.00  20.00  42.05  60.00  61.00  43.05   0.00
14:46:03   4.2   0.0   0.0  95.8   0.0    2    458    521    0    0    0  36.79    0.00  10.98   5.89  19.93  60.05  60.00  20.00  42.05  60.00  61.00  43.05   0.00
14:46:04   4.1   0.0   0.0  95.9   0.0    2    490    503    0    0    0  36.79    0.00  10.98   5.89  19.92  60.05  60.00  20.00  42.05  60.00  61.00  43.05   0.00
14:46:05   4.2   0.0   0.0  95.8   0.0    2    434    552    0    0    0  36.81    0.00  10.98   5.89  19.94  60.05  60.00  20.00  42.05  60.00  61.00  43.05   0.00
14:46:06   4.2   0.0   0.0  95.8   0.0    2    504    560    0    0    0  36.86    0.00  10.99   5.89  19.98  60.05  60.00  20.00  42.05  60.00  61.00  43.05   0.00
14:46:07   4.2   0.0   0.0  95.7   0.1    2    580    584    0    0    0  38.79    0.00  11.29   5.93  21.57  60.05  60.00  20.00  42.05  60.00  61.00  43.05   0.00
14:46:08   4.2   0.0   0.0  95.8   0.0    2    416    501    0    0    0  39.08    0.00  11.12   5.89  22.07  60.05  60.00  20.00  42.05  60.00  61.00  43.05   0.00
14:46:09   4.2   0.0   0.0  95.8   0.0    2    532    557    0    0    0  38.03    0.00  11.21   5.92  20.90  60.05  60.00  20.00  42.05  60.00  61.00  43.05   0.00
14:46:10   4.2   0.0   0.0  95.8   0.0    2    490    520    0    0    0  36.80    0.00  10.98   5.89  19.93  60.05  60.00  20.00  42.05  60.00  61.00  43.05   0.00
14:46:11   4.2   0.0   0.0  95.8   0.0    2    474    578    0    0    0  36.86    0.00  11.00   5.90  19.97  60.05  60.00  20.00  42.05  60.00  60.00  43.05   0.00
14:46:12   4.2   0.0   0.0  95.8   0.0    2    505    554    0    0    0  36.90    0.00  10.99   5.91  20.00  60.05  60.00  20.00  42.05  60.00  60.00  43.05   0.00
14:46:13   4.2   0.0   0.0  95.8   0.0    2    740    586    0    0    0  36.82    0.00  10.97   5.90  19.95  60.05  60.00  20.00  42.05  60.00  60.00  43.05   0.00
14:46:14   4.1   0.0   0.0  95.8   0.0    2    490    541    0    0    0  36.78    0.00  10.97   5.90  19.91  60.05  60.00  20.00  42.05  60.00  60.00  43.05   0.00
14:46:15   4.2   0.0   0.0  95.8   0.0    2    528    550    0    0    0  36.78    0.00  10.97   5.90  19.91  60.05  60.00  20.00  42.05  60.00  60.00  43.05   0.00
14:46:16   4.1   0.0   0.0  95.9   0.0    2    408    520    0    0    0  36.79    0.00  10.98   5.90  19.91  60.05  60.00  20.00  42.05  60.00  60.00  43.05   0.00
14:46:17   4.2   0.0   0.0  95.8   0.0    2    498    405    0    0    0  36.72    0.00  10.97   5.90  19.86  60.05  60.00  20.00  42.05  60.00  60.00  43.05   0.00
14:46:18   4.1   0.0   0.0  95.9   0.0    2    484    564    0    0    0  36.90    0.00  10.99   5.90  20.01  58.05  58.00  20.00  42.05  58.00  60.00  43.05   0.00
14:46:19   4.2   0.0   0.0  95.8   0.0    2    446    549    0    0    0  37.68    0.00  11.14   5.89  20.64  58.05  58.00  20.00  42.05  58.00  60.00  43.05   0.00
14:46:20   4.2   0.0   0.0  95.8   0.0    2    488    540    0    0    0  36.77    0.00  10.97   5.90  19.90  60.05  60.00  20.00  42.05  60.00  60.00  43.05   0.00
14:46:21   4.2   0.0   0.0  95.8   0.0    2    434    546    0    0    0  36.76    0.00  10.97   5.90  19.89  60.05  60.00  20.00  42.05  60.00  60.00  43.05   0.00
14:46:22   4.1   0.0   0.0  95.9   0.0    2    516    581    0    0    0  36.79    0.00  10.97   5.90  19.92  60.05  60.00  20.00  42.05  60.00  60.00  43.05   0.00
14:46:23   4.2   0.0   0.0  95.8   0.0    2    615    656    0    0    0  39.41    0.00  11.28   6.14  21.99  60.05  58.00  20.00  42.05  58.00  60.00  43.05   0.00
14:46:24   4.2   0.0   0.0  95.8   0.0    2    478    521    0    0    0  38.73    0.00  11.03   5.89  21.81  58.05  60.00  20.00  42.05  60.00  60.00  43.05   0.00
14:46:25   4.1   0.0   0.0  95.9   0.0    2    505    541    0    0    0  38.79    0.00  11.03   5.90  21.86  60.05  60.00  20.00  42.05  60.00  60.00  43.05   0.00
14:46:26   4.2   0.0   0.0  95.8   0.0    2    444    539    0    0    0  37.77    0.00  10.99   5.89  20.88  60.05  60.00  20.00  42.05  60.00  60.00  43.05   0.00
14:46:27   4.2   0.0   0.0  95.8   0.0    2    532    562    0    0    0  36.87    0.00  10.98   5.89  19.99  60.05  60.00  20.00  42.05  60.00  60.00  43.05   0.00
14:46:28   4.2   0.0   0.0  95.8   0.0    2    392    527    0    0    0  36.83    0.00  10.99   5.90  19.93  60.05  60.00  20.00  42.05  60.00  60.00  43.05   0.00
14:46:29   4.1   0.0   0.0  95.8   0.0    2    480    543    0    0    0  36.78    0.00  10.98   5.90  19.90  60.05  60.00  20.00  42.05  60.00  60.00  43.05   0.00
14:46:30   4.2   0.0   0.0  95.8   0.0    2    502    555    0    0    0  36.81    0.00  10.99   5.90  19.93  60.05  60.00  20.00  42.05  60.00  60.00  43.05   0.00
14:46:31   4.2   0.0   0.0  95.8   0.0    2    492    565    0    0    0  36.81    0.00  10.99   5.90  19.93  58.05  58.00  20.00  42.05  58.00  60.00  43.05   0.00
14:46:32   4.1   0.0   0.0  95.9   0.0    2    476    527    0    0    0  36.79    0.00  10.97   5.89  19.93  58.05  58.00  20.00  42.05  60.00  60.00  43.05   0.00
14:46:33   4.2   0.0   0.0  95.8   0.0    2    414    543    0    0    0  37.82    0.00  11.19   5.91  20.73  60.05  60.00  20.00  42.05  60.00  60.00  43.05   0.00
14:46:34   4.1   0.0   0.0  95.8   0.0    2    498    485    0    0    0  36.80    0.00  10.98   5.89  19.94  60.05  60.00  20.00  42.05  60.00  60.00  43.05   0.00
14:46:35   4.2   0.0   0.0  95.8   0.0    2    458    521    0    0    0  36.78    0.00  10.99   5.91  19.89  60.05  60.00  20.00  42.05  60.00  60.00  43.05   0.00
14:46:36   4.1   0.0   0.0  95.9   0.0    2    485    534    0    0    0  36.81    0.00  10.98   5.90  19.93  60.05  60.00  20.00  42.05  60.00  60.00  43.05   0.00
14:46:37   4.2   0.0   0.0  95.8   0.0    2    520    561    0    0    0  37.46    0.00  11.10   5.89  20.46  60.05  60.00  20.00  42.05  60.00  60.00  43.05   0.00
14:46:38   4.2   0.0   0.0  95.8   0.0    2    433    547    0    0    0  37.34    0.00  11.07   5.91  20.36  60.05  60.00  20.00  42.05  60.00  60.00  43.05   0.00
14:46:39   4.2   0.0   0.0  95.8   0.0    2    521    550    0    0    0  36.75    0.00  10.96   5.89  19.90  60.05  60.00  20.00  42.05  60.00  60.00  43.05   0.00
14:46:40   4.1   0.0   0.0  95.8   0.0    2    400    525    0    0    0  36.76    0.00  10.97   5.89  19.90  60.05  60.00  20.00  42.05  60.00  60.00  43.05   0.00
14:46:41   4.1   0.0   0.0  95.9   0.0    2    516    544    0    0    0  36.77    0.00  10.96   5.89  19.92  60.05  60.00  20.00  42.05  60.00  60.00  43.05   0.00
14:46:42   4.1   0.0   0.0  95.8   0.0    2    492    552    0    0    0  36.78    0.00  10.97   5.90  19.92  58.05  58.00  20.00  42.05  58.00  60.00  43.05   0.00
14:46:43   4.2   0.0   0.0  95.8   0.0    2    776    579    0    0    0  37.86    0.00  11.16   5.89  20.81  58.05  58.00  20.00  42.05  60.00  60.00  43.05   0.00
14:46:44   4.1   0.0   0.0  95.9   0.0    2    484    537    0    0    0  36.77    0.00  10.96   5.89  19.92  60.05  60.00  20.00  42.05  60.00  60.00  43.05   0.00
14:46:45   4.2   0.0   0.0  95.8   0.0    2    420    540    0    0    0  36.76    0.00  10.96   5.89  19.91  60.05  60.00  20.00  42.05  60.00  60.00  43.05   0.00
14:46:46   4.1   0.0   0.0  95.9   0.0    2    518    567    0    0    2  36.80    0.00  10.97   5.89  19.94  60.05  60.00  20.00  42.05  60.00  60.00  43.05   0.00
14:46:47   4.1   0.0   0.0  95.9   0.0    2    544    580    0    0    0  36.80    0.00  10.97   5.89  19.93  58.05  58.00  20.00  42.05  58.00  60.00  43.05   0.00
14:46:48   4.2   0.0   0.0  95.8   0.0    2    432    528    0    0    0  36.90    0.00  10.98   5.91  20.01  60.05  60.00  20.00  42.05  60.00  60.00  43.05   0.00
14:46:49   4.1   0.0   0.0  95.8   0.0    2    636    619    0    0    0  39.50    0.00  11.26   6.11  22.13  58.05  58.00  20.00  42.05  58.00  60.00  42.05   0.00
14:46:50   4.1   0.0   0.0  95.9   0.0    2    420    550    0    0    0  38.75    0.00  11.03   5.90  21.83  58.05  58.00  20.00  42.05  58.00  60.00  42.05   0.00
14:46:51   4.2   0.0   0.0  95.8   0.0    2    534    555    0    0    0  38.78    0.00  11.04   5.89  21.85  60.05  60.00  20.00  42.05  60.00  60.00  42.05   0.00
14:46:52   4.1   0.0   0.0  95.9   0.0    2    429    522    0    0    0  37.49    0.00  10.99   5.89  20.61  58.05  58.00  20.00  42.05  58.00  60.00  42.05   0.00
14:46:53   4.2   0.0   0.0  95.8   0.0    2    494    540    0    0    0  36.84    0.00  10.98   5.89  19.98  60.05  60.00  20.00  42.05  60.00  60.00  42.05   0.00
14:46:54   4.2   0.0   0.0  95.8   0.0    2    489    568    0    0    0  36.82    0.00  10.98   5.89  19.95  60.05  60.00  20.00  42.05  60.00  60.00  42.05   0.00
14:46:55   4.2   0.0   0.0  95.8   0.0    3    457    559    0    0    0  36.80    0.00  10.98   5.89  19.93  58.05  58.00  20.00  42.05  58.00  60.00  42.05   0.00
14:46:56   4.1   0.0   0.0  95.8   0.0    2    483    543    0    0    0  36.79    0.00  10.97   5.89  19.93  60.05  60.00  20.00  42.05  60.00  60.00  42.05   0.00
14:46:57   4.2   0.0   0.0  95.8   0.0    2    442    541    0    0    0  36.78    0.00  10.98   5.89  19.91  60.05  60.00  20.00  42.05  60.00  60.00  42.05   0.00
14:46:58   4.2   0.0   0.0  95.7   0.1    2    508    561    0    0    0  38.91    0.00  11.37   5.89  21.65  58.05  58.00  20.00  42.05  58.00  60.00  42.05   0.00
14:46:59   4.2   0.0   0.0  95.8   0.0    2    532    555    0    0    0  36.81    0.00  10.99   5.89  19.93  58.05  58.00  20.00  42.05  58.00  60.00  42.05   0.00
14:47:00   4.2   0.0   0.0  95.8   0.0    2    426    556    0    0    0  36.80    0.00  10.98   5.89  19.93  58.05  58.00  20.00  42.05  58.00  60.00  42.05   0.00
14:47:01   4.2   0.0   0.0  95.8   0.0    2    568    576    0    0    0  36.82    0.00  10.99   5.90  19.93  58.05  58.00  20.00  42.05  58.00  60.00  42.05   0.00
14:47:02   4.1   0.0   0.0  95.9   0.0    2    434    507    0    0    0  36.76    0.00  10.98   5.90  19.89  60.05  60.00  20.00  42.05  60.00  60.00  42.05   0.00
14:47:03   4.2   0.0   0.0  95.8   0.0    2    530    526    0    0    0  36.77    0.00  10.97   5.89  19.91  60.05  60.00  20.00  42.05  60.00  60.00  42.05   0.00
14:47:04   4.2   0.0   0.0  95.8   0.0    2    403    513    0    0    0  37.81    0.00  11.17   5.89  20.75  60.05  60.00  20.00  42.05  60.00  60.00  42.05   0.00
14:47:05   4.1   0.0   0.0  95.9   0.0    2    518    537    0    0    0  36.78    0.00  10.98   5.89  19.90  60.05  60.00  20.00  42.05  60.00  60.00  42.05   0.00
14:47:06   4.2   0.0   0.0  95.8   0.0    2    522    558    0    0    0  36.82    0.00  10.98   5.89  19.94  60.05  60.00  20.00  42.05  60.00  60.00  42.05   0.00
14:47:07   4.2   0.0   0.0  95.8   0.0    2    472    551    0    0    0  36.74    0.00  10.97   5.89  19.89  60.05  60.00  20.00  42.05  60.00  60.00  42.05   0.00
14:47:08   4.2   0.0   0.0  95.8   0.0    2    474    520    0    0    0  36.72    0.00  10.96   5.88  19.88  58.05  58.00  20.00  42.05  58.00  60.00  42.05   0.00
14:47:09   4.2   0.0   0.0  95.8   0.0    2    450    536    0    0    0  36.89    0.00  11.01   5.92  19.96  58.05  58.00  20.00  42.05  58.00  60.00  42.05   0.00
14:47:10   4.2   0.0   0.0  95.8   0.0    2    497    540    0    0    0  36.75    0.00  10.97   5.89  19.89  60.05  60.00  20.00  42.05  60.00  60.00  42.05   0.00
14:47:11   4.2   0.0   0.0  95.8   0.0    2    554    563    0    0    0  36.80    0.00  10.98   5.89  19.93  60.05  60.00  20.00  42.05  60.00  60.00  42.05   0.00
14:47:12   4.1   0.0   0.0  95.8   0.0    2    443    531    0    0    0  36.86    0.00  10.99   5.90  19.97  60.05  60.00  20.00  42.05  60.00  60.00  42.05   0.00
14:47:13   4.2   0.0   0.0  95.8   0.0    2    786    562    0    0    0  36.77    0.00  10.96   5.89  19.92  58.05  58.00  20.00  42.05  58.00  60.00  42.05   0.00
14:47:14   4.2   0.0   0.0  95.8   0.0    2    415    531    0    0    0  36.72    0.00  10.96   5.88  19.88  60.05  60.00  20.00  42.05  60.00  60.00  42.05   0.00
14:47:15   4.2   0.0   0.0  95.8   0.0    2    518    555    0    0    0  36.76    0.00  10.98   5.89  19.90  58.05  58.00  20.00  42.05  58.00  60.00  42.05   0.00
14:47:16   4.2   0.0   0.0  95.8   0.0    2    396    523    0    0    0  36.84    0.00  11.02   5.89  19.93  60.05  60.00  20.00  42.05  60.00  59.00  42.05   0.00
14:47:17   4.1   0.0   0.0  95.9   0.0    2    504    528    0    0    0  36.69    0.00  10.95   5.89  19.86  58.05  58.00  20.00  42.05  58.00  59.00  42.05   0.00
14:47:18   4.1   0.0   0.0  95.8   0.0    2    514    543    0    0    0  37.71    0.00  11.14   5.88  20.68  60.05  60.00  20.00  42.05  60.00  60.00  42.05   0.00
14:47:19   4.2   0.0   0.0  95.8   0.0    2    465    555    0    0    0  37.78    0.00  11.15   5.89  20.74  60.05  60.00  20.00  42.05  60.00  60.00  42.05   0.00
14:47:20   4.1   0.0   0.0  95.9   0.0    2    492    520    0    0    0  36.68    0.00  10.94   5.88  19.85  58.05  58.00  20.00  42.05  58.00  60.00  42.05   0.00
14:47:21   4.1   0.0   0.0  95.9   0.0    2    438    535    0    0    0  36.69    0.00  10.95   5.89  19.85  58.05  58.00  20.00  42.05  58.00  59.00  42.05   0.00
14:47:22   4.2   0.0   0.0  95.8   0.0    3    537    600    0    0    0  36.77    0.00  10.97   5.90  19.90  60.05  60.00  20.00  42.05  60.00  59.00  42.05   0.00
14:47:23   4.2   0.0   0.0  95.8   0.0    2    664    672    0    0    0  39.47    0.00  11.25   6.11  22.11  58.05  58.00  20.00  41.05  58.00  59.00  42.05   0.00
14:47:24   4.1   0.0   0.0  95.8   0.0    2    416    547    0    0    0  38.69    0.00  11.02   5.89  21.79  60.05  60.00  20.00  41.05  60.00  60.00  42.05   0.00
14:47:25   4.2   0.0   0.0  95.8   0.0    2    498    572    0    0    0  39.76    0.00  11.22   5.89  22.65  58.05  58.00  20.00  41.05  58.00  60.00  42.05   0.00
14:47:26   4.2   0.0   0.0  95.8   0.0    2    440    525    0    0    0  37.56    0.00  10.99   5.89  20.68  58.05  58.00  20.00  41.05  58.00  59.00  42.05   0.00
14:47:27   4.1   0.0   0.0  95.9   0.0    2    540    550    0    0    0  36.83    0.00  10.97   5.88  19.98  60.05  60.00  20.00  41.05  60.00  59.00  42.05   0.00
14:47:28   4.1   0.0   0.0  95.9   0.0    2    414    530    0    0    1  36.72    0.00  10.96   5.88  19.87  58.05  58.00  20.00  42.05  58.00  59.00  42.05   0.00
14:47:29   4.2   0.0   0.0  95.8   0.0    2    494    536    0    0    0  36.71    0.00  10.96   5.88  19.86  60.05  60.00  20.00  42.05  60.00  59.00  42.05   0.00
14:47:30   4.1   0.0   0.0  95.9   0.0    2    500    556    0    0    0  36.75    0.00  10.96   5.89  19.90  58.05  58.00  20.00  42.05  58.00  59.00  42.05   0.00
14:47:31   4.2   0.0   0.0  95.8   0.0    2    483    552    0    0    0  36.78    0.00  10.98   5.89  19.92  60.05  60.00  20.00  42.05  60.00  59.00  42.05   0.00
14:47:32   4.2   0.0   0.0  95.8   0.0    2    472    521    0    0    0  36.72    0.00  10.96   5.89  19.87  58.05  58.00  20.00  42.05  58.00  60.00  42.05   0.00
14:47:33   4.1   0.0   0.0  95.9   0.0    2    416    521    0    0    0  36.69    0.00  10.96   5.88  19.85  58.05  58.00  20.00  42.05  58.00  60.00  42.05   0.00
14:47:34   4.2   0.0   0.0  95.8   0.0    2    486    537    0    0    0  36.71    0.00  10.95   5.88  19.87  58.05  58.00  20.00  42.05  58.00  59.00  42.05   0.00
14:47:35   4.2   0.0   0.0  95.8   0.0    2    526    547    0    0    0  36.77    0.00  10.98   5.88  19.91  58.05  58.00  20.00  42.05  58.00  59.00  42.05   0.00
14:47:36   4.2   0.0   0.0  95.8   0.0    2    428    523    0    0    0  36.72    0.00  10.96   5.89  19.88  58.05  58.00  20.00  42.05  58.00  60.00  42.05   0.00
14:47:37   4.2   0.0   0.0  95.8   0.0    2    500    554    0    0    0  36.71    0.00  10.95   5.88  19.88  60.05  60.00  20.00  42.05  60.00  60.00  42.05   0.00
14:47:38   4.2   0.0   0.0  95.8   0.0    2    437    530    0    0    0  36.80    0.00  10.97   5.90  19.93  58.05  58.00  20.00  42.05  58.00  59.00  42.05   0.00
14:47:39   4.2   0.0   0.0  95.8   0.0    2    504    543    0    0    0  36.68    0.00  10.94   5.89  19.85  58.05  58.00  20.00  42.05  58.00  59.00  42.05   0.00
14:47:40   4.1   0.0   0.0  95.9   0.0    2    402    533    0    0    0  37.68    0.00  11.14   5.89  20.66  58.05  58.00  20.00  42.05  58.00  59.00  42.05   0.00
14:47:41   4.2   0.0   0.0  95.8   0.0    2    534    542    0    0    0  36.76    0.00  10.96   5.88  19.92  58.05  58.00  20.00  42.05  60.00  59.00  42.05   0.00
14:47:42   4.1   0.0   0.0  95.9   0.0    2    488    569    0    0    0  36.75    0.00  10.97   5.89  19.90  58.05  58.00  20.00  42.05  58.00  59.00  42.05   0.00
14:47:43   4.2   0.0   0.0  95.8   0.0    2    446    552    0    0    0  36.67    0.00  10.96   5.89  19.81  58.05  58.00  20.00  41.05  58.00  59.00  42.05   0.00
14:47:44   4.2   0.0   0.0  95.8   0.0    2    772    599    0    0    0  36.75    0.00  10.95   5.89  19.90  58.05  58.00  20.00  41.05  58.00  59.00  42.05   0.00
14:47:45   4.1   0.0   0.0  95.9   0.0    2    429    528    0    0    0  36.64    0.00  10.95   5.88  19.80  58.05  58.00  20.00  41.05  58.00  59.00  42.05   0.00
14:47:46   4.2   0.0   0.0  95.8   0.0    2    492    565    0    0    0  36.73    0.00  10.96   5.89  19.88  58.05  58.00  20.00  41.05  58.00  60.00  42.05   0.00
14:47:47   4.1   0.0   0.0  95.9   0.0    2    554    567    0    0    0  36.67    0.00  10.95   5.88  19.84  60.05  60.00  20.00  41.05  60.00  60.00  42.05   0.00
14:47:48   4.1   0.0   0.0  95.8   0.0    2    438    550    0    0    0  38.16    0.00  11.17   5.91  21.07  58.05  58.00  20.00  42.05  58.00  60.00  42.05   0.00
14:47:49   4.2   0.0   0.0  95.8   0.0    2    624    695    0    0    0  39.65    0.00  11.26   6.11  22.28  58.05  58.00  20.00  42.05  58.00  60.00  42.05   0.00
14:47:50   4.2   0.0   0.0  95.8   0.0    2    430    575    0    0    0  38.69    0.00  11.01   5.89  21.78  58.05  58.00  20.00  42.05  58.00  60.00  42.05   0.00
14:47:51   4.2   0.0   0.0  95.8   0.0    2    553    561    0    0    0  38.66    0.00  11.01   5.88  21.76  58.05  58.00  20.00  42.05  58.00  59.00  42.05   0.00
14:47:52   4.2   0.0   0.0  95.8   0.0    2    474    555    0    0    0  37.42    0.00  11.01   5.93  20.48  58.05  58.00  20.00  42.05  58.00  59.00  42.05   0.00
14:47:53   4.1   0.0   0.0  95.9   0.0    2    500    536    0    0    0  36.76    0.00  10.96   5.89  19.91  60.05  60.00  20.00  41.05  60.00  59.00  42.05   0.00
14:47:54   4.2   0.0   0.0  95.8   0.0    2    490    546    0    0    0  36.69    0.00  10.96   5.89  19.84  58.05  58.00  20.00  41.05  58.00  59.00  42.05   0.00
14:47:55   4.1   0.0   0.0  95.9   0.0    2    440    545    0    0    0  36.70    0.00  10.96   5.89  19.86  58.05  58.00  20.00  41.05  58.00  59.00  42.05   0.00
14:47:56   4.2   0.0   0.0  95.8   0.0    2    494    527    0    0    0  36.69    0.00  10.95   5.88  19.86  60.05  60.00  20.00  41.05  60.00  60.00  42.05   0.00
14:47:57   4.2   0.0   0.0  95.8   0.0    2    432    554    0    0    0  36.73    0.00  10.97   5.90  19.86  58.05  58.00  20.00  41.05  58.00  60.00  42.05   0.00
14:47:58   4.2   0.0   0.0  95.8   0.0    2    488    540    0    0    0  37.74    0.00  11.16   5.89  20.69  58.05  58.00  20.00  41.05  58.00  59.00  42.05   0.00
14:47:59   4.1   0.0   0.0  95.9   0.0    2    543    534    0    0    0  36.74    0.00  10.97   5.89  19.88  58.05  58.00  20.00  41.05  58.00  59.00  42.05   0.00
14:48:00   4.2   0.0   0.0  95.8   0.0    2    433    535    0    0    0  36.72    0.00  10.96   5.88  19.88  58.05  58.00  20.00  41.05  58.00  59.00  42.05   0.00
14:48:01   4.2   0.0   0.0  95.8   0.0    2    516    550    0    0    0  36.72    0.00  10.96   5.88  19.88  60.05  60.00  20.00  41.05  60.00  59.00  42.05   0.00
14:48:02   4.1   0.0   0.0  95.9   0.0    2    426    549    0    0    0  36.70    0.00  10.95   5.89  19.85  60.05  60.00  20.00  41.05  60.00  59.00  42.05   0.00
14:48:03   4.2   0.0   0.0  95.8   0.0    2    540    553    0    0    0  37.22    0.00  11.04   5.89  20.29  58.05  58.00  20.00  41.05  58.00  59.00  42.05   0.00
14:48:04   4.1   0.0   0.0  95.8   0.0    2    404    509    0    0    0  37.20    0.00  11.06   5.88  20.26  58.05  58.00  20.00  41.05  58.00  59.00  42.05   0.00
14:48:05   4.2   0.0   0.0  95.8   0.0    2    496    536    0    0    0  36.70    0.00  10.95   5.88  19.86  58.05  58.00  20.00  41.05  58.00  59.00  42.05   0.00
14:48:06   4.1   0.0   0.0  95.9   0.0    2    498    553    0    0    0  36.71    0.00  10.97   5.90  19.84  58.05  58.00  20.00  41.05  58.00  59.00  42.05   0.00
14:48:07   4.1   0.0   0.0  95.8   0.0    2    478    539    0    0    0  36.73    0.00  10.96   5.88  19.88  58.05  58.00  20.00  41.05  60.00  59.00  42.05   0.00
14:48:08   4.1   0.0   0.0  95.9   0.0    2    486    529    0    0    0  36.67    0.00  10.95   5.89  19.83  58.05  58.00  20.00  41.05  58.00  59.00  42.05   0.00
14:48:09   4.2   0.0   0.0  95.8   0.0    2    452    546    0    0    0  36.85    0.00  11.01   5.92  19.92  58.05  60.00  20.00  41.05  60.00  59.00  42.05   0.00
14:48:10   4.2   0.0   0.0  95.8   0.0    2    496    560    0    0    0  36.68    0.00  10.95   5.89  19.84  58.05  58.00  20.00  41.05  58.00  59.00  42.05   0.00
14:48:11   4.1   0.0   0.0  95.9   0.0    2    554    553    0    0    0  36.73    0.00  10.97   5.89  19.87  58.05  58.00  20.00  41.05  58.00  59.00  42.05   0.00
14:48:12   4.2   0.0   0.0  95.8   0.0    2    433    543    0    0    0  36.77    0.00  10.97   5.90  19.90  58.05  58.00  20.00  41.05  58.00  59.00  42.05   0.00
14:48:13   4.1   0.0   0.0  95.8   0.0    3    505    543    0    0    0  37.67    0.00  11.13   5.89  20.65  58.05  58.00  20.00  41.05  58.00  59.00  42.05   0.00
14:48:14   4.2   0.0   0.0  95.8   0.0    2    711    609    0    0    0  36.72    0.00  10.95   5.90  19.87  58.05  58.00  20.00  41.05  58.00  59.00  42.05   0.00
14:48:15   4.1   0.0   0.0  95.9   0.0    2    518    553    0    0    0  36.62    0.00  10.93   5.89  19.80  58.05  58.00  20.00  41.05  58.00  59.00  42.05   0.00
14:48:16   4.1   0.0   0.1  95.8   0.0    2    428    541    0    0    0  36.65    0.00  10.94   5.89  19.83  58.05  58.00  20.00  41.05  58.00  59.00  42.05   0.00
14:48:17   4.2   0.0   0.0  95.8   0.0    2    516    556    0    0    0  36.65    0.00  10.94   5.89  19.82  58.05  58.00  20.00  41.05  58.00  59.00  42.05   0.00
14:48:18   4.2   0.0   0.0  95.8   0.0    2    468    542    0    0    0  36.68    0.00  10.96   5.89  19.84  58.05  58.00  20.00  41.05  58.00  59.00  42.05   0.00
14:48:19   4.2   0.0   0.0  95.8   0.0    2    472    491    0    0    0  37.78    0.00  11.16   5.90  20.72  58.05  58.00  20.00  41.05  58.00  59.00  42.05   0.00
14:48:20   4.1   0.0   0.0  95.9   0.0    2    462    552    0    0    0  36.67    0.00  10.95   5.89  19.83  58.05  58.00  20.00  41.05  58.00  59.00  41.05   0.00
14:48:21   4.2   0.0   0.0  95.8   0.0    2    440    534    0    0    0  36.65    0.00  10.95   5.90  19.81  58.05  58.00  20.00  41.05  58.00  59.00  41.05   0.00
14:48:22   4.2   0.0   0.0  95.8   0.0    2    560    584    0    0    0  36.90    0.00  10.96   5.90  20.04  58.05  58.00  20.00  41.05  58.00  59.00  41.05   0.00
14:48:23   4.1   0.0   0.0  95.8   0.0    2    665    621    0    0    0  39.49    0.00  11.26   6.12  22.11  58.05  58.00  20.00  41.05  58.00  59.00  41.05   0.00
14:48:24   4.2   0.0   0.0  95.8   0.0    2    400    523    0    0    0  39.65    0.00  11.20   5.89  22.56  58.05  58.00  20.00  41.05  58.00  59.00  41.05   0.00
14:48:25   4.2   0.0   0.0  95.8   0.0    2    476    540    0    0    0  38.65    0.00  11.01   5.89  21.75  58.05  58.00  20.00  41.05  58.00  59.00  42.05   0.00
14:48:26   4.1   0.0   0.0  95.9   0.0    2    430    556    0    0    0  37.37    0.00  10.98   5.90  20.50  58.05  58.00  20.00  41.05  58.00  59.00  42.05   0.00
14:48:27   4.2   0.0   0.0  95.8   0.0    2    548    584    0    0    0  36.77    0.00  10.96   5.90  19.91  58.05  58.00  20.00  41.05  58.00  59.00  42.05   0.00
14:48:28   4.1   0.0   0.0  95.9   0.0    2    476    531    0    0    0  36.68    0.00  10.96   5.89  19.83  55.05  55.00  20.00  41.05  55.00  59.00  42.05   0.00
14:48:29   4.1   0.0   0.0  95.9   0.0    2    430    533    0    0    0  36.70    0.00  10.96   5.90  19.84  58.05  58.00  20.00  41.05  58.00  59.00  42.05   0.00
14:48:30   4.2   0.0   0.0  95.8   0.0    2    491    545    0    0    0  36.74    0.00  10.98   5.90  19.87  58.05  58.00  20.00  41.05  58.00  59.00  42.05   0.00
14:48:31   4.2   0.0   0.0  95.8   0.0    2    478    556    0    0    0  36.70    0.00  10.97   5.90  19.83  58.05  58.00  20.00  41.05  58.00  59.00  42.05   0.00
14:48:32   4.2   0.0   0.0  95.8   0.0    2    476    526    0    0    0  36.69    0.00  10.96   5.89  19.84  58.05  58.00  20.00  41.05  58.00  59.00  42.05   0.00
14:48:33   4.2   0.0   0.0  95.8   0.0    2    426    526    0    0    0  36.69    0.00  10.97   5.90  19.83  58.05  58.00  20.00  41.05  58.00  59.00  42.05   0.00
14:48:34   4.2   0.0   0.0  95.8   0.0    2    504    510    0    0    0  37.72    0.00  11.16   5.89  20.67  58.05  58.00  20.00  41.05  58.00  59.00  42.05   0.00
14:48:35   4.2   0.0   0.0  95.8   0.0    2    510    546    0    0    0  36.73    0.00  10.96   5.90  19.87  58.05  58.00  20.00  41.05  58.00  59.00  42.05   0.00
14:48:36   4.2   0.0   0.0  95.8   0.0    3    407    528    0    0    0  36.66    0.00  10.96   5.90  19.81  58.05  58.00  20.00  41.05  58.00  59.00  42.05   0.00
14:48:37   4.2   0.0   0.0  95.8   0.0    2    509    553    0    0    0  36.70    0.00  10.96   5.89  19.85  58.05  58.00  20.00  41.05  58.00  59.00  42.05   0.00
14:48:38   4.2   0.0   0.0  95.7   0.0    2    445    535    0    0    0  37.84    0.00  11.16   5.90  20.77  58.05  58.00  20.00  41.05  58.00  59.00  42.05   0.00
14:48:39   4.2   0.0   0.0  95.8   0.0    2    518    530    0    0    0  36.65    0.00  10.94   5.89  19.82  58.05  58.00  20.00  41.05  58.00  59.00  42.05   0.00
14:48:40   4.2   0.0   0.0  95.8   0.0    2    492    482    0    0    0  36.60    0.00  10.93   5.89  19.78  58.05  58.00  20.00  41.05  58.00  59.00  42.05   0.00
14:48:41   4.1   0.0   0.0  95.9   0.0    2    444    555    0    0    0  36.70    0.00  10.95   5.89  19.86  58.05  58.00  20.00  41.05  58.00  59.00  42.05   0.00
14:48:42   4.2   0.0   0.0  95.8   0.0    2    482    547    0    0    0  36.62    0.00  10.94   5.89  19.80  58.05  58.00  20.00  41.05  58.00  59.00  42.05   0.00
14:48:43   4.2   0.0   0.0  95.8   0.0    2    439    530    0    0    0  36.64    0.00  10.94   5.89  19.81  58.05  58.00  20.00  41.05  58.00  59.00  42.05   0.00
14:48:44   4.1   0.0   0.0  95.9   0.0    2    778    454    0    0    0  36.67    0.00  10.95   5.90  19.83  58.05  58.00  20.00  41.05  58.00  59.00  42.05   0.00
14:48:45   4.2   0.0   0.0  95.8   0.0    2    402    509    0    0    0  36.63    0.00  10.94   5.90  19.80  58.05  58.00  20.00  41.05  58.00  59.00  42.05   0.00
14:48:46   4.1   0.0   0.0  95.9   0.0    2    516    558    0    0    0  36.66    0.00  10.94   5.90  19.83  58.05  58.00  20.00  41.05  58.00  59.00  42.05   0.00
14:48:47   4.2   0.0   0.0  95.8   0.0    2    536    539    0    0    0  36.62    0.00  10.94   5.88  19.79  58.05  58.00  20.00  41.05  58.00  59.00  42.05   0.00
14:48:48   4.1   0.0   0.1  95.8   0.0    2    582    633    0    0    1  37.91    0.00  11.18   6.12  20.61  58.05  60.00  20.00  41.05  60.00  59.00  42.05   0.00
14:48:49   4.2   0.0   0.0  95.8   0.0    2    478    521    0    0    0  38.62    0.00  11.01   5.89  21.72  58.05  58.00  20.00  41.05  58.00  59.00  42.05   0.00
14:48:50   4.2   0.0   0.0  95.8   0.0    2    420    544    0    0    0  38.59    0.00  11.01   5.90  21.69  58.05  58.00  20.00  41.05  58.00  59.00  42.05   0.00
14:48:51   4.2   0.0   0.0  95.8   0.0    2    552    572    0    0    0  38.66    0.00  11.01   5.89  21.76  58.05  58.00  20.00  41.05  58.00  59.00  42.05   0.00
14:48:52   4.1   0.0   0.0  95.9   0.0    2    504    546    0    0    0  37.09    0.00  10.96   5.88  20.24  56.05  56.00  20.00  41.05  56.00  59.00  42.05   0.00
14:48:53   4.2   0.0   0.0  95.8   0.0    2    422    500    0    0    0  37.69    0.00  11.15   5.89  20.65  58.05  58.00  20.00  41.05  58.00  59.00  42.05   0.00
14:48:54   4.1   0.0   0.0  95.9   0.0    2    484    545    0    0    0  36.67    0.00  10.96   5.90  19.82  58.05  58.00  20.00  41.05  58.00  59.00  42.05   0.00
14:48:55   4.2   0.0   0.0  95.8   0.0    2    450    539    0    0    0  36.68    0.00  10.96   5.90  19.83  58.05  58.00  20.00  41.05  58.00  59.00  42.05   0.00
14:48:56   4.2   0.0   0.0  95.8   0.0    2    470    523    0    0    0  36.74    0.00  10.99   5.89  19.86  58.05  58.00  20.00  41.05  58.00  59.00  42.05   0.00
14:48:57   4.2   0.0   0.0  95.8   0.0    2    432    547    0    0    0  36.69    0.00  10.96   5.89  19.83  58.05  58.00  20.00  41.05  58.00  59.00  42.05   0.00
14:48:58   4.2   0.0   0.0  95.8   0.0    2    504    543    0    0    0  36.67    0.00  10.95   5.89  19.82  58.05  58.00  20.00  41.05  58.00  59.00  42.05   0.00
14:48:59   4.2   0.0   0.0  95.8   0.0    2    519    544    0    0    0  36.69    0.00  10.97   5.88  19.84  58.05  58.00  20.00  41.05  58.00  59.00  42.05   0.00
14:49:00   4.2   0.0   0.0  95.8   0.0    2    441    511    0    0    0  36.69    0.00  10.97   5.90  19.83  58.05  58.00  20.00  41.05  58.00  59.00  42.05   0.00
14:49:01   4.1   0.0   0.0  95.9   0.0    2    528    553    0    0    0  36.75    0.00  10.98   5.91  19.87  58.05  58.00  20.00  41.05  58.00  59.00  42.05   0.00
14:49:02   4.2   0.0   0.0  95.8   0.0    2    446    471    0    0    0  37.70    0.00  11.16   5.90  20.65  58.05  58.00  20.00  41.05  58.00  59.00  42.05   0.00
14:49:03   4.2   0.0   0.0  95.8   0.0    2    523    542    0    0    0  36.66    0.00  10.96   5.90  19.80  58.05  58.00  20.00  41.05  58.00  59.00  42.05   0.00
14:49:04   4.1   0.0   0.0  95.9   0.0    2    466    500    0    0    0  36.65    0.00  10.95   5.89  19.80  58.05  58.00  20.00  41.05  58.00  59.00  42.05   0.00
14:49:05   4.2   0.0   0.0  95.8   0.0    2    420    531    0    0    0  36.65    0.00  10.95   5.89  19.82  58.05  58.00  20.00  41.05  58.00  59.00  42.05   0.00
14:49:06   4.1   0.0   0.0  95.9   0.0    2    498    552    0    0    0  36.67    0.00  10.97   5.89  19.81  58.05  58.00  20.00  41.05  58.00  59.00  41.05   0.00
14:49:07   4.2   0.0   0.0  95.8   0.0    2    474    548    0    0    0  36.70    0.00  10.96   5.90  19.83  60.05  60.00  20.00  41.05  60.00  59.00  41.05   0.00
14:49:08   4.1   0.0   0.0  95.8   0.0    2    614    530    0    0    0  49.91    0.00  15.07  10.13  24.72  71.05  71.00  20.00  41.05  71.00  59.00  41.05   0.00
14:49:09   4.2   0.0   0.0  95.8   0.0    2    749    570    0    0    0  54.99    0.00  16.61  11.69  26.69  71.05  71.00  20.00  41.05  71.00  65.00  41.05   0.00
14:49:10   4.2   0.0   0.0  95.8   0.0    2    686    565    0    0    0  54.91    0.00  16.59  11.68  26.64  71.05  71.00  20.00  41.05  71.00  65.00  41.05   0.00
14:49:11   4.2   0.0   0.0  95.8   0.0    2    745    591    0    0    0  54.98    0.00  16.62  11.68  26.68  73.05  73.00  20.00  41.05  73.00  65.00  41.05   0.00
14:49:12   4.2   0.0   0.0  95.8   0.0    2    716    557    0    0    0  56.12    0.00  16.80  11.69  27.62  71.05  71.00  20.00  41.05  71.00  72.00  41.05   0.00
14:49:13   4.1   0.0   0.0  95.9   0.0    2    688    551    0    0    0  54.86    0.00  16.58  11.68  26.60  71.05  71.00  20.00  41.05  71.00  73.00  41.05   0.00
14:49:14   4.2   0.0   0.0  95.8   0.0    2    972    578    0    0    0  54.97    0.00  16.58  11.68  26.70  73.05  73.00  20.00  41.05  71.00  73.00  41.05   0.00
14:49:15   4.1   0.0   0.0  95.9   0.0    2    740    572    0    0    0  54.88    0.00  16.57  11.68  26.63  71.05  71.00  20.00  41.05  71.00  73.00  41.05   0.00
14:49:16   4.1   0.0   0.0  95.8   0.0    2    688    545    0    0    0  54.97    0.00  16.59  11.68  26.70  73.05  73.00  20.00  41.05  73.00  73.00  42.05   0.00
14:49:17   4.1   0.0   0.0  95.8   0.0    2    647    583    0    0    0  56.16    0.00  16.79  11.70  27.67  73.05  73.00  20.00  41.05  71.00  73.00  42.05   0.00
14:49:18   4.2   0.0   0.0  95.8   0.0    2    698    570    0    0    0  55.17    0.00  16.59  11.69  26.89  71.05  71.00  20.00  41.05  71.00  73.00  42.05   0.00
14:49:19   4.2   0.0   0.0  95.8   0.0    2    726    568    0    0    0  55.17    0.00  16.60  11.69  26.89  73.05  73.00  20.00  41.05  71.00  73.00  42.05   0.00
14:49:20   4.1   0.0   0.0  95.9   0.0    2    680    530    0    0    0  55.06    0.00  16.58  11.69  26.79  73.05  73.00  20.00  41.05  71.00  73.00  42.05   0.00
14:49:21   4.2   0.0   0.0  95.8   0.0    2    742    581    0    0    0  55.17    0.00  16.59  11.69  26.89  73.05  73.00  20.00  41.05  73.00  73.00  42.05   0.00
14:49:22   4.1   0.0   0.0  95.9   0.0    2    724    573    0    0    0  55.20    0.00  16.60  11.70  26.91  73.05  73.00  20.00  41.05  73.00  73.00  42.05   0.00
14:49:23   4.1   0.0   0.1  95.8   0.0    2    882    649    0    0    0  57.86    0.00  16.89  11.90  29.06  73.05  73.00  20.00  41.05  71.00  73.00  42.05   0.00
14:49:24   4.2   0.0   0.0  95.8   0.0    2    672    550    0    0    0  57.16    0.00  16.66  11.69  28.81  73.05  73.00  20.00  41.05  71.00  73.00  42.05   0.00
14:49:25   4.1   0.0   0.0  95.9   0.0    2    692    585    0    0    0  57.24    0.00  16.64  11.66  28.94  73.05  73.00  20.00  41.05  73.00  73.00  42.05   0.00
14:49:26   4.2   0.0   0.0  95.8   0.0    2    692    575    0    0    0  56.13    0.00  16.63  11.69  27.81  73.05  73.00  20.00  41.05  73.00  73.00  41.05   0.00
14:49:27   4.2   0.0   0.0  95.8   0.0    2    800    592    0    0    0  56.43    0.00  16.83  11.71  27.89  70.05  70.00  20.00  41.05  70.00  73.00  41.05   0.00
14:49:28   4.1   0.0   0.0  95.8   0.0    2    684    543    0    0    0  55.15    0.00  16.59  11.68  26.87  68.05  68.00  20.00  41.05  68.00  73.00  41.05   0.00
14:49:29   4.2   0.0   0.0  95.8   0.0    2    619    545    0    0    0  55.26    0.00  16.63  11.71  26.91  73.05  71.00  20.00  41.05  71.00  73.00  41.05   0.00
14:49:30   4.1   0.0   0.0  95.9   0.0    2    684    549    0    0    0  55.12    0.00  16.59  11.68  26.85  71.05  71.00  20.00  41.05  71.00  73.00  41.05   0.00
14:49:31   4.2   0.0   0.0  95.8   0.0    2    748    571    0    0    0  55.30    0.00  16.64  11.71  26.95  73.05  73.00  20.00  41.05  73.00  73.00  41.05   0.00
14:49:32   4.1   0.0   0.0  95.8   0.0    2    706    568    0    0    0  56.16    0.00  16.78  11.68  27.70  73.05  73.00  20.00  41.05  73.00  73.00  41.05   0.00
14:49:33   4.1   0.0   0.0  95.9   0.0    2    704    557    0    0    0  55.30    0.00  16.64  11.70  26.97  71.05  71.00  20.00  41.05  71.00  73.00  41.05   0.00
14:49:34   4.1   0.0   0.0  95.8   0.0    2    684    549    0    0    0  55.21    0.00  16.61  11.68  26.92  73.05  73.00  20.00  41.05  70.00  73.00  41.05   0.00
14:49:35   4.2   0.0   0.0  95.8   0.0    2    711    569    0    0    0  55.13    0.00  16.59  11.67  26.87  73.05  73.00  20.00  41.05  73.00  73.00  41.05   0.00
14:49:36   4.1   0.0   0.0  95.9   0.0    2    698    537    0    0    0  55.25    0.00  16.62  11.70  26.93  73.05  73.00  20.00  41.05  73.00  73.00  41.05   0.00
14:49:37   4.2   0.0   0.0  95.8   0.0    2    710    567    0    0    0  55.22    0.00  16.62  11.70  26.91  71.05  71.00  20.00  41.05  71.00  73.00  41.05   0.00
14:49:38   4.1   0.0   0.0  95.8   0.0    2    731    547    0    0    0  56.36    0.00  16.82  11.70  27.84  71.05  71.00  20.00  41.05  70.00  73.00  41.05   0.00
14:49:39   4.1   0.0   0.0  95.9   0.0    2    714    563    0    0    0  55.13    0.00  16.58  11.68  26.87  61.05  61.00  20.00  41.05  61.00  73.00  41.05   0.00
14:49:40   4.1   0.0   0.0  95.8   0.0    2    629    542    0    0    0  55.25    0.00  16.61  11.70  26.94  73.05  73.00  20.00  41.05  73.00  73.00  41.05   0.00
14:49:41   4.2   0.0   0.0  95.8   0.0    2    717    539    0    0    0  55.11    0.00  16.57  11.69  26.85  73.05  73.00  20.00  41.05  73.00  73.00  41.05   0.00
14:49:42   4.1   0.0   0.0  95.9   0.0    2    712    550    0    0    0  55.13    0.00  16.60  11.68  26.84  73.05  71.00  20.00  41.05  71.00  73.00  41.05   0.00
-------- ----- ----- ----- ----- ----- ---- ------ ------ ---- ---- ---- ------  ------ ------ ------ ------ ------ ------ ------ ------ ------ ------ ------ ------
 Average   4.1   0.0   0.0  95.9   0.0  2.0  532.0  544.7  0.1  0.0  0.0  39.87    0.00  11.84   6.81  21.21  61.01  60.97  20.00  41.56  60.93  61.71  42.20   0.00
 GeoMean   0.0   0.0   0.0  95.9   0.0  2.0  517.7  540.5  0.0  0.0  0.0  38.66    0.00  11.47   6.33  20.74  60.81  60.77  20.00  41.55  60.75  61.53  42.20   0.00
  StdDev   0.5   0.0   0.0   0.5   0.0  0.2  142.3   54.2  0.9  0.2  0.3   7.98    0.00   2.43   2.28   3.39   5.18   5.13   0.00   0.50   4.98   4.89   0.63   0.00
-------- ----- ----- ----- ----- ----- ---- ------ ------ ---- ---- ---- ------  ------ ------ ------ ------ ------ ------ ------ ------ ------ ------ ------ ------
 Minimum   0.0   0.0   0.0  95.3   0.0  1.0  180.0  128.0  0.0  0.0  0.0   2.79    0.00   0.80   0.09   1.79  52.05  52.00  20.00  41.05  52.00  56.00  41.05   0.00
 Maximum   4.5   0.0   0.2 100.0   0.1  3.0 1894.0  792.0 12.0  3.0  3.0  57.86    0.00  16.90  11.92  29.06  74.05  74.00  20.00  42.05  74.00  74.00  43.05   0.00
-------- ----- ----- ----- ----- ----- ---- ------ ------ ---- ---- ---- ------  ------ ------ ------ ------ ------ ------ ------ ------ ------ ------ ------ ------
Summary:
CPU:  39.87 Watts on average with standard deviation 7.98  
Note: power read from RAPL domains: uncore, pkg-0, core, psys.
These readings do not cover all the hardware in this device.

Histogram (of 243 power measurements)

 Range (Watts)  Count
 2.792 -  8.297     3 
 8.298 - 13.804     0 
13.805 - 19.310     0 
19.311 - 24.816     0 
24.817 - 30.323     0 
30.324 - 35.829     0 
35.830 - 41.335   198 ########################################
41.336 - 46.842     1 
46.843 - 52.348     1 
52.349 - 57.854    40 ########

Histogram (of 243 CPU utilization measurements)

Range (%CPU)  Count
0.000 - 0.470     3 
0.471 - 0.941     0 
0.942 - 1.412     0 
1.413 - 1.882     0 
1.883 - 2.353     0 
2.354 - 2.824     0 
2.825 - 3.295     0 
3.296 - 3.766     0 
3.767 - 4.237   225 ########################################
4.238 - 4.707    15 ##

Histogram (of 243 thermal zone TCPU readings)

 Range (°C)    Count
52.050 - 54.249     3 #
54.250 - 56.449     2 
56.450 - 58.649   115 ########################################
58.650 - 60.849    80 ###########################
60.850 - 63.049     3 #
63.050 - 65.249     0 
65.250 - 67.449     0 
67.450 - 69.649     1 
69.650 - 71.849    13 ####
71.850 - 74.049    26 #########

Histogram (of 243 thermal zone x86_pkg_temp readings)

 Range (°C)    Count
52.000 - 54.199     3 #
54.200 - 56.399     2 
56.400 - 58.599   113 ########################################
58.600 - 60.799    82 #############################
60.800 - 62.999     3 #
63.000 - 65.199     0 
65.200 - 67.399     0 
67.400 - 69.599     1 
69.600 - 71.799    15 #####
71.800 - 73.999    24 ########

Range is zero, cannot produce histogram of thermal zone INT3400 Thermal

Histogram (of 243 thermal zone SEN3 readings)

 Range (°C)    Count
41.050 - 41.149   120 #######################################
41.150 - 41.249     0 
41.250 - 41.349     0 
41.350 - 41.449     0 
41.450 - 41.549     0 
41.550 - 41.649     0 
41.650 - 41.749     0 
41.750 - 41.849     0 
41.850 - 41.949     0 
41.950 - 42.049   123 ########################################

Histogram (of 243 thermal zone TCPU_PCI readings)

 Range (°C)    Count
52.000 - 54.199     3 #
54.200 - 56.399     2 
56.400 - 58.599   109 ########################################
58.600 - 60.799    86 ###############################
60.800 - 62.999     3 #
63.000 - 65.199     0 
65.200 - 67.399     0 
67.400 - 69.599     1 
69.600 - 71.799    22 ########
71.800 - 73.999    17 ######

Histogram (of 243 thermal zone iwlwifi_1 readings)

 Range (°C)    Count
56.000 - 57.799     2 
57.800 - 59.599    99 #######################################
59.600 - 61.399   100 ########################################
61.400 - 63.199     2 
63.200 - 64.999     3 #
65.000 - 66.799     0 
66.800 - 68.599     0 
68.600 - 70.399     0 
70.400 - 72.199     3 #
72.200 - 73.999    34 #############

Histogram (of 243 thermal zone acpitz readings)

 Range (°C)    Count
41.050 - 41.249    32 #########
41.250 - 41.449     0 
41.450 - 41.649     0 
41.650 - 41.849     0 
41.850 - 42.049   142 ########################################
42.050 - 42.249     0 
42.250 - 42.449     0 
42.450 - 42.649     0 
42.650 - 42.849     0 
42.850 - 43.049    69 ###################

Range is zero, cannot produce histogram of thermal zone SEN2
