Running for 86400.0 seconds (86400 samples at 1.0 second intervals).
Power measurements will start in 0 seconds time.

  Time    User  Nice   Sys  Idle    IO  Run Ctxt/s  IRQ/s Fork Exec Exit  Watts  uncore  pkg-0   core   psys   TCPU x86_pk   SEN2 INT340 TCPU_P iwlwif acpitz   SEN3
17:16:53   0.0   0.0   0.0  99.9   0.0    1    191    310    0    0    0   6.79    0.00   1.69   0.14   4.97  50.05  50.00  40.05  20.00  50.00  56.00  40.05   0.00
17:16:54   0.0   0.0   0.0 100.0   0.0    1    196    112    0    0    0   5.28    0.00   1.35   0.05   3.88  49.05  49.00  40.05  20.00  49.00  56.00  40.05   0.00
17:16:55   0.1   0.0   0.1  99.8   0.0    2    310    148    9    6    8   6.97    0.00   1.80   0.12   5.05  49.05  49.00  40.05  20.00  49.00  53.00  40.05   0.00
17:16:56  12.9   0.0   0.8  86.4   0.0    6  35647   4953   39    0    0  75.76    0.00  21.37  15.79  38.60  66.05  66.00  40.05  20.00  66.00  52.00  40.05   0.00
17:16:57  15.0   0.0   0.8  84.2   0.0    3  35233   4518    4    0    0  83.94    0.00  24.00  18.24  41.69  63.05  63.00  40.05  20.00  63.00  52.00  40.05   0.00
17:16:58  17.9   0.0   0.4  81.6   0.0    4  27456   4369   29    4   28  93.40    0.00  26.72  20.63  46.06  62.05  62.00  40.05  20.00  62.00  65.00  40.05   0.00
17:16:59  10.6   0.0   1.4  87.9   0.0   13  34966   6439   96    5   40  72.90    0.00  20.48  14.59  37.83  73.05  73.00  40.05  20.00  73.00  65.00  40.05   0.00
17:17:00  22.1   0.0   1.7  76.2   0.0    4  77950  17763    4    0    9  91.16    0.00  26.49  20.75  43.92  59.05  59.00  40.05  20.00  60.00  62.00  40.05   0.00
17:17:01   9.7   0.0   1.0  89.3   0.0    5  27115   4756   68   90   67  77.09    0.00  21.37  14.82  40.90  61.05  61.00  40.05  20.00  61.00  62.00  40.05   0.00
17:17:02  16.5   0.0   0.9  82.6   0.0   10  62042   6293    3    2    3 109.72    0.00  31.90  25.87  51.95  64.05  64.00  40.05  20.00  65.00  61.00  40.05   0.00
17:17:03  66.9   0.0   1.8  31.3   0.0   19  63444  15263   30    0    0 111.48    0.00  32.78  26.53  52.17  57.05  57.00  40.05  20.00  57.00  61.00  40.05   0.00
17:17:04  68.7   0.0   0.8  30.5   0.0   18  36038   9386    0    0    1 102.82    0.00  29.94  23.47  49.41  60.05  60.00  40.05  20.00  60.00  61.00  40.05   0.00
17:17:05  76.3   0.0   0.8  22.9   0.0   17  21116   7658    0    0    2 102.69    0.00  30.06  23.54  49.09  58.05  58.00  40.05  20.00  58.00  59.00  40.05   0.00
17:17:06  73.8   0.0   0.8  25.5   0.0   19  32426   8799    0    0    0 102.11    0.00  29.90  23.28  48.92  59.05  59.00  40.05  20.00  59.00  60.00  40.05   0.00
17:17:07  51.1   0.0   0.4  48.5   0.0    5  21021   6222    1    0    1  92.33    0.00  26.64  20.34  45.35  64.05  64.00  40.05  20.00  64.00  60.00  40.05   0.00
17:17:08  37.0   0.0   0.2  62.8   0.1    5  14964   4406    0    0    0  95.92    0.00  27.44  20.96  47.52  62.05  62.00  40.05  20.00  62.00  64.00  40.05   0.00
17:17:09  32.5   0.0   0.4  67.1   0.0   29  23060   5331    9    0    1  88.28    0.00  25.24  19.17  43.87  60.05  60.00  40.05  20.00  60.00  64.00  40.05   0.00
17:17:10  83.4   0.0   0.5  16.1   0.0   28  20960   9308   24    0    0 103.68    0.00  30.33  23.96  49.38  58.05  58.00  40.05  20.00  58.00  60.00  40.05   0.00
17:17:11  91.6   0.0   0.4   8.0   0.0    5   6131   7277    0    0    0  97.82    0.00  28.49  22.22  47.12  60.05  60.00  40.05  20.00  60.00  60.00  40.05   0.00
17:17:12  72.6   0.0   0.8  26.6   0.0    6  23087  43874    0    0    0 102.04    0.00  29.99  23.87  48.18  58.05  58.00  40.05  20.00  58.00  60.00  40.05   0.00
17:17:13  20.7   0.0   0.4  78.8   0.0   10  50737   5468    0    0    0 105.16    0.00  30.45  24.36  50.34  66.05  66.00  40.05  20.00  66.00  60.00  40.05   0.00
17:17:14  46.7   0.0   0.5  52.7   0.0   26  40668   7985    0    0    1 107.43    0.00  31.41  25.09  50.93  60.05  60.00  40.05  20.00  60.00  60.00  40.05   0.00
17:17:15  86.6   0.0   1.0  12.4   0.0   29  14901   8165    0    0    0 101.31    0.00  29.68  23.29  48.34  59.05  59.00  40.05  20.00  59.00  68.00  40.05   0.00
17:17:16  97.0   0.0   0.4   2.5   0.0   28  13932   8902    0    0    0 102.38    0.00  29.95  23.49  48.93  59.05  59.00  40.05  20.00  59.00  59.00  40.05   0.00
17:17:17  96.5   0.0   0.8   2.8   0.0   27  12717   8038    0    0    0 101.92    0.00  29.80  23.34  48.79  58.05  58.00  40.05  20.00  58.00  59.00  40.05   0.00
17:17:18  96.2   0.0   0.7   3.1   0.0   30  14134   8374    0    0    0 102.18    0.00  29.87  23.40  48.92  59.05  59.00  40.05  20.00  59.00  59.00  40.05   0.00
17:17:19  96.0   0.0   0.6   3.3   0.0   19  13511   8110    0    0    1 102.65    0.00  29.89  23.25  49.51  58.05  58.00  41.05  20.00  58.00  59.00  40.05   0.00
17:17:20  95.5   0.0   0.6   3.8   0.0   28  12737   7849    0    0    0 102.14    0.00  29.83  23.33  48.98  58.05  58.00  41.05  20.00  58.00  60.00  40.05   0.00
17:17:21  94.8   0.0   0.7   4.5   0.0   11  12884   7932    0    0    0 102.15    0.00  29.86  23.36  48.93  59.05  59.00  41.05  20.00  59.00  60.00  40.05   0.00
17:17:22  59.4   0.0   0.4  40.1   0.0   30  13956  23585    0    0    0 102.24    0.00  29.85  23.52  48.86  60.05  60.00  41.05  20.00  60.00  62.00  40.05   0.00
17:17:23  35.6   0.0   0.6  63.8   0.0    5   9711   4407    0    0    0  90.12    0.00  25.62  19.54  44.96  66.05  66.00  41.05  20.00  66.00  62.00  40.05   0.00
17:17:24  15.7   0.0   0.2  84.2   0.0    2  11200   2352    0    0    0  78.42    0.00  21.76  15.92  40.74  53.05  53.00  41.05  20.00  55.00  62.00  40.05   0.00
17:17:25  10.7   0.0   0.3  89.0   0.0    3   6017   1858    1    0    7  59.59    0.00  16.48  10.91  32.20  55.05  55.00  41.05  20.00  55.00  67.00  40.05   0.00
-------- ----- ----- ----- ----- ----- ---- ------ ------ ---- ---- ---- ------  ------ ------ ------ ------ ------ ------ ------ ------ ------ ------ ------ ------
 Average  48.8   0.0   0.6  50.6   0.0 13.6 23953.3 8188.2  9.6  3.2  5.1  87.27    0.00  25.22  19.43  42.61  59.50  59.45  40.26  20.00  59.58  60.30  40.05   0.00
 GeoMean   0.0   0.0   0.0  30.9   0.0  8.9 14158.9 5171.0  0.0  0.0  0.0  73.87    0.00  21.08  12.81  37.43  59.31  59.26  40.26  20.00  59.38  60.19  40.05   0.00
  StdDev  34.7   0.0   0.4  34.8   0.0 10.4 18431.9 7839.9 21.2 15.4 13.7  28.06    0.00   8.33   7.05  12.78   4.84   4.84   0.41   0.00   4.80   3.61   0.00   0.00
-------- ----- ----- ----- ----- ----- ---- ------ ------ ---- ---- ---- ------  ------ ------ ------ ------ ------ ------ ------ ------ ------ ------ ------ ------
 Minimum   0.0   0.0   0.0   2.5   0.0  1.0  191.0  112.0  0.0  0.0  0.0   5.28    0.00   1.35   0.05   3.88  49.05  49.00  40.05  20.00  49.00  52.00  40.05   0.00
 Maximum  97.0   0.0   1.8 100.0   0.1 30.0 77950.0 43874.0 96.0 90.0 67.0 111.48    0.00  32.78  26.53  52.17  73.05  73.00  41.05  20.00  73.00  68.00  40.05   0.00
-------- ----- ----- ----- ----- ----- ---- ------ ------ ---- ---- ---- ------  ------ ------ ------ ------ ------ ------ ------ ------ ------ ------ ------ ------
Summary:
CPU:  87.27 Watts on average with standard deviation 28.06 
Note: power read from RAPL domains: uncore, pkg-0, core, psys.
These readings do not cover all the hardware in this device.

Histogram (of 33 power measurements)

  Range (Watts)   Count
  5.276 -  15.895     3 #######
 15.896 -  26.516     0 
 26.517 -  37.136     0 
 37.137 -  47.756     0 
 47.757 -  58.377     0 
 58.378 -  68.997     1 ##
 68.998 -  79.618     4 #########
 79.619 -  90.238     3 #######
 90.239 - 100.859     5 ###########
100.860 - 111.479    17 ########################################

Histogram (of 33 CPU utilization measurements)

 Range (%CPU)   Count
 0.000 -  9.745     3 ###############
 9.746 - 19.491     8 ########################################
19.492 - 29.237     2 ##########
29.238 - 38.982     3 ###############
38.983 - 48.728     1 #####
48.729 - 58.474     1 #####
58.475 - 68.220     1 #####
68.221 - 77.966     5 #########################
77.967 - 87.712     2 ##########
87.713 - 97.457     7 ###################################

Histogram (of 33 thermal zone TCPU readings)

 Range (°C)    Count
49.050 - 51.449     3 ##########
51.450 - 53.849     1 ###
53.850 - 56.249     1 ###
56.250 - 58.649     7 #######################
58.650 - 61.049    12 ########################################
61.050 - 63.449     3 ##########
63.450 - 65.849     2 ######
65.850 - 68.249     3 ##########
68.250 - 70.649     0 
70.650 - 73.049     1 ###

Histogram (of 33 thermal zone x86_pkg_temp readings)

 Range (°C)    Count
49.000 - 51.399     3 ##########
51.400 - 53.799     1 ###
53.800 - 56.199     1 ###
56.200 - 58.599     7 #######################
58.600 - 60.999    12 ########################################
61.000 - 63.399     3 ##########
63.400 - 65.799     2 ######
65.800 - 68.199     3 ##########
68.200 - 70.599     0 
70.600 - 72.999     1 ###

Histogram (of 33 thermal zone SEN2 readings)

 Range (°C)    Count
40.050 - 40.149    26 ########################################
40.150 - 40.249     0 
40.250 - 40.349     0 
40.350 - 40.449     0 
40.450 - 40.549     0 
40.550 - 40.649     0 
40.650 - 40.749     0 
40.750 - 40.849     0 
40.850 - 40.949     0 
40.950 - 41.049     7 ##########

Range is zero, cannot produce histogram of thermal zone INT3400 Thermal

Histogram (of 33 thermal zone TCPU_PCI readings)

 Range (°C)    Count
49.000 - 51.399     3 ##########
51.400 - 53.799     0 
53.800 - 56.199     2 ######
56.200 - 58.599     7 #######################
58.600 - 60.999    12 ########################################
61.000 - 63.399     3 ##########
63.400 - 65.799     2 ######
65.800 - 68.199     3 ##########
68.200 - 70.599     0 
70.600 - 72.999     1 ###

Histogram (of 33 thermal zone iwlwifi_1 readings)

 Range (°C)    Count
52.000 - 53.599     3 ########
53.600 - 55.199     0 
55.200 - 56.799     2 #####
56.800 - 58.399     0 
58.400 - 59.999    14 ########################################
60.000 - 61.599     3 ########
61.600 - 63.199     5 ##############
63.200 - 64.799     2 #####
64.800 - 66.399     2 #####
66.400 - 67.999     2 #####

Range is zero, cannot produce histogram of thermal zone acpitz

Range is zero, cannot produce histogram of thermal zone SEN3
