Running for 86400.0 seconds (86400 samples at 1.0 second intervals).
Power measurements will start in 0 seconds time.

  Time    User  Nice   Sys  Idle    IO  Run Ctxt/s  IRQ/s Fork Exec Exit  Watts  uncore  pkg-0   core   psys   TCPU x86_pk INT340   SEN3 TCPU_P iwlwif acpitz   SEN2
16:10:43   0.0   0.0   0.1  99.9   0.0    1    472    424    0    0    0  17.88    0.00   3.97   0.23  13.67  59.05  59.00  20.00  46.05  59.00  70.00  47.05   0.00
16:10:44   0.0   0.0   0.0  99.9   0.0    1    514    267    0    0    0  18.62    0.00   4.12   0.11  14.38  58.05  58.00  20.00  46.05  58.00  61.00  47.05   0.00
16:10:45   0.1   0.0   0.1  99.8   0.0    2    503    235   13    6    8  16.87    0.00   3.74   0.20  12.93  59.05  59.00  20.00  46.05  59.00  61.00  47.05   0.00
16:10:46  15.1   0.0   1.1  83.8   0.0    8  47794   6198   40    0    0  89.07    0.00  24.54  17.91  46.62  73.05  73.00  20.00  46.05  73.00  60.00  47.05   0.00
16:10:47  19.9   0.0   1.0  79.1   0.0    5  53793   6345   29    4   28 111.19    0.00  31.53  24.66  55.00  76.05  76.00  20.00  46.05  76.00  60.00  47.05   0.00
16:10:48   9.5   0.0   1.0  89.5   0.0    7  25297   5653   88    5   41  70.22    0.00  18.51  11.85  39.86  73.05  73.00  20.00  46.05  73.00  74.00  47.05   0.00
16:10:49  24.3   0.0   1.8  73.9   0.0   19  74297  14134   13    0    9 100.06    0.00  28.20  21.54  50.31  73.05  73.00  20.00  46.05  73.00  74.00  47.05   0.00
16:10:50  15.7   0.0   1.0  83.3   0.0    5  63775  10991   56   74   55 100.77    0.00  27.79  20.43  52.54  83.05  83.00  20.00  46.05  83.00  74.00  47.05   0.00
16:10:51  51.7   0.0   1.8  46.5   0.0   22  72010   9931   32    0    0 115.64    0.00  32.91  25.68  57.04  64.05  64.00  20.00  46.05  64.00  70.00  47.05   0.00
16:10:52  70.9   0.0   1.3  27.7   0.0   19  39388  14032    0    0    0 105.03    0.00  29.81  22.71  52.50  67.05  67.00  20.00  46.05  67.00  67.00  47.05   0.00
16:10:53  75.3   0.0   1.0  23.7   0.0   19  24228   7864    0    0    3 104.63    0.00  29.66  22.45  52.52  62.05  62.00  20.00  46.05  64.00  67.00  47.05   0.00
16:10:54  76.9   0.0   0.6  22.6   0.0   19  19924   7693    0    0    1 106.87    0.00  30.38  23.15  53.34  67.05  67.00  20.00  46.05  67.00  65.00  47.05   0.00
16:10:55  72.0   0.0   0.7  27.3   0.0   11  22571   7644    0    0    0 101.85    0.00  28.75  21.39  51.71  67.05  67.00  20.00  46.05  68.00  65.00  47.05   0.00
16:10:56  39.4   0.0   0.5  60.0   0.1    5  17705   5207    1    0    1  95.28    0.00  26.24  18.88  50.16  71.05  71.00  20.00  46.05  71.00  67.00  47.05   0.00
16:10:57  34.7   0.0   0.4  64.9   0.0   19  17163   4423    0    0    0 102.72    0.00  29.00  22.12  51.59  70.05  70.00  20.00  46.05  70.00  67.00  47.05   0.00
16:10:58  55.6   0.0   0.6  43.8   0.0    5  18505   6378    7    0    1 107.66    0.00  30.42  23.29  53.94  77.05  77.00  20.00  46.05  77.00  73.00  47.05   0.00
16:10:59  92.6   0.0   0.5   6.9   0.0   28  13263   8331   24    0    1 115.61    0.00  33.12  26.03  56.46  65.05  65.00  20.00  46.05  65.00  73.00  47.05   0.00
16:11:00  98.2   0.0   0.2   1.5   0.0   28   4245   6836    0    0    2 108.36    0.00  30.94  24.00  53.41  69.05  69.00  20.00  46.05  69.00  73.00  47.05   0.00
16:11:01  86.0   0.0   0.6  13.4   0.0   28   6750   6423    0    0    0 102.50    0.00  29.14  22.22  51.13  62.05  62.00  20.00  46.05  62.00  66.00  47.05   0.00
16:11:02  73.2   0.0   1.0  25.8   0.0   22  36995  39283    2    0    0 103.69    0.00  29.47  22.37  51.85  68.05  68.00  20.00  46.05  68.00  66.00  47.05   0.00
16:11:03  94.0   0.0   0.7   5.3   0.0   25  13822   7216    0    0    1 107.58    0.00  30.62  23.50  53.46  67.05  67.00  20.00  46.05  67.00  66.00  47.05   0.00
16:11:04  95.9   0.0   0.6   3.5   0.0   28  10367   7274    0    0    0 105.62    0.00  29.99  22.79  52.84  69.05  69.00  20.00  46.05  69.00  67.00  47.05   0.00
16:11:05  83.4   0.0   0.9  15.7   0.0   36  18967   9192    0    0    0 104.49    0.00  29.74  22.60  52.15  65.05  65.00  20.00  46.05  65.00  67.00  47.05   0.00
16:11:06  96.9   0.0   0.6   2.5   0.0   29  10338   7868    0    0    0 106.88    0.00  30.38  23.14  53.35  68.05  68.00  20.00  46.05  68.00  68.00  47.05   0.00
16:11:07  96.6   0.0   0.8   2.6   0.0   30  10752   7901    0    0    0 105.36    0.00  29.91  22.67  52.78  66.05  66.00  20.00  46.05  66.00  68.00  47.05   0.00
16:11:08  96.2   0.0   0.7   3.1   0.0   28   9766   7424    0    0    0 107.18    0.00  30.33  22.90  53.95  66.05  66.00  20.00  46.05  66.00  67.00  47.05   0.00
16:11:09  95.8   0.0   0.7   3.5   0.0   28  11488   7643    0    0    0 106.89    0.00  30.36  23.04  53.49  67.05  67.00  20.00  46.05  67.00  67.00  47.05   0.00
16:11:10  95.6   0.0   0.5   3.9   0.0   30  10806   7252    0    0    0 105.69    0.00  29.99  22.73  52.98  66.05  66.00  20.00  46.05  66.00  67.00  48.05   0.00
16:11:11  95.5   0.0   1.0   3.5   0.0   26  10015   7373    0    0    0 107.00    0.00  30.39  23.09  53.52  67.05  67.00  20.00  46.05  67.00  67.00  48.05   0.00
16:11:12  95.8   0.0   0.7   3.5   0.0   28  10292   7398    0    0    0 107.62    0.00  30.60  23.28  53.75  67.05  67.00  20.00  46.05  67.00  67.00  48.05   0.00
16:11:13  95.7   0.0   0.6   3.7   0.0   28  10699   7620    0    0    0 110.29    0.00  31.27  23.71  55.31  66.05  66.00  20.00  46.05  66.00  67.00  48.05   0.00
16:11:14  94.6   0.0   0.9   4.4   0.0   27  11960   7631    0    0    0 109.16    0.00  30.89  23.38  54.90  69.05  69.00  20.00  46.05  69.00  68.00  48.05   0.00
16:11:15  88.0   0.0   0.5  11.5   0.0    8   9298   6953    0    0    0 102.61    0.00  29.07  21.68  51.85  62.05  62.00  20.00  46.05  62.00  68.00  48.05   0.00
16:11:16  19.3   0.0   0.5  80.2   0.0   18  11500  19103    0    0    0  92.44    0.00  25.66  18.80  47.97  72.05  72.00  20.00  46.05  72.00  74.00  48.05   0.00
16:11:17  19.2   0.0   0.3  80.5   0.0    5   9629  10434    0    0    0  89.24    0.00  24.60  17.92  46.72  76.05  76.00  20.00  46.05  76.00  74.00  48.05   0.00
16:11:18  15.7   0.0   0.3  84.0   0.0    3  12185   2661    0    0    0  86.06    0.00  23.55  16.79  45.71  68.05  68.00  20.00  46.05  68.00  77.00  48.05   0.00
16:11:19  12.2   0.0   0.1  87.7   0.0    2   7461   1956    0    0    1  68.77    0.00  18.63  12.26  37.88  62.05  62.00  20.00  46.05  62.00  77.00  48.05   0.00
-------- ----- ----- ----- ----- ----- ---- ------ ------ ---- ---- ---- ------  ------ ------ ------ ------ ------ ------ ------ ------ ------ ------ ------ ------
 Average  59.5   0.0   0.7  39.8   0.0 17.6 20230.7 8140.3  8.2  2.4  4.1  95.06    0.00  26.71  19.88  48.48  67.78  67.73  20.00  46.05  67.81  68.35  47.32   0.00
 GeoMean   0.0   0.0   0.5  19.3   0.0 12.4 12525.6 5909.6  0.0  0.0  0.0  87.93    0.00  24.27  14.44  46.13  67.58  67.53  20.00  46.05  67.62  68.22  47.32   0.00
  StdDev  36.2   0.0   0.4  36.2   0.0 10.8 18927.7 6326.6 18.6 12.0 11.7  25.06    0.00   7.48   6.58  11.05   5.20   5.20   0.00   0.00   5.15   4.31   0.44   0.00
-------- ----- ----- ----- ----- ----- ---- ------ ------ ---- ---- ---- ------  ------ ------ ------ ------ ------ ------ ------ ------ ------ ------ ------ ------
 Minimum   0.0   0.0   0.0   1.5   0.0  1.0  472.0  235.0  0.0  0.0  0.0  16.87    0.00   3.74   0.11  12.93  58.05  58.00  20.00  46.05  58.00  60.00  47.05   0.00
 Maximum  98.2   0.0   1.8  99.9   0.1 36.0 74297.0 39283.0 88.0 74.0 55.0 115.64    0.00  33.12  26.03  57.04  83.05  83.00  20.00  46.05  83.00  77.00  48.05   0.00
-------- ----- ----- ----- ----- ----- ---- ------ ------ ---- ---- ---- ------  ------ ------ ------ ------ ------ ------ ------ ------ ------ ------ ------ ------
Summary:
CPU:  95.06 Watts on average with standard deviation 25.06 
Note: power read from RAPL domains: uncore, pkg-0, core, psys.
These readings do not cover all the hardware in this device.

Histogram (of 37 power measurements)

  Range (Watts)   Count
 16.865 -  26.741     3 ########
 26.742 -  36.618     0 
 36.619 -  46.495     0 
 46.496 -  56.372     0 
 56.373 -  66.249     0 
 66.250 -  76.126     2 #####
 76.127 -  86.003     0 
 86.004 -  95.880     5 ##############
 95.881 - 105.757    13 #####################################
105.758 - 115.635    14 ########################################

Histogram (of 37 CPU utilization measurements)

 Range (%CPU)   Count
 0.083 -  9.919     3 #########
 9.920 - 19.756     6 ##################
19.757 - 29.594     3 #########
29.595 - 39.431     1 ###
39.432 - 49.268     1 ###
49.269 - 59.105     2 ######
59.106 - 68.942     0 
68.943 - 78.779     5 ###############
78.780 - 88.616     3 #########
88.617 - 98.453    13 ########################################

Histogram (of 37 thermal zone TCPU readings)

 Range (°C)    Count
58.050 - 60.549     3 ########
60.550 - 63.049     4 ###########
63.050 - 65.549     3 ########
65.550 - 68.049    14 ########################################
68.050 - 70.549     4 ###########
70.550 - 73.049     5 ##############
73.050 - 75.549     0 
75.550 - 78.049     3 ########
78.050 - 80.549     0 
80.550 - 83.049     1 ##

Histogram (of 37 thermal zone x86_pkg_temp readings)

 Range (°C)    Count
58.000 - 60.499     3 ########
60.500 - 62.999     4 ###########
63.000 - 65.499     3 ########
65.500 - 67.999    14 ########################################
68.000 - 70.499     4 ###########
70.500 - 72.999     5 ##############
73.000 - 75.499     0 
75.500 - 77.999     3 ########
78.000 - 80.499     0 
80.500 - 82.999     1 ##

Range is zero, cannot produce histogram of thermal zone INT3400 Thermal

Range is zero, cannot produce histogram of thermal zone SEN3

Histogram (of 37 thermal zone TCPU_PCI readings)

 Range (°C)    Count
58.000 - 60.499     3 ########
60.500 - 62.999     3 ########
63.000 - 65.499     4 ###########
65.500 - 67.999    14 ########################################
68.000 - 70.499     4 ###########
70.500 - 72.999     5 ##############
73.000 - 75.499     0 
75.500 - 77.999     3 ########
78.000 - 80.499     0 
80.500 - 82.999     1 ##

Histogram (of 37 thermal zone iwlwifi_1 readings)

 Range (°C)    Count
60.000 - 61.699     4 ##########
61.700 - 63.399     0 
63.400 - 65.099     2 #####
65.100 - 66.799     3 #######
66.800 - 68.499    16 ########################################
68.500 - 70.199     2 #####
70.200 - 71.899     0 
71.900 - 73.599     3 #######
73.600 - 75.299     5 ############
75.300 - 76.999     2 #####

Histogram (of 37 thermal zone acpitz readings)

 Range (°C)    Count
47.050 - 47.149    27 ########################################
47.150 - 47.249     0 
47.250 - 47.349     0 
47.350 - 47.449     0 
47.450 - 47.549     0 
47.550 - 47.649     0 
47.650 - 47.749     0 
47.750 - 47.849     0 
47.850 - 47.949     0 
47.950 - 48.049    10 ##############

Range is zero, cannot produce histogram of thermal zone SEN2
