Running for 86400.0 seconds (86400 samples at 1.0 second intervals).
Power measurements will start in 0 seconds time.

  Time    User  Nice   Sys  Idle    IO  Run Ctxt/s  IRQ/s Fork Exec Exit  Watts  uncore  pkg-0   core   psys   TCPU x86_pk INT340   SEN3 TCPU_P iwlwif acpitz   SEN2
14:30:47   0.0   0.0   0.0 100.0   0.0    1    281    397    0    0    0  10.47    0.00   2.30   0.17   8.00  54.05  54.00  20.00  41.05  54.00  69.00  44.05   0.00
14:30:48   0.0   0.0   0.1  99.9   0.0    1    219    124    0    0    0   7.26    0.00   1.60   0.06   5.60  54.05  54.00  20.00  41.05  54.00  58.00  44.05   0.00
14:30:49   0.0   0.0   0.2  99.8   0.0    3    255    136    6    3    3   7.35    0.00   1.68   0.15   5.51  54.05  54.00  20.00  42.05  54.00  58.00  44.05   0.00
14:30:50   4.4   0.0   0.2  95.5   0.0    2   1313    734   11    0    0  42.92    0.00  11.75   6.34  24.83  58.05  58.00  20.00  42.05  58.00  56.00  44.05   0.00
14:30:51   4.2   0.0   0.0  95.8   0.0    2    621    609    0    0    0  41.42    0.00  11.37   5.96  24.09  59.05  59.00  20.00  42.05  59.00  56.00  44.05   0.00
14:30:52   4.1   0.0   0.0  95.9   0.0    3    540    580    0    0    0  41.27    0.00  11.33   5.92  24.03  59.05  59.00  20.00  42.05  59.00  60.00  44.05   0.00
14:30:53   4.1   0.0   0.0  95.8   0.0    2    536    556    0    0    0  42.35    0.00  11.53   5.94  24.88  60.05  60.00  20.00  42.05  60.00  60.00  44.05   0.00
14:30:54   4.2   0.0   0.0  95.8   0.0    2    498    600    0    0    0  42.33    0.00  11.52   5.93  24.88  58.05  58.00  20.00  42.05  58.00  60.00  44.05   0.00
14:30:55   4.2   0.0   0.0  95.8   0.0    2    561    577    0    0    0  41.39    0.00  11.34   5.94  24.10  58.05  58.00  20.00  42.05  58.00  60.00  44.05   0.00
14:30:56   4.2   0.0   0.0  95.8   0.0    2    432    557    0    0    0  41.23    0.00  11.32   5.92  23.99  58.05  58.00  20.00  42.05  58.00  60.00  44.05   0.00
14:30:57   4.2   0.0   0.0  95.8   0.0    2    551    575    0    0    0  41.31    0.00  11.33   5.93  24.05  58.05  58.00  20.00  42.05  58.00  60.00  44.05   0.00
14:30:58   4.2   0.0   0.0  95.8   0.0    1    401    566    0    0    0  41.23    0.00  11.32   5.92  24.00  58.05  58.00  20.00  42.05  58.00  59.00  44.05   0.00
14:30:59   4.1   0.0   0.0  95.9   0.0    2    475    548    0    0    0  41.32    0.00  11.34   5.93  24.05  58.05  58.00  20.00  42.05  58.00  59.00  44.05   0.00
14:31:00   4.1   0.0   0.0  95.8   0.0    2    489    601    0    0    0  42.41    0.00  11.55   5.96  24.89  58.05  58.00  20.00  42.05  58.00  59.00  44.05   0.00
14:31:01   4.2   0.0   0.0  95.7   0.1    2    532    598    0    0    0  42.92    0.00  11.63   5.97  25.32  58.05  58.00  20.00  42.05  58.00  59.00  44.05   0.00
14:31:02   4.2   0.0   0.0  95.8   0.0    2    478    551    0    0    0  42.05    0.00  11.47   5.90  24.68  58.05  58.00  20.00  42.05  58.00  59.00  44.05   0.00
14:31:03   4.2   0.0   0.0  95.8   0.0    2    450    523    0    0    0  41.14    0.00  11.30   5.91  23.93  58.05  58.00  20.00  42.05  58.00  59.00  44.05   0.00
14:31:04   4.2   0.0   0.0  95.8   0.0    2    447    557    0    0    0  43.29    0.00  11.94   6.58  24.77  59.05  59.00  20.00  42.05  59.00  59.00  44.05   0.00
14:31:05   4.2   0.0   0.0  95.8   0.0    2    753    567    0    0    0  41.31    0.00  11.31   5.93  24.07  60.05  60.00  20.00  42.05  60.00  59.00  44.05   0.00
14:31:06   4.1   0.0   0.0  95.9   0.0    2    410    585    0    0    0  41.30    0.00  11.33   5.95  24.02  60.05  60.00  20.00  42.05  60.00  59.00  44.05   0.00
14:31:07   4.2   0.0   0.0  95.8   0.0    2    504    576    0    0    0  42.37    0.00  11.54   5.95  24.88  60.05  60.00  20.00  42.05  60.00  60.00  44.05   0.00
14:31:08   4.2   0.0   0.0  95.8   0.0    2    379    536    0    0    0  41.22    0.00  11.30   5.91  24.01  59.05  59.00  20.00  42.05  59.00  60.00  44.05   0.00
14:31:09   4.2   0.0   0.0  95.8   0.0    2    510    539    0    0    0  41.29    0.00  11.32   5.92  24.05  60.05  60.00  20.00  42.05  60.00  60.00  44.05   0.00
14:31:10   4.1   0.0   0.0  95.9   0.0    2    456    585    0    0    0  41.32    0.00  11.35   5.96  24.02  59.05  59.00  20.00  42.05  59.00  60.00  44.05   0.00
14:31:11   4.2   0.0   0.0  95.8   0.0    2    460    552    0    0    0  41.18    0.00  11.30   5.91  23.97  60.05  60.00  20.00  42.05  60.00  60.00  44.05   0.00
14:31:12   4.2   0.0   0.0  95.8   0.0    2    464    555    0    0    0  41.37    0.00  11.36   5.97  24.03  60.05  60.00  20.00  42.05  60.00  61.00  44.05   0.00
14:31:13   4.1   0.0   0.0  95.9   0.0    2    421    528    0    0    1  41.25    0.00  11.30   5.91  24.04  59.05  59.00  20.00  42.05  59.00  61.00  44.05   0.00
14:31:14   4.1   0.0   0.0  95.9   0.0    2    448    563    0    0    0  41.29    0.00  11.35   5.96  23.98  60.05  60.00  20.00  42.05  60.00  60.00  44.05   0.00
14:31:15   4.1   0.0   0.0  95.8   0.0    2    429    548    0    0    0  41.32    0.00  11.35   5.96  24.00  59.05  59.00  20.00  42.05  59.00  60.00  44.05   0.00
14:31:16   4.1   0.0   0.0  95.8   0.0    2    458    537    0    0    0  42.31    0.00  11.53   5.95  24.82  60.05  60.00  20.00  42.05  60.00  60.00  44.05   0.00
14:31:17   4.2   0.0   0.0  95.8   0.0    2    426    526    0    0    0  41.14    0.00  11.28   5.90  23.96  59.05  59.00  20.00  42.05  59.00  60.00  44.05   0.00
14:31:18   4.2   0.0   0.0  95.8   0.0    2    444    553    0    0    0  41.27    0.00  11.31   5.92  24.04  60.05  60.00  20.00  42.05  60.00  60.00  44.05   0.00
14:31:19   4.2   0.0   0.0  95.8   0.0    2    436    544    0    0    0  41.29    0.00  11.33   5.94  24.03  59.05  59.00  20.00  42.05  59.00  60.00  44.05   0.00
14:31:20   4.1   0.0   0.0  95.9   0.0    2    428    519    0    0    0  41.12    0.00  11.28   5.90  23.94  59.05  59.00  20.00  42.05  59.00  60.00  44.05   0.00
14:31:21   4.1   0.0   0.0  95.9   0.0    2    474    528    0    0    0  41.23    0.00  11.31   5.93  23.99  59.05  59.00  20.00  42.05  59.00  60.00  43.05   0.00
14:31:22   4.2   0.0   0.0  95.8   0.0    2    437    583    0    0    1  41.25    0.00  11.32   5.94  23.99  59.05  59.00  20.00  42.05  59.00  60.00  43.05   0.00
14:31:23   4.2   0.0   0.0  95.8   0.0    2    486    563    0    0    0  41.32    0.00  11.33   5.94  24.05  59.05  59.00  20.00  42.05  59.00  60.00  43.05   0.00
14:31:24   4.2   0.0   0.0  95.8   0.0    2    404    521    0    0    0  41.17    0.00  11.29   5.91  23.97  59.05  59.00  20.00  42.05  59.00  60.00  43.05   0.00
14:31:25   4.2   0.0   0.0  95.8   0.0    2    452    527    0    0    0  41.26    0.00  11.31   5.93  24.02  59.05  59.00  20.00  42.05  59.00  60.00  43.05   0.00
14:31:26   4.2   0.0   0.0  95.8   0.0    2    396    497    0    0    0  41.13    0.00  11.29   5.90  23.94  60.05  60.00  20.00  42.05  60.00  60.00  43.05   0.00
14:31:27   4.2   0.0   0.0  95.8   0.0    2    504    540    0    0    0  41.20    0.00  11.30   5.92  23.98  59.05  59.00  20.00  42.05  59.00  60.00  43.05   0.00
14:31:28   4.2   0.0   0.0  95.8   0.0    2    394    554    0    0    0  41.09    0.00  11.27   5.89  23.92  59.05  59.00  20.00  42.05  59.00  60.00  43.05   0.00
14:31:29   4.1   0.0   0.0  95.9   0.0    2    454    520    0    0    0  41.26    0.00  11.31   5.92  24.03  59.05  59.00  20.00  42.05  59.00  60.00  43.05   0.00
14:31:30   4.1   0.0   0.0  95.9   0.0    2    470    563    0    0    0  41.30    0.00  11.33   5.94  24.02  59.05  59.00  20.00  42.05  59.00  60.00  43.05   0.00
14:31:31   4.1   0.0   0.0  95.8   0.0    2    470    549    0    0    0  42.19    0.00  11.49   5.92  24.78  59.05  59.00  20.00  42.05  59.00  60.00  43.05   0.00
14:31:32   4.2   0.0   0.0  95.8   0.0    2    444    494    0    0    0  41.16    0.00  11.30   5.90  23.95  60.05  60.00  20.00  42.05  60.00  60.00  43.05   0.00
14:31:33   4.2   0.0   0.0  95.8   0.0    2    416    510    0    0    0  41.16    0.00  11.30   5.91  23.96  59.05  59.00  20.00  42.05  59.00  60.00  43.05   0.00
14:31:34   4.2   0.0   0.0  95.8   0.0    2    462    541    0    0    0  41.25    0.00  11.32   5.94  23.99  59.05  59.00  20.00  42.05  59.00  60.00  43.05   0.00
14:31:35   4.1   0.0   0.0  95.8   0.0    2    739    514    0    0    0  41.28    0.00  11.34   5.95  24.00  59.05  59.00  20.00  42.05  59.00  60.00  43.05   0.00
14:31:36   4.1   0.0   0.0  95.8   0.0    2    466    512    0    0    0  42.19    0.00  11.49   5.91  24.79  59.05  59.00  20.00  42.05  59.00  60.00  43.05   0.00
14:31:37   4.2   0.0   0.0  95.8   0.0    2    424    535    0    0    0  41.29    0.00  11.32   5.94  24.03  59.05  59.00  20.00  42.05  59.00  60.00  43.05   0.00
14:31:38   4.1   0.0   0.0  95.9   0.0    2    450    533    0    0    0  41.22    0.00  11.30   5.92  24.00  59.05  59.00  20.00  42.05  59.00  60.00  43.05   0.00
14:31:39   4.2   0.0   0.0  95.8   0.0    1    473    510    0    0    0  41.06    0.00  11.27   5.89  23.90  59.05  59.00  20.00  42.05  58.00  59.00  43.05   0.00
14:31:40   4.2   0.0   0.0  95.8   0.0    2    399    498    0    0    0  41.22    0.00  11.31   5.92  24.00  59.05  59.00  20.00  42.05  59.00  59.00  43.05   0.00
14:31:41   4.2   0.0   0.0  95.8   0.0    2    480    504    0    0    0  41.26    0.00  11.32   5.93  24.01  59.05  59.00  20.00  42.05  59.00  59.00  43.05   0.00
14:31:42   4.1   0.0   0.0  95.9   0.0    2    386    560    0    0    0  41.32    0.00  11.35   5.96  24.00  59.05  59.00  20.00  42.05  59.00  59.00  43.05   0.00
14:31:43   4.1   0.0   0.0  95.8   0.0    2    496    540    0    0    0  41.36    0.00  11.36   5.98  24.02  59.05  59.00  20.00  42.05  59.00  60.00  43.05   0.00
14:31:44   4.2   0.0   0.0  95.8   0.0    2    376    525    0    0    0  41.25    0.00  11.31   5.92  24.02  60.05  60.00  20.00  42.05  60.00  60.00  43.05   0.00
14:31:45   4.2   0.0   0.0  95.8   0.0    2    458    505    0    0    0  41.18    0.00  11.28   5.91  23.99  59.05  59.00  20.00  42.05  59.00  60.00  43.05   0.00
14:31:46   4.2   0.0   0.0  95.8   0.0    2    394    548    0    0    0  41.27    0.00  11.33   5.95  23.99  59.05  59.00  20.00  42.05  59.00  60.00  43.05   0.00
14:31:47   4.2   0.0   0.0  95.8   0.0    2    522    526    0    0    0  41.20    0.00  11.30   5.92  23.97  59.05  59.00  20.00  42.05  59.00  60.00  43.05   0.00
14:31:48   4.2   0.0   0.0  95.8   0.0    2    370    531    0    0    0  41.31    0.00  11.32   5.93  24.06  59.05  59.00  20.00  42.05  59.00  60.00  43.05   0.00
14:31:49   4.2   0.0   0.0  95.8   0.0    2    466    531    0    0    0  41.20    0.00  11.30   5.92  23.98  59.05  59.00  20.00  42.05  59.00  59.00  43.05   0.00
14:31:50   4.2   0.0   0.0  95.8   0.0    2    450    544    0    0    0  42.17    0.00  11.48   5.90  24.79  59.05  59.00  20.00  42.05  59.00  59.00  43.05   0.00
14:31:51   4.2   0.0   0.0  95.8   0.0    2    462    551    0    0    0  41.22    0.00  11.30   5.92  24.00  59.05  59.00  20.00  42.05  59.00  59.00  43.05   0.00
14:31:52   4.2   0.0   0.0  95.8   0.0    2    488    532    0    0    0  41.48    0.00  11.39   6.01  24.09  59.05  59.00  20.00  42.05  59.00  59.00  43.05   0.00
14:31:53   4.2   0.0   0.0  95.8   0.0    2    404    486    0    0    0  41.16    0.00  11.30   5.90  23.96  59.05  59.00  20.00  42.05  59.00  59.00  43.05   0.00
14:31:54   4.2   0.0   0.0  95.8   0.0    2    440    510    0    0    0  41.18    0.00  11.30   5.93  23.95  59.05  59.00  20.00  42.05  59.00  59.00  43.05   0.00
14:31:55   4.1   0.0   0.0  95.9   0.0    2    430    535    0    0    0  41.27    0.00  11.33   5.94  23.99  58.05  58.00  20.00  42.05  58.00  59.00  43.05   0.00
14:31:56   4.2   0.0   0.0  95.8   0.0    2    460    551    0    0    0  42.42    0.00  11.55   5.97  24.90  59.05  59.00  20.00  42.05  59.00  59.00  43.05   0.00
14:31:57   4.2   0.0   0.0  95.8   0.0    2    416    516    0    0    0  41.26    0.00  11.31   5.93  24.02  59.05  59.00  20.00  42.05  59.00  59.00  43.05   0.00
14:31:58   4.2   0.0   0.0  95.8   0.0    2    442    545    0    0    0  41.23    0.00  11.31   5.93  24.00  59.05  59.00  20.00  42.05  59.00  59.00  43.05   0.00
14:31:59   4.1   0.0   0.0  95.9   0.0    2    493    506    0    0    0  41.14    0.00  11.28   5.90  23.95  58.05  58.00  20.00  42.05  58.00  59.00  43.05   0.00
14:32:00   4.2   0.0   0.0  95.8   0.0    2    417    529    0    0    0  41.19    0.00  11.29   5.92  23.98  59.05  59.00  20.00  41.05  59.00  59.00  43.05   0.00
14:32:01   4.1   0.0   0.0  95.9   0.0    2    482    507    0    0    0  41.23    0.00  11.31   5.94  23.98  59.05  59.00  20.00  41.05  59.00  59.00  43.05   0.00
14:32:02   4.1   0.0   0.0  95.9   0.0    2    410    547    0    0    0  41.26    0.00  11.33   5.95  23.98  59.05  59.00  20.00  41.05  59.00  59.00  43.05   0.00
14:32:03   4.2   0.0   0.0  95.8   0.0    2    518    530    0    0    0  41.20    0.00  11.29   5.91  24.00  59.05  59.00  20.00  41.05  59.00  59.00  43.05   0.00
14:32:04   4.1   0.0   0.0  95.8   0.0    2    400    532    0    0    0  41.25    0.00  11.31   5.94  24.00  59.05  59.00  20.00  41.05  59.00  59.00  43.05   0.00
14:32:05   4.2   0.0   0.0  95.8   0.0    2    491    539    0    0    0  42.28    0.00  11.49   5.92  24.87  59.05  59.00  20.00  42.05  59.00  59.00  43.05   0.00
14:32:06   4.1   0.0   0.0  95.8   0.0    2    700    590    0    0    0  41.20    0.00  11.30   5.91  23.99  59.05  59.00  20.00  42.05  59.00  59.00  43.05   0.00
14:32:07   4.2   0.0   0.0  95.8   0.0    2    510    526    0    0    0  41.19    0.00  11.29   5.92  23.98  59.05  59.00  20.00  42.05  59.00  59.00  43.05   0.00
14:32:08   4.2   0.0   0.0  95.8   0.0    2    392    524    0    0    0  41.22    0.00  11.30   5.93  23.99  59.05  59.00  20.00  42.05  59.00  59.00  43.05   0.00
14:32:09   4.2   0.0   0.0  95.8   0.0    2    489    499    0    0    0  41.27    0.00  11.33   5.95  23.99  59.05  59.00  20.00  42.05  59.00  59.00  43.05   0.00
14:32:10   4.2   0.0   0.0  95.8   0.0    2    396    519    0    0    0  41.16    0.00  11.29   5.92  23.96  59.05  59.00  20.00  42.05  59.00  59.00  43.05   0.00
14:32:11   4.1   0.0   0.0  95.8   0.0    2    548    536    0    0    0  42.20    0.00  11.48   5.91  24.81  58.05  58.00  20.00  42.05  59.00  59.00  43.05   0.00
14:32:12   4.1   0.0   0.0  95.9   0.0    2    448    525    0    0    0  41.24    0.00  11.31   5.93  24.00  59.05  59.00  20.00  42.05  59.00  59.00  43.05   0.00
14:32:13   4.1   0.0   0.1  95.8   0.0    2    404    534    0    0    0  41.26    0.00  11.31   5.93  24.03  59.05  59.00  20.00  42.05  59.00  59.00  43.05   0.00
14:32:14   4.2   0.0   0.0  95.8   0.0    2    456    558    0    0    0  41.29    0.00  11.33   5.96  24.00  59.05  59.00  20.00  42.05  59.00  59.00  43.05   0.00
14:32:15   4.2   0.0   0.0  95.8   0.0    2    430    535    0    0    0  41.18    0.00  11.29   5.91  23.98  59.05  59.00  20.00  42.05  59.00  59.00  43.05   0.00
14:32:16   4.2   0.0   0.0  95.8   0.0    2    448    505    0    0    0  41.31    0.00  11.34   5.95  24.02  59.05  59.00  20.00  42.05  59.00  59.00  43.05   0.00
14:32:17   4.2   0.0   0.0  95.8   0.0    2    426    522    0    0    0  42.16    0.00  11.48   5.92  24.75  59.05  59.00  20.00  42.05  59.00  59.00  43.05   0.00
14:32:18   4.2   0.0   0.0  95.8   0.0    2    442    532    0    0    0  41.18    0.00  11.30   5.92  23.95  59.05  59.00  20.00  42.05  59.00  59.00  43.05   0.00
14:32:19   4.1   0.0   0.0  95.9   0.0    2    428    530    0    0    0  41.23    0.00  11.31   5.93  23.99  59.05  59.00  20.00  42.05  59.00  59.00  43.05   0.00
14:32:20   4.2   0.0   0.0  95.8   0.0    2    436    528    0    0    0  41.25    0.00  11.32   5.94  23.99  59.05  59.00  20.00  41.05  59.00  59.00  43.05   0.00
14:32:21   4.1   0.0   0.0  95.9   0.0    2    476    486    0    0    0  41.12    0.00  11.28   5.91  23.94  59.05  59.00  20.00  41.05  59.00  59.00  43.05   0.00
14:32:22   4.2   0.0   0.0  95.8   0.0    2    438    561    0    0    0  41.32    0.00  11.34   5.95  24.03  59.05  59.00  20.00  41.05  59.00  59.00  42.05   0.00
14:32:23   4.2   0.0   0.0  95.8   0.0    2    491    514    0    0    0  41.22    0.00  11.31   5.94  23.97  59.05  59.00  20.00  41.05  59.00  59.00  42.05   0.00
14:32:24   4.2   0.0   0.0  95.8   0.0    2    384    519    0    0    0  41.21    0.00  11.30   5.92  23.98  59.05  59.00  20.00  41.05  59.00  59.00  42.05   0.00
14:32:25   4.1   0.0   0.0  95.9   0.0    2    464    491    0    0    0  41.14    0.00  11.28   5.91  23.95  59.05  59.00  20.00  42.05  59.00  59.00  42.05   0.00
14:32:26   4.2   0.0   0.0  95.8   0.0    2    408    535    0    0    0  42.27    0.00  11.50   5.93  24.84  59.05  59.00  20.00  42.05  59.00  59.00  42.05   0.00
14:32:27   4.2   0.0   0.0  95.8   0.0    2    512    519    0    0    0  41.20    0.00  11.30   5.92  23.98  59.05  59.00  20.00  42.05  59.00  59.00  43.05   0.00
14:32:28   4.2   0.0   0.0  95.8   0.0    2    428    539    0    0    0  41.23    0.00  11.32   5.94  23.98  58.05  58.00  20.00  42.05  58.00  59.00  43.05   0.00
14:32:29   4.2   0.0   0.0  95.8   0.0    2    452    492    0    0    0  41.17    0.00  11.29   5.91  23.97  58.05  58.00  20.00  42.05  58.00  59.00  43.05   0.00
14:32:30   4.2   0.0   0.0  95.8   0.0    2    462    541    0    0    0  42.30    0.00  11.50   5.93  24.87  59.05  59.00  20.00  42.05  59.00  59.00  43.05   0.00
14:32:31   4.1   0.0   0.0  95.9   0.0    2    464    507    0    0    0  41.22    0.00  11.31   5.93  23.99  58.05  58.00  20.00  42.05  58.00  59.00  43.05   0.00
14:32:32   4.1   0.0   0.0  95.8   0.0    2    454    520    0    0    0  41.19    0.00  11.31   5.94  23.95  58.05  58.00  20.00  42.05  59.00  59.00  43.05   0.00
14:32:33   4.2   0.0   0.0  95.8   0.0    2    396    496    0    0    0  41.18    0.00  11.30   5.92  23.96  58.05  58.00  20.00  42.05  58.00  59.00  43.05   0.00
14:32:34   4.2   0.0   0.0  95.8   0.0    2    456    506    0    0    0  41.17    0.00  11.29   5.91  23.96  58.05  58.00  20.00  42.05  58.00  59.00  43.05   0.00
14:32:35   4.2   0.0   0.0  95.8   0.0    2    446    482    0    0    0  41.13    0.00  11.28   5.91  23.93  59.05  59.00  20.00  42.05  59.00  59.00  43.05   0.00
14:32:36   4.1   0.0   0.0  95.9   0.0    2    762    524    0    0    0  41.31    0.00  11.33   5.95  24.04  58.05  58.00  20.00  42.05  58.00  59.00  43.05   0.00
14:32:37   4.1   0.0   0.0  95.9   0.0    2    426    516    0    0    0  41.14    0.00  11.28   5.91  23.95  59.05  59.00  20.00  42.05  59.00  59.00  43.05   0.00
14:32:38   4.1   0.0   0.0  95.9   0.0    2    446    537    0    0    0  41.26    0.00  11.31   5.94  24.01  58.05  58.00  20.00  42.05  58.00  59.00  43.05   0.00
14:32:39   4.1   0.0   0.0  95.9   0.0    2    491    532    0    0    0  41.32    0.00  11.32   5.94  24.06  57.05  57.00  20.00  42.05  57.00  59.00  43.05   0.00
14:32:40   4.2   0.0   0.0  95.8   0.0    2    408    496    0    0    0  41.15    0.00  11.29   5.92  23.94  59.05  59.00  20.00  42.05  59.00  59.00  43.05   0.00
14:32:41   4.2   0.0   0.0  95.8   0.0    2    482    525    0    0    0  41.32    0.00  11.35   5.98  23.98  59.05  59.00  20.00  42.05  59.00  59.00  43.05   0.00
14:32:42   4.2   0.0   0.0  95.8   0.0    2    384    532    0    0    0  41.24    0.00  11.30   5.93  24.01  59.05  59.00  20.00  42.05  59.00  59.00  43.05   0.00
14:32:43   4.2   0.0   0.0  95.8   0.0    2    484    515    0    0    0  41.32    0.00  11.34   5.96  24.02  59.05  59.00  20.00  42.05  59.00  59.00  43.05   0.00
14:32:44   4.2   0.0   0.0  95.8   0.0    2    382    483    0    0    0  41.13    0.00  11.29   5.93  23.91  58.05  58.00  20.00  42.05  58.00  59.00  43.05   0.00
14:32:45   4.2   0.0   0.0  95.8   0.0    2    452    506    0    0    0  42.27    0.00  11.51   5.94  24.82  58.05  58.00  20.00  42.05  58.00  59.00  43.05   0.00
14:32:46   4.2   0.0   0.0  95.8   0.0    2    426    533    0    0    0  41.13    0.00  11.28   5.91  23.94  58.05  58.00  20.00  42.05  58.00  59.00  43.05   0.00
14:32:47   4.2   0.0   0.0  95.8   0.0    2    504    540    0    0    0  41.25    0.00  11.32   5.94  23.98  59.05  59.00  20.00  42.05  59.00  59.00  43.05   0.00
14:32:48   4.1   0.0   0.0  95.9   0.0    2    438    525    0    0    0  41.31    0.00  11.28   5.91  24.12  57.05  57.00  20.00  42.05  58.00  59.00  43.05   0.00
14:32:49   4.1   0.0   0.0  95.9   0.0    2    414    522    0    0    0  41.24    0.00  11.30   5.92  24.02  58.05  58.00  20.00  42.05  58.00  59.00  43.05   0.00
14:32:50   4.2   0.0   0.0  95.8   0.0    2    439    538    0    0    0  41.25    0.00  11.33   5.96  23.96  59.05  59.00  20.00  41.05  59.00  59.00  43.05   0.00
14:32:51   4.2   0.0   0.0  95.8   0.0    2    460    513    0    0    0  41.28    0.00  11.35   5.96  23.97  57.05  57.00  20.00  41.05  57.00  59.00  43.05   0.00
14:32:52   4.2   0.0   0.0  95.8   0.0    2    492    548    0    0    0  41.29    0.00  11.31   5.95  24.02  59.05  59.00  20.00  41.05  59.00  59.00  43.05   0.00
14:32:53   4.2   0.0   0.0  95.8   0.0    2    394    474    0    0    0  41.25    0.00  11.33   5.97  23.96  58.05  58.00  20.00  41.05  58.00  59.00  43.05   0.00
14:32:54   4.2   0.0   0.0  95.8   0.0    2    456    527    0    0    0  41.26    0.00  11.31   5.94  24.01  58.05  58.00  20.00  41.05  58.00  59.00  43.05   0.00
14:32:55   4.2   0.0   0.0  95.8   0.0    2    442    576    0    0    0  42.53    0.00  11.52   5.95  25.06  59.05  59.00  20.00  41.05  59.00  59.00  43.05   0.00
14:32:56   4.1   0.0   0.0  95.9   0.0    2    460    508    0    0    0  41.24    0.00  11.32   5.95  23.96  59.05  59.00  20.00  42.05  59.00  59.00  43.05   0.00
14:32:57   4.2   0.0   0.0  95.8   0.0    2    480    494    0    0    0  41.13    0.00  11.30   5.93  23.90  59.05  59.00  20.00  42.05  59.00  59.00  43.05   0.00
14:32:58   4.1   0.0   0.0  95.9   0.0    2    393    529    0    0    0  41.27    0.00  11.34   5.96  23.97  58.05  58.00  20.00  42.05  58.00  59.00  42.05   0.00
14:32:59   4.2   0.0   0.0  95.8   0.0    2    482    536    0    0    0  41.35    0.00  11.35   5.97  24.02  58.05  58.00  20.00  42.05  58.00  59.00  42.05   0.00
14:33:00   4.2   0.0   0.0  95.8   0.0    2    419    547    0    0    0  41.29    0.00  11.31   5.94  24.04  58.05  58.00  20.00  42.05  58.00  59.00  42.05   0.00
14:33:01   4.2   0.0   0.0  95.8   0.0    2    517    539    0    0    0  41.39    0.00  11.37   6.00  24.01  58.05  58.00  20.00  42.05  58.00  59.00  42.05   0.00
14:33:02   4.1   0.0   0.0  95.9   0.0    2    414    569    0    0    0  41.38    0.00  11.36   5.99  24.04  59.05  59.00  20.00  42.05  59.00  59.00  42.05   0.00
14:33:03   4.2   0.0   0.0  95.8   0.0    2    491    543    0    0    0  41.20    0.00  11.32   5.95  23.93  59.05  59.00  20.00  42.05  59.00  59.00  42.05   0.00
14:33:04   4.2   0.0   0.0  95.8   0.0    2    394    530    0    0    0  41.18    0.00  11.31   5.94  23.93  59.05  59.00  20.00  42.05  59.00  59.00  42.05   0.00
14:33:05   4.2   0.0   0.0  95.8   0.0    2    478    569    0    0    0  42.41    0.00  11.59   6.02  24.79  59.05  59.00  20.00  42.05  59.00  59.00  42.05   0.00
14:33:06   4.2   0.0   0.0  95.8   0.0    2    772    576    0    0    0  41.24    0.00  11.30   5.93  24.01  58.05  58.00  20.00  41.05  59.00  59.00  42.05   0.00
14:33:07   4.2   0.0   0.0  95.8   0.0    2    464    599    0    0    0  41.47    0.00  11.39   6.02  24.06  59.05  59.00  20.00  41.05  59.00  59.00  42.05   0.00
14:33:08   4.2   0.0   0.0  95.8   0.0    2    460    577    0    0    0  42.44    0.00  11.55   5.98  24.91  59.05  59.00  20.00  41.05  59.00  59.00  42.05   0.00
14:33:09   4.2   0.0   0.0  95.8   0.0    2    458    542    0    0    0  41.32    0.00  11.34   5.96  24.02  59.05  59.00  20.00  41.05  59.00  59.00  42.05   0.00
14:33:10   4.2   0.0   0.0  95.8   0.0    2    450    380    0    0    0  41.27    0.00  11.33   5.96  23.98  59.05  59.00  20.00  41.05  59.00  59.00  42.05   0.00
14:33:11   4.2   0.0   0.0  95.8   0.0    2    458    374    0    0    0  41.14    0.00  11.29   5.91  23.94  58.05  58.00  20.00  41.05  58.00  59.00  42.05   0.00
14:33:12   4.2   0.0   0.0  95.8   0.0    2    455    348    0    0    0  41.13    0.00  11.34   5.98  23.81  58.05  58.00  20.00  41.05  58.00  59.00  42.05   0.00
14:33:13   4.2   0.0   0.0  95.8   0.0    2    394    428    0    0    0  41.25    0.00  11.29   5.92  24.04  58.05  58.00  20.00  41.05  58.00  59.00  42.05   0.00
14:33:14   4.2   0.0   0.0  95.8   0.0    2    428    529    0    0    0  41.17    0.00  11.30   5.94  23.93  59.05  59.00  20.00  41.05  59.00  59.00  42.05   0.00
14:33:15   4.1   0.0   0.0  95.8   0.0    2    506    565    0    0    0  41.39    0.00  11.40   6.02  23.98  59.05  59.00  20.00  41.05  59.00  59.00  42.05   0.00
14:33:16   4.1   0.0   0.0  95.9   0.0    2    404    534    0    0    0  41.20    0.00  11.30   5.94  23.96  58.05  58.00  20.00  41.05  58.00  59.00  42.05   0.00
14:33:17   4.1   0.0   0.0  95.9   0.0    2    481    545    0    0    0  41.30    0.00  11.32   5.96  24.02  59.05  59.00  20.00  41.05  59.00  59.00  42.05   0.00
14:33:18   4.2   0.0   0.0  95.8   0.0    2    380    557    0    0    0  41.27    0.00  11.33   5.96  23.98  58.05  58.00  20.00  41.05  58.00  59.00  42.05   0.00
14:33:19   4.2   0.0   0.0  95.8   0.0    2    477    551    0    0    0  41.36    0.00  11.34   5.97  24.05  58.05  58.00  20.00  41.05  58.00  59.00  42.05   0.00
14:33:20   4.2   0.0   0.0  95.8   0.0    2    402    571    0    0    0  42.48    0.00  11.51   5.95  25.02  58.05  58.00  20.00  41.05  58.00  59.00  42.05   0.00
14:33:21   4.2   0.0   0.0  95.8   0.0    2    506    559    0    0    0  41.29    0.00  11.32   5.95  24.02  59.05  59.00  20.00  41.05  59.00  59.00  42.05   0.00
14:33:22   4.1   0.0   0.0  95.9   0.0    2    390    556    0    0    0  41.19    0.00  11.29   5.92  23.99  59.05  59.00  20.00  41.05  59.00  59.00  42.05   0.00
14:33:23   4.2   0.0   0.0  95.8   0.0    2    499    567    0    0    0  42.38    0.00  11.54   5.95  24.89  59.05  59.00  20.00  41.05  59.00  59.00  42.05   0.00
14:33:24   4.2   0.0   0.0  95.8   0.0    2    444    555    0    0    0  41.34    0.00  11.34   5.97  24.04  58.05  58.00  20.00  41.05  58.00  59.00  42.05   0.00
14:33:25   4.2   0.0   0.0  95.8   0.0    2    406    548    0    0    0  41.23    0.00  11.32   5.95  23.96  59.05  59.00  20.00  41.05  59.00  59.00  42.05   0.00
14:33:26   4.1   0.0   0.0  95.9   0.0    2    464    534    0    0    0  41.08    0.00  11.27   5.91  23.90  59.05  59.00  20.00  41.05  59.00  59.00  42.05   0.00
14:33:27   4.1   0.0   0.0  95.9   0.0    2    448    547    0    0    0  41.15    0.00  11.29   5.92  23.94  59.05  59.00  20.00  41.05  59.00  59.00  42.05   0.00
14:33:28   4.1   0.0   0.0  95.8   0.0    2    430    516    0    0    0  41.11    0.00  11.29   5.93  23.89  59.05  59.00  20.00  41.05  59.00  59.00  42.05   0.00
14:33:29   4.2   0.0   0.0  95.8   0.0    2    414    550    0    0    0  42.32    0.00  11.51   5.95  24.86  58.05  58.00  20.00  41.05  58.00  59.00  42.05   0.00
14:33:30   4.2   0.0   0.0  95.8   0.0    2    438    571    0    0    0  41.27    0.00  11.32   5.96  23.99  59.05  59.00  20.00  41.05  59.00  59.00  42.05   0.00
14:33:31   4.2   0.0   0.0  95.8   0.0    2    449    553    0    0    0  41.16    0.00  11.30   5.92  23.94  59.05  59.00  20.00  41.05  59.00  59.00  42.05   0.00
14:33:32   4.2   0.0   0.0  95.8   0.0    2    438    559    0    0    0  41.27    0.00  11.32   5.95  24.00  59.05  59.00  20.00  41.05  59.00  59.00  42.05   0.00
14:33:33   4.2   0.0   0.0  95.8   0.0    2    457    533    0    0    0  41.21    0.00  11.30   5.93  23.98  58.05  58.00  20.00  41.05  58.00  59.00  42.05   0.00
14:33:34   4.2   0.0   0.0  95.8   0.0    2    398    543    0    0    0  41.17    0.00  11.29   5.94  23.94  58.05  58.00  20.00  41.05  58.00  59.00  42.05   0.00
14:33:35   4.2   0.0   0.0  95.8   0.0    2    496    536    0    0    0  41.26    0.00  11.33   5.96  23.97  59.05  59.00  20.00  41.05  59.00  59.00  42.05   0.00
14:33:36   4.2   0.0   0.0  95.8   0.0    2    712    526    0    0    0  41.17    0.00  11.29   5.93  23.95  57.05  57.00  20.00  41.05  57.00  59.00  42.05   0.00
14:33:37   4.1   0.0   0.0  95.9   0.0    2    488    538    0    0    0  41.11    0.00  11.28   5.91  23.92  58.05  58.00  20.00  41.05  58.00  59.00  42.05   0.00
14:33:38   4.2   0.0   0.0  95.8   0.0    2    380    531    0    0    0  41.11    0.00  11.28   5.93  23.90  59.05  59.00  20.00  41.05  59.00  59.00  42.05   0.00
14:33:39   4.1   0.0   0.0  95.9   0.0    2    498    564    0    0    0  41.34    0.00  11.34   5.97  24.03  58.05  58.00  20.00  41.05  58.00  59.00  42.05   0.00
14:33:40   4.2   0.0   0.0  95.8   0.0    2    402    554    0    0    0  41.27    0.00  11.32   5.96  23.98  59.05  59.00  20.00  41.05  59.00  59.00  42.05   0.00
14:33:41   4.2   0.0   0.0  95.8   0.0    2    488    547    0    0    0  41.21    0.00  11.30   5.95  23.96  58.05  58.00  20.00  41.05  58.00  59.00  42.05   0.00
14:33:42   4.1   0.0   0.0  95.9   0.0    2    448    546    0    0    0  41.16    0.00  11.30   5.94  23.93  57.05  57.00  20.00  41.05  57.00  59.00  42.05   0.00
14:33:43   4.2   0.0   0.0  95.8   0.0    2    422    535    0    0    0  41.23    0.00  11.30   5.94  23.98  58.05  58.00  20.00  41.05  58.00  59.00  42.05   0.00
14:33:44   4.1   0.0   0.0  95.8   0.0    2    458    546    0    0    0  42.20    0.00  11.50   5.94  24.77  59.05  59.00  20.00  41.05  59.00  59.00  42.05   0.00
14:33:45   4.2   0.0   0.0  95.8   0.0    2    422    534    0    0    0  42.14    0.00  11.48   5.92  24.73  58.05  58.00  20.00  41.05  58.00  59.00  42.05   0.00
14:33:46   4.1   0.0   0.0  95.9   0.0    2    466    564    0    0    0  41.24    0.00  11.31   5.96  23.97  59.05  59.00  20.00  41.05  59.00  59.00  42.05   0.00
14:33:47   4.1   0.0   0.0  95.9   0.0    2    460    526    0    0    0  41.15    0.00  11.29   5.93  23.93  59.05  59.00  20.00  41.05  59.00  59.00  42.05   0.00
14:33:48   4.2   0.0   0.0  95.8   0.0    2    442    527    0    0    0  41.16    0.00  11.29   5.93  23.94  58.05  58.00  20.00  41.05  58.00  59.00  42.05   0.00
14:33:49   4.2   0.0   0.0  95.8   0.0    2    417    537    1    0    0  41.23    0.00  11.31   5.95  23.97  59.05  59.00  20.00  41.05  59.00  59.00  42.05   0.00
14:33:50   4.2   0.0   0.0  95.8   0.0    2    582    635    1    1    1  41.28    0.00  11.31   5.94  24.03  58.05  58.00  20.00  41.05  58.00  59.00  42.05   0.00
14:33:51   4.2   0.0   0.0  95.8   0.0    2    450    549    0    0    0  41.23    0.00  11.33   5.96  23.94  58.05  58.00  20.00  41.05  58.00  59.00  42.05   0.00
14:33:52   4.2   0.0   0.0  95.8   0.0    2    514    572    0    0    0  41.32    0.00  11.34   5.99  23.99  58.05  58.00  20.00  41.05  58.00  59.00  42.05   0.00
14:33:53   4.2   0.0   0.0  95.8   0.0    2    394    524    0    0    0  41.14    0.00  11.27   5.92  23.94  59.05  59.00  20.00  41.05  59.00  59.00  42.05   0.00
14:33:54   4.2   0.0   0.0  95.8   0.0    2    443    560    0    0    0  41.20    0.00  11.29   5.93  23.98  58.05  58.00  20.00  41.05  58.00  59.00  42.05   0.00
14:33:55   4.1   0.0   0.0  95.9   0.0    2    481    537    0    0    0  41.13    0.00  11.28   5.92  23.93  57.05  57.00  20.00  41.05  57.00  59.00  42.05   0.00
14:33:56   4.2   0.0   0.0  95.8   0.0    2    442    556    0    0    0  42.22    0.00  11.49   5.93  24.80  58.05  58.00  20.00  41.05  58.00  59.00  42.05   0.00
14:33:57   4.1   0.0   0.0  95.8   0.0    2    472    532    0    0    0  41.28    0.00  11.31   5.95  24.02  58.05  58.00  20.00  41.05  58.00  59.00  42.05   0.00
14:33:58   4.2   0.0   0.0  95.8   0.0    2    386    535    0    0    0  41.17    0.00  11.29   5.93  23.94  59.05  59.00  20.00  41.05  59.00  59.00  42.05   0.00
14:33:59   4.2   0.0   0.0  95.8   0.0    2    478    571    0    0    0  41.29    0.00  11.32   5.96  24.02  59.05  59.00  20.00  41.05  59.00  59.00  42.05   0.00
14:34:00   4.2   0.0   0.0  95.8   0.0    2    441    555    0    0    0  42.18    0.00  11.49   5.93  24.76  58.05  58.00  20.00  41.05  58.00  59.00  42.05   0.00
14:34:01   4.1   0.0   0.0  95.8   0.0    2    488    550    0    0    0  41.26    0.00  11.32   5.96  23.97  58.05  58.00  20.00  41.05  58.00  59.00  42.05   0.00
14:34:02   4.1   0.0   0.0  95.9   0.0    2    422    559    0    0    0  41.19    0.00  11.32   5.96  23.91  58.05  58.00  20.00  41.05  58.00  59.00  42.05   0.00
14:34:03   4.1   0.0   0.0  95.9   0.0    2    484    536    0    0    0  41.21    0.00  11.31   5.95  23.95  59.05  59.00  20.00  41.05  59.00  59.00  42.05   0.00
14:34:04   4.2   0.0   0.0  95.8   0.0    2    396    536    0    0    0  41.18    0.00  11.31   5.96  23.91  58.05  58.00  20.00  41.05  58.00  59.00  42.05   0.00
14:34:05   4.2   0.0   0.0  95.8   0.0    2    498    577    0    0    0  42.19    0.00  11.49   5.93  24.77  58.05  58.00  20.00  41.05  58.00  59.00  42.05   0.00
14:34:06   4.2   0.0   0.0  95.8   0.0    2    412    547    0    0    0  41.08    0.00  11.27   5.91  23.90  58.05  58.00  20.00  41.05  58.00  59.00  42.05   0.00
14:34:07   4.1   0.0   0.0  95.8   0.0    2    807    573    0    0    0  41.23    0.00  11.30   5.94  24.00  58.05  58.00  20.00  41.05  58.00  59.00  42.05   0.00
14:34:08   4.2   0.0   0.0  95.8   0.0    2    402    547    0    0    0  41.22    0.00  11.30   5.94  23.97  59.05  59.00  20.00  41.05  59.00  59.00  42.05   0.00
14:34:09   4.2   0.0   0.0  95.7   0.0    2    509    541    0    0    0  42.35    0.00  11.54   5.98  24.82  57.05  57.00  20.00  41.05  57.00  59.00  42.05   0.00
14:34:10   4.2   0.0   0.0  95.8   0.0    2    396    550    0    0    0  41.09    0.00  11.28   5.92  23.89  58.05  58.00  20.00  41.05  58.00  59.00  42.05   0.00
14:34:11   4.2   0.0   0.0  95.8   0.0    2    505    552    0    0    0  41.19    0.00  11.31   5.96  23.92  59.05  59.00  20.00  41.05  59.00  59.00  42.05   0.00
14:34:12   4.1   0.0   0.0  95.9   0.0    2    403    528    0    0    0  41.15    0.00  11.30   5.94  23.91  58.05  58.00  20.00  41.05  58.00  59.00  42.05   0.00
14:34:13   4.2   0.0   0.0  95.8   0.0    2    439    548    0    0    0  41.18    0.00  11.30   5.93  23.95  59.05  59.00  20.00  41.05  59.00  59.00  42.05   0.00
14:34:14   4.2   0.0   0.0  95.8   0.0    2    444    582    0    0    0  41.27    0.00  11.31   5.95  24.01  57.05  57.00  20.00  41.05  57.00  59.00  42.05   0.00
14:34:15   4.2   0.0   0.0  95.8   0.0    2    422    553    0    0    0  41.28    0.00  11.33   5.95  24.00  58.05  58.00  20.00  41.05  58.00  59.00  42.05   0.00
14:34:16   4.2   0.0   0.0  95.8   0.0    2    455    550    0    0    0  41.27    0.00  11.32   5.96  24.00  59.05  59.00  20.00  41.05  59.00  59.00  42.05   0.00
14:34:17   4.2   0.0   0.0  95.8   0.0    2    424    512    0    0    0  41.08    0.00  11.28   5.92  23.88  58.05  58.00  20.00  41.05  58.00  59.00  42.05   0.00
14:34:18   4.1   0.0   0.0  95.8   0.0    2    440    558    0    0    0  41.20    0.00  11.31   5.95  23.93  58.05  58.00  20.00  41.05  58.00  59.00  42.05   0.00
14:34:19   4.1   0.0   0.0  95.9   0.0    2    446    544    0    0    0  42.20    0.00  11.50   5.94  24.76  58.05  58.00  20.00  41.05  58.00  59.00  42.05   0.00
14:34:20   4.2   0.0   0.0  95.8   0.0    2    450    512    0    0    0  41.10    0.00  11.28   5.93  23.89  57.05  57.00  20.00  41.05  57.00  59.00  42.05   0.00
14:34:21   4.2   0.0   0.0  95.8   0.0    2    414    538    0    0    0  41.16    0.00  11.29   5.93  23.94  58.05  58.00  20.00  41.05  58.00  59.00  42.05   0.00
14:34:22   4.1   0.0   0.0  95.9   0.0    2    470    572    0    0    0  41.18    0.00  11.29   5.93  23.95  59.05  59.00  20.00  41.05  59.00  59.00  42.05   0.00
14:34:23   4.2   0.0   0.0  95.8   0.0    2    469    536    0    0    0  41.24    0.00  11.33   5.95  23.97  57.05  57.00  20.00  41.05  57.00  59.00  42.05   0.00
14:34:24   4.2   0.0   0.0  95.8   0.0    2    398    522    0    0    0  41.14    0.00  11.29   5.93  23.92  58.05  58.00  20.00  41.05  58.00  59.00  42.05   0.00
14:34:25   4.1   0.0   0.0  95.8   0.0    2    468    548    0    0    0  42.23    0.00  11.51   5.94  24.78  59.05  59.00  20.00  41.05  59.00  58.00  42.05   0.00
14:34:26   4.1   0.0   0.0  95.9   0.0    2    402    532    0    0    0  41.11    0.00  11.29   5.93  23.89  59.05  59.00  20.00  41.05  59.00  58.00  42.05   0.00
14:34:27   4.2   0.0   0.0  95.8   0.0    2    501    526    0    0    0  41.10    0.00  11.28   5.92  23.90  59.05  59.00  20.00  41.05  59.00  58.00  42.05   0.00
14:34:28   4.2   0.0   0.0  95.8   0.0    2    390    517    0    0    0  41.17    0.00  11.31   5.95  23.91  59.05  59.00  20.00  41.05  59.00  58.00  42.05   0.00
14:34:29   4.2   0.0   0.0  95.8   0.0    2    460    500    0    0    0  41.07    0.00  11.26   5.91  23.89  58.05  58.00  20.00  41.05  58.00  58.00  42.05   0.00
14:34:30   4.2   0.0   0.0  95.8   0.0    2    401    533    0    0    0  41.14    0.00  11.27   5.92  23.95  59.05  59.00  20.00  41.05  59.00  59.00  42.05   0.00
14:34:31   4.2   0.0   0.0  95.8   0.0    2    519    545    0    0    0  41.20    0.00  11.32   5.94  23.94  59.05  59.00  20.00  41.05  59.00  59.00  42.05   0.00
14:34:32   4.1   0.0   0.0  95.8   0.0    2    455    554    0    0    0  41.22    0.00  11.31   5.94  23.97  59.05  59.00  20.00  41.05  59.00  59.00  42.05   0.00
14:34:33   4.2   0.0   0.0  95.8   0.0    2    392    507    0    0    0  41.07    0.00  11.27   5.91  23.89  59.05  59.00  20.00  41.05  59.00  59.00  42.05   0.00
14:34:34   4.2   0.0   0.0  95.8   0.0    2    464    573    0    0    0  42.27    0.00  11.51   5.95  24.81  59.05  59.00  20.00  41.05  59.00  59.00  42.05   0.00
14:34:35   4.2   0.0   0.0  95.8   0.0    2    430    529    0    0    0  41.09    0.00  11.27   5.91  23.90  59.05  59.00  20.00  41.05  59.00  59.00  42.05   0.00
14:34:36   4.1   0.0   0.0  95.9   0.0    2    448    544    0    0    0  41.22    0.00  11.31   5.95  23.96  59.05  59.00  20.00  41.05  59.00  59.00  42.05   0.00
14:34:37   4.1   0.0   0.0  95.8   0.0    2    741    543    0    0    0  41.15    0.00  11.29   5.93  23.93  58.05  58.00  20.00  41.05  58.00  59.00  42.05   0.00
14:34:38   4.2   0.0   0.0  95.8   0.0    2    450    554    0    0    0  41.16    0.00  11.31   5.95  23.90  59.05  59.00  20.00  41.05  59.00  59.00  42.05   0.00
14:34:39   4.1   0.0   0.0  95.9   0.0    2    490    527    0    0    0  41.09    0.00  11.27   5.92  23.90  57.05  57.00  20.00  41.05  57.00  59.00  42.05   0.00
14:34:40   4.2   0.0   0.0  95.8   0.0    2    412    494    0    0    0  42.24    0.00  11.51   5.96  24.77  58.05  58.00  20.00  41.05  58.00  59.00  42.05   0.00
14:34:41   4.2   0.0   0.0  95.8   0.0    2    472    539    0    0    0  41.19    0.00  11.30   5.94  23.95  59.05  59.00  20.00  41.05  59.00  58.00  42.05   0.00
14:34:42   4.2   0.0   0.0  95.8   0.0    2    398    540    0    0    0  41.11    0.00  11.28   5.93  23.90  58.05  58.00  20.00  41.05  58.00  58.00  42.05   0.00
14:34:43   4.2   0.0   0.0  95.8   0.0    2    492    544    0    0    0  41.20    0.00  11.29   5.93  23.98  58.05  58.00  20.00  41.05  58.00  59.00  42.05   0.00
14:34:44   4.1   0.0   0.0  95.9   0.0    2    392    541    0    0    0  41.15    0.00  11.28   5.93  23.94  59.05  59.00  20.00  41.05  59.00  59.00  42.05   0.00
14:34:45   4.1   0.0   0.0  95.9   0.0    2    464    562    0    0    1  41.19    0.00  11.30   5.94  23.96  58.05  58.00  20.00  41.05  58.00  59.00  42.05   0.00
14:34:46   4.2   0.0   0.0  95.8   0.0    2    412    572    0    0    0  42.25    0.00  11.51   5.95  24.79  59.05  59.00  20.00  41.05  59.00  59.00  42.05   0.00
14:34:47   4.1   0.0   0.0  95.9   0.0    2    520    553    0    0    1  41.09    0.00  11.27   5.91  23.91  59.05  59.00  20.00  41.05  59.00  59.00  42.05   0.00
14:34:48   4.1   0.0   0.0  95.8   0.0    2    441    544    0    0    0  41.26    0.00  11.32   5.96  23.97  59.05  59.00  20.00  41.05  59.00  59.00  42.05   0.00
14:34:49   4.2   0.0   0.0  95.8   0.0    2    424    555    0    0    0  41.19    0.00  11.29   5.93  23.96  58.05  58.00  20.00  41.05  58.00  59.00  42.05   0.00
-------- ----- ----- ----- ----- ----- ---- ------ ------ ---- ---- ---- ------  ------ ------ ------ ------ ------ ------ ------ ------ ------ ------ ------ ------
 Average   4.1   0.0   0.0  95.9   0.0  2.0  460.7  533.8  0.1  0.0  0.0  40.98    0.00  11.23   5.87  23.89  58.63  58.58  20.00  41.55  58.59  59.17  42.71   0.00
 GeoMean   0.0   0.0   0.0  95.9   0.0  2.0  454.2  529.7  0.0  0.0  0.0  40.57    0.00  11.09   5.66  23.71  58.62  58.57  20.00  41.54  58.59  59.16  42.70   0.00
  StdDev   0.5   0.0   0.0   0.4   0.0  0.2   89.8   51.0  0.8  0.2  0.2   3.67    0.00   1.05   0.64   1.99   0.83   0.83   0.00   0.50   0.82   0.84   0.71   0.00
-------- ----- ----- ----- ----- ----- ---- ------ ------ ---- ---- ---- ------  ------ ------ ------ ------ ------ ------ ------ ------ ------ ------ ------ ------
 Minimum   0.0   0.0   0.0  95.5   0.0  1.0  219.0  124.0  0.0  0.0  0.0   7.26    0.00   1.60   0.06   5.51  54.05  54.00  20.00  41.05  54.00  56.00  42.05   0.00
 Maximum   4.4   0.0   0.2 100.0   0.1  3.0 1313.0  734.0 11.0  3.0  3.0  43.29    0.00  11.94   6.58  25.32  60.05  60.00  20.00  42.05  60.00  69.00  44.05   0.00
-------- ----- ----- ----- ----- ----- ---- ------ ------ ---- ---- ---- ------  ------ ------ ------ ------ ------ ------ ------ ------ ------ ------ ------ ------
Summary:
CPU:  40.98 Watts on average with standard deviation 3.67  
Note: power read from RAPL domains: uncore, pkg-0, core, psys.
These readings do not cover all the hardware in this device.

Histogram (of 243 power measurements)

 Range (Watts)  Count
 7.263 - 10.865     3 
10.866 - 14.468     0 
14.469 - 18.071     0 
18.072 - 21.674     0 
21.675 - 25.277     0 
25.278 - 28.880     0 
28.881 - 32.483     0 
32.484 - 36.086     0 
36.087 - 39.689     0 
39.690 - 43.292   240 ########################################

Histogram (of 243 CPU utilization measurements)

Range (%CPU)  Count
0.042 - 0.491     3 
0.492 - 0.942     0 
0.943 - 1.393     0 
1.394 - 1.844     0 
1.845 - 2.294     0 
2.295 - 2.745     0 
2.746 - 3.196     0 
3.197 - 3.647     0 
3.648 - 4.097     4 
4.098 - 4.548   236 ########################################

Histogram (of 243 thermal zone TCPU readings)

 Range (°C)    Count
54.050 - 54.649     3 
54.650 - 55.249     0 
55.250 - 55.849     0 
55.850 - 56.449     0 
56.450 - 57.049    11 ###
57.050 - 57.649     0 
57.650 - 58.249    78 ######################
58.250 - 58.849     0 
58.850 - 59.449   138 ########################################
59.450 - 60.049    13 ###

Histogram (of 243 thermal zone x86_pkg_temp readings)

 Range (°C)    Count
54.000 - 54.599     3 
54.600 - 55.199     0 
55.200 - 55.799     0 
55.800 - 56.399     0 
56.400 - 56.999    11 ###
57.000 - 57.599     0 
57.600 - 58.199    78 ######################
58.200 - 58.799     0 
58.800 - 59.399   138 ########################################
59.400 - 59.999    13 ###

Range is zero, cannot produce histogram of thermal zone INT3400 Thermal

Histogram (of 243 thermal zone SEN3 readings)

 Range (°C)    Count
41.050 - 41.149   122 ########################################
41.150 - 41.249     0 
41.250 - 41.349     0 
41.350 - 41.449     0 
41.450 - 41.549     0 
41.550 - 41.649     0 
41.650 - 41.749     0 
41.750 - 41.849     0 
41.850 - 41.949     0 
41.950 - 42.049   121 #######################################

Histogram (of 243 thermal zone TCPU_PCI readings)

 Range (°C)    Count
54.000 - 54.599     3 
54.600 - 55.199     0 
55.200 - 55.799     0 
55.800 - 56.399     0 
56.400 - 56.999    10 ##
57.000 - 57.599     0 
57.600 - 58.199    77 ######################
58.200 - 58.799     0 
58.800 - 59.399   140 ########################################
59.400 - 59.999    13 ###

Histogram (of 243 thermal zone iwlwifi_1 readings)

 Range (°C)    Count
56.000 - 57.299     2 
57.300 - 58.599     9 #
58.600 - 59.899   187 ########################################
59.900 - 61.199    44 #########
61.200 - 62.499     0 
62.500 - 63.799     0 
63.800 - 65.099     0 
65.100 - 66.399     0 
66.400 - 67.699     0 
67.700 - 68.999     1 

Histogram (of 243 thermal zone acpitz readings)

 Range (°C)    Count
42.050 - 42.249   117 ########################################
42.250 - 42.449     0 
42.450 - 42.649     0 
42.650 - 42.849     0 
42.850 - 43.049    92 ###############################
43.050 - 43.249     0 
43.250 - 43.449     0 
43.450 - 43.649     0 
43.650 - 43.849     0 
43.850 - 44.049    34 ###########

Range is zero, cannot produce histogram of thermal zone SEN2
