Running for 86400.0 seconds (86400 samples at 1.0 second intervals).
Power measurements will start in 0 seconds time.

  Time    User  Nice   Sys  Idle    IO  Run Ctxt/s  IRQ/s Fork Exec Exit  Watts  uncore  pkg-0   core   psys   TCPU iwlwif INT340   SEN3 TCPU_P x86_pk acpitz   SEN2
12:45:22   0.0   0.0   0.0 100.0   0.0    1    233    335    0    0    0  11.25    0.00   2.51   0.20   8.54  58.05  20.00  46.05  58.00  58.00  62.00  48.05   0.00
12:45:23   0.0   0.0   0.0  99.9   0.0    1    313    161    0    0    0  11.12    0.00   2.42   0.08   8.61  58.05  20.00  46.05  58.00  58.00  62.00  48.05   0.00
12:45:24   0.0   0.0   0.2  99.8   0.0    2    319    147    9    6    8  11.34    0.00   2.50   0.18   8.66  57.05  20.00  46.05  57.00  57.00  62.00  48.05   0.00
12:45:25  12.8   0.0   0.9  86.3   0.0    5  44879   5569   40    0    0  84.76    0.00  23.26  17.42  44.08  80.05  20.00  46.05  80.00  80.00  59.00  48.05   0.00
12:45:26  15.4   0.0   0.7  83.9   0.0    3  42913   4734    4    0    0  89.46    0.00  24.87  18.77  45.81  69.05  20.00  46.05  69.00  69.00  59.00  48.05   0.00
12:45:27  14.9   0.0   0.7  84.3   0.0    2  34634   5298   72    8   48  97.60    0.00  27.28  20.67  49.65  64.05  20.00  46.05  64.00  64.00  70.00  48.05   0.00
12:45:28  16.3   0.0   1.3  82.3   0.0   12  54051   9979   54    1   56  85.38    0.00  23.76  17.53  44.09  74.05  20.00  46.05  74.00  74.00  70.00  48.05   0.00
12:45:29  19.2   0.0   1.0  79.8   0.0    6  67397  14504    7    2   10  84.27    0.00  23.53  17.49  43.25  76.05  20.00  46.05  76.00  76.00  70.00  47.05   0.00
12:45:30  10.8   0.0   1.1  88.1   0.0    7  38544   5586   66   88   66  85.55    0.00  23.29  16.13  46.13  81.05  20.00  46.05  78.00  78.00  65.00  47.05   0.00
12:45:31  37.9   0.0   1.4  60.7   0.0   20  79408  10238   33    0    0 120.28    0.00  34.77  28.26  57.24  67.05  20.00  46.05  67.00  67.00  67.00  47.05   0.00
12:45:32  76.4   0.0   1.4  22.2   0.0   20  36560  14233    0    0    1 106.05    0.00  30.43  23.70  51.92  66.05  20.00  46.05  66.00  66.00  67.00  47.05   0.00
12:45:33  68.1   0.0   0.6  31.3   0.0   21  23573   7426    0    0    2 103.67    0.00  29.30  22.13  52.24  66.05  20.00  46.05  66.00  66.00  67.00  47.05   0.00
12:45:34  78.0   0.0   1.1  20.9   0.0   28  33175   8674    0    0    0 106.30    0.00  30.50  23.61  52.20  66.05  20.00  46.05  66.00  66.00  67.00  48.05   0.00
12:45:35  73.0   0.0   0.9  26.2   0.0   20  44992   9712    0    0    0 102.97    0.00  29.27  22.28  51.43  68.05  20.00  46.05  68.00  68.00  68.00  48.05   0.00
12:45:36  72.2   0.0   0.9  26.9   0.0   14  18672   7129    0    0    1 103.81    0.00  29.66  22.70  51.45  66.05  20.00  46.05  66.00  66.00  68.00  48.05   0.00
12:45:37  30.4   0.0   0.5  69.1   0.0    5  13439   4090    1    0    2  95.73    0.00  26.92  20.44  48.37  79.05  20.00  46.05  79.00  79.00  67.00  48.05   0.00
12:45:38  44.7   0.0   0.7  54.6   0.0   28  31232   7067    7    0    0 117.10    0.00  33.65  27.00  56.45  66.05  20.00  46.05  66.00  66.00  67.00  48.05   0.00
12:45:39  70.9   0.0   0.9  28.2   0.0   23  22211   7832   24    0    0 105.94    0.00  30.31  23.80  51.82  65.05  20.00  46.05  65.00  65.00  67.00  47.05   0.00
12:45:40  98.3   0.0   0.6   1.2   0.0   28   5721   7407    0    0    0 104.03    0.00  29.90  23.40  50.74  65.05  20.00  46.05  65.00  65.00  72.00  47.05   0.00
12:45:41  87.7   0.0   0.3  12.0   0.0   29   7868   7028    0    0    0 103.17    0.00  29.60  23.13  50.44  65.05  20.00  46.05  65.00  65.00  66.00  47.05   0.00
12:45:42  77.3   0.0   0.9  21.7   0.0   27  30656  48535    0    0   12 107.44    0.00  30.79  24.08  52.56  66.05  20.00  46.05  66.00  66.00  66.00  47.05   0.00
12:45:43  95.6   0.0   0.9   3.5   0.0   29  11424   7335    1    0    4 104.73    0.00  30.01  23.25  51.47  67.05  20.00  46.05  66.00  66.00  67.00  47.05   0.00
12:45:44  84.1   0.0   0.8  15.1   0.0   28  11712   8227    0    0    0 103.62    0.00  29.60  22.68  51.35  68.05  20.00  46.05  68.00  68.00  67.00  48.05   0.00
12:45:45  96.4   0.0   0.7   2.9   0.0   26  13528   8535    0    0    0 104.11    0.00  29.81  22.99  51.31  66.05  20.00  46.05  66.00  66.00  66.00  48.05   0.00
12:45:46  96.0   0.0   1.1   2.9   0.0   19  13088   8240    0    0    0 104.16    0.00  29.82  22.98  51.36  67.05  20.00  46.05  67.00  67.00  66.00  48.05   0.00
12:45:47  96.2   0.0   0.8   3.1   0.0   33  12100   7844    0    0    1 104.36    0.00  29.87  23.00  51.49  69.05  20.00  46.05  69.00  69.00  67.00  48.05   0.00
12:45:48  95.8   0.0   0.5   3.7   0.0   30  11601   7733    3    0    3 104.14    0.00  29.79  22.89  51.46  66.05  20.00  46.05  66.00  66.00  67.00  48.05   0.00
12:45:49  95.1   0.0   0.9   4.1   0.0   28  10889   7523    0    0    0 104.00    0.00  29.76  22.88  51.36  67.05  20.00  46.05  66.00  66.00  67.00  48.05   0.00
12:45:50  92.4   0.0   0.5   7.1   0.0   30  11095   7485    0    0    0 105.83    0.00  30.03  22.80  53.01  67.05  20.00  46.05  67.00  67.00  67.00  48.05   0.00
12:45:51  90.2   0.0   1.0   8.8   0.0    2  20409  27125    0    0    0 102.35    0.00  29.18  22.24  50.93  62.05  20.00  46.05  62.00  62.00  67.00  48.05   0.00
12:45:52  84.5   0.0   0.8  14.7   0.0   29  38800   9194    0    0    0 104.70    0.00  30.02  23.13  51.54  66.05  20.00  46.05  66.00  66.00  67.00  48.05   0.00
12:45:53  95.9   0.0   0.9   3.2   0.0   28   9312   7563    0    0    0 108.46    0.00  31.11  24.08  53.28  68.05  20.00  46.05  68.00  68.00  68.00  48.05   0.00
12:45:54  96.0   0.0   0.5   3.4   0.0   30  11130   7522    0    0    0 108.13    0.00  30.99  23.96  53.18  67.05  20.00  46.05  67.00  67.00  68.00  48.05   0.00
12:45:55  96.4   0.0   0.4   3.3   0.0   28   7784   7170    0    0    0 108.19    0.00  31.01  23.99  53.18  67.05  20.00  46.05  67.00  67.00  69.00  48.05   0.00
12:45:56  96.1   0.0   0.6   3.2   0.0   28   7982   7422    1    0    0 111.00    0.00  31.67  24.35  54.98  68.05  20.00  46.05  68.00  68.00  69.00  48.05   0.00
12:45:57  96.3   0.0   0.5   3.2   0.0   28   8676   7445    0    0    0 110.74    0.00  31.74  24.61  54.39  68.05  20.00  46.05  68.00  68.00  69.00  48.05   0.00
12:45:58  95.7   0.0   0.7   3.6   0.0   28  10296   7434    0    0    0 108.63    0.00  31.00  23.81  53.83  66.05  20.00  46.05  67.00  67.00  69.00  48.05   0.00
12:45:59  75.9   0.0   0.4  23.7   0.0   28  14528  21062    0    0    3  98.07    0.00  27.93  21.03  49.11  67.05  20.00  46.05  67.00  67.00  69.00  48.05   0.00
12:46:00  93.8   0.0   1.4   4.8   0.0   28  36702   9448    0    0    0 104.48    0.00  29.84  22.91  51.73  67.05  20.00  46.05  66.00  66.00  69.00  48.05   0.00
12:46:01  96.3   0.0   0.5   3.2   0.0   26   7754   7029    0    0    0 110.54    0.00  31.73  24.65  54.17  69.05  20.00  46.05  69.00  69.00  68.00  48.05   0.00
12:46:02  96.6   0.0   0.5   3.0   0.0   26   7886   7224    0    0    0 112.75    0.00  32.41  25.26  55.08  68.05  20.00  46.05  68.00  68.00  67.00  48.05   0.00
12:46:03  82.0   0.0   0.6  17.4   0.0    5   6154   6615    0    0    0 101.50    0.00  28.68  21.52  51.29  62.05  20.00  46.05  62.00  62.00  67.00  48.05   0.00
12:46:04  16.4   0.0   0.2  83.4   0.0    3   8264   2031    0    0    1  98.79    0.00  27.86  21.82  49.12  66.05  20.00  46.05  65.00  65.00  70.00  48.05   0.00
12:46:05  10.2   0.0   0.2  89.6   0.0    3   3490   1355    0    0    1  74.34    0.00  20.67  14.62  39.04  74.05  20.00  46.05  74.00  74.00  70.00  48.05   0.00
12:46:06  12.4   0.0   0.3  87.3   0.0    2   6252   1712    0    0    0  87.39    0.00  24.44  18.47  44.47  64.05  20.00  46.05  64.00  64.00  73.00  48.05   0.00
12:46:07   5.3   0.0   0.0  94.6   0.0    2    634    606    0    0    0  46.44    0.00  12.54   7.02  26.88  61.05  20.00  46.05  61.00  61.00  73.00  48.05   0.00
12:46:08   4.2   0.0   0.0  95.8   0.0    2    309    547    0    0    0  38.89    0.00  10.54   5.10  23.25  62.05  20.00  46.05  62.00  62.00  70.00  48.05   0.00
12:46:09  26.3   0.0   0.3  73.4   0.0    2   4659  19768    0    0    0  73.22    0.00  20.69  14.50  38.02  65.05  20.00  46.05  65.00  65.00  70.00  48.05   0.00
12:46:10   4.2   0.0   0.0  95.8   0.0    2    343    607    0    0    1  38.81    0.00  10.50   5.08  23.23  61.05  20.00  46.05  62.00  62.00  70.00  49.05   0.00
12:46:11   6.6   0.0   0.1  93.3   0.0    2    706   1188    1    0    7  54.23    0.00  14.47   8.86  30.90  60.05  20.00  46.05  60.00  60.00  63.00  49.05   0.00
12:46:12   8.0   0.0   0.2  91.8   0.0    2   2215   1405    5    0    2  49.38    0.00  13.27   7.52  28.59  62.05  20.00  46.05  62.00  62.00  63.00  49.05   0.00
12:46:13   5.9   0.0   0.0  94.0   0.0   19   3994   1209    0    0    3  41.91    0.00  11.51   6.01  24.40  65.05  20.00  46.05  65.00  65.00  63.00  49.05   0.00
12:46:14   6.4   0.0   0.2  93.4   0.0    2  41768   5626    0    0    0  44.73    0.00  12.34   6.84  25.55  60.05  20.00  46.05  60.00  60.00  64.00  49.05   0.00
12:46:15   4.3   0.0   0.0  95.7   0.0    2    426    668    0    0    1  40.05    0.00  10.83   5.18  24.04  61.05  20.00  46.05  61.00  61.00  64.00  49.05   0.00
12:46:16   4.3   0.0   0.0  95.7   0.0    2    366    637    0    0    0  38.77    0.00  10.55   5.10  23.12  61.05  20.00  46.05  61.00  61.00  62.00  49.05   0.00
12:46:17   7.9   0.0   0.8  91.3   0.0    1   3681   2986   12    4   48  60.85    0.00  16.47  10.97  33.41  59.05  20.00  46.05  59.00  59.00  62.00  49.05   0.00
-------- ----- ----- ----- ----- ----- ---- ------ ------ ---- ---- ---- ------  ------ ------ ------ ------ ------ ------ ------ ------ ------ ------ ------ ------
 Average  53.1   0.0   0.6  46.3   0.0 15.8 17691.9 7521.5  6.1  1.9  5.0  86.60    0.00  24.49  18.20  43.91  66.21  20.00  46.05  66.07  66.07  66.88  48.01   0.00
 GeoMean   0.0   0.0   0.0  22.7   0.0  9.1 8215.6 4496.6  0.0  0.0  0.0  77.62    0.00  21.57  13.47  40.70  66.03  20.00  46.05  65.90  65.90  66.80  48.01   0.00
  StdDev  39.2   0.0   0.4  39.4   0.0 11.9 17955.7 7557.1 15.8 11.7 14.1  29.40    0.00   8.69   7.73  13.03   4.97   0.00   0.00   4.81   4.81   3.06   0.57   0.00
-------- ----- ----- ----- ----- ----- ---- ------ ------ ---- ---- ---- ------  ------ ------ ------ ------ ------ ------ ------ ------ ------ ------ ------ ------
 Minimum   0.0   0.0   0.0   1.2   0.0  1.0  233.0  147.0  0.0  0.0  0.0  11.12    0.00   2.42   0.08   8.54  57.05  20.00  46.05  57.00  57.00  59.00  47.05   0.00
 Maximum  98.3   0.0   1.4 100.0   0.0 33.0 79408.0 48535.0 72.0 88.0 66.0 120.28    0.00  34.77  28.26  57.24  81.05  20.00  46.05  80.00  80.00  73.00  49.05   0.00
-------- ----- ----- ----- ----- ----- ---- ------ ------ ---- ---- ---- ------  ------ ------ ------ ------ ------ ------ ------ ------ ------ ------ ------ ------
Summary:
CPU:  86.60 Watts on average with standard deviation 29.40 
Note: power read from RAPL domains: uncore, pkg-0, core, psys.
These readings do not cover all the hardware in this device.

Histogram (of 56 power measurements)

  Range (Watts)   Count
 11.116 -  22.031     3 ####
 22.032 -  32.948     0 
 32.949 -  43.864     5 #######
 43.865 -  54.781     4 ######
 54.782 -  65.697     1 #
 65.698 -  76.614     2 ###
 76.615 -  87.530     5 #######
 87.531 -  98.447     4 ######
 98.448 - 109.363    26 ########################################
109.364 - 120.279     6 #########

Histogram (of 56 CPU utilization measurements)

 Range (%CPU)   Count
 0.000 -  9.882    13 ############################
 9.883 - 19.766     8 #################
19.767 - 29.649     2 ####
29.650 - 39.533     2 ####
39.534 - 49.416     1 ##
49.417 - 59.300     0 
59.301 - 69.183     1 ##
69.184 - 79.067     7 ###############
79.068 - 88.950     4 ########
88.951 - 98.834    18 ########################################

Histogram (of 56 thermal zone TCPU readings)

 Range (°C)    Count
57.050 - 59.449     4 ########
59.450 - 61.849     6 #############
61.850 - 64.249     6 #############
64.250 - 66.649    16 ###################################
66.650 - 69.049    18 ########################################
69.050 - 71.449     0 
71.450 - 73.849     0 
73.850 - 76.249     3 ######
76.250 - 78.649     0 
78.650 - 81.049     3 ######

Range is zero, cannot produce histogram of thermal zone iwlwifi_1

Range is zero, cannot produce histogram of thermal zone INT3400 Thermal

Histogram (of 56 thermal zone SEN3 readings)

 Range (°C)    Count
57.000 - 59.299     4 ########
59.300 - 61.599     5 ##########
61.600 - 63.899     5 ##########
63.900 - 66.199    20 ########################################
66.200 - 68.499    13 ##########################
68.500 - 70.799     3 ######
70.800 - 73.099     0 
73.100 - 75.399     2 ####
75.400 - 77.699     1 ##
77.700 - 79.999     3 ######

Histogram (of 56 thermal zone TCPU_PCI readings)

 Range (°C)    Count
57.000 - 59.299     4 ########
59.300 - 61.599     5 ##########
61.600 - 63.899     5 ##########
63.900 - 66.199    20 ########################################
66.200 - 68.499    13 ##########################
68.500 - 70.799     3 ######
70.800 - 73.099     0 
73.100 - 75.399     2 ####
75.400 - 77.699     1 ##
77.700 - 79.999     3 ######

Histogram (of 56 thermal zone x86_pkg_temp readings)

 Range (°C)    Count
59.000 - 60.399     2 ####
60.400 - 61.799     0 
61.800 - 63.199     8 ##################
63.200 - 64.599     2 ####
64.600 - 65.999     5 ###########
66.000 - 67.399    17 ########################################
67.400 - 68.799     5 ###########
68.800 - 70.199    14 ################################
70.200 - 71.599     0 
71.600 - 72.999     3 #######

Histogram (of 56 thermal zone acpitz readings)

 Range (°C)    Count
47.050 - 47.249    10 ##########
47.250 - 47.449     0 
47.450 - 47.649     0 
47.650 - 47.849     0 
47.850 - 48.049    38 ########################################
48.050 - 48.249     0 
48.250 - 48.449     0 
48.450 - 48.649     0 
48.650 - 48.849     0 
48.850 - 49.049     8 ########

Range is zero, cannot produce histogram of thermal zone SEN2
