Running for 86400.0 seconds (86400 samples at 1.0 second intervals).
Power measurements will start in 0 seconds time.

  Time    User  Nice   Sys  Idle    IO  Run Ctxt/s  IRQ/s Fork Exec Exit  Watts  uncore  pkg-0   core   psys   TCPU x86_pk INT340   SEN3 TCPU_P iwlwif acpitz   SEN2
16:09:28   0.0   0.0   0.0 100.0   0.0    1    417    509    0    0    0  19.58    0.00   4.07   0.23  15.28  57.05  57.00  20.00  44.05  57.00  75.00  45.05   0.00
16:09:29   0.0   0.0   0.0  99.9   0.0    1    432    247    0    0    0  19.52    0.00   4.00   0.09  15.42  56.05  57.00  20.00  44.05  56.00  75.00  45.05   0.00
16:09:30   0.1   0.0   0.1  99.7   0.1    2    519    266    7    5    7  20.82    0.00   4.31   0.20  16.31  58.05  58.00  20.00  44.05  58.00  59.00  45.05   0.00
16:09:31  13.1   0.0   0.8  86.1   0.0    8  36123   5053   41    1    1  76.65    0.00  20.23  13.74  42.68  70.05  70.00  20.00  44.05  70.00  61.00  45.05   0.00
16:09:32  17.1   0.0   0.7  82.2   0.0    6  33950   4507    4    0    0  81.61    0.00  21.81  15.12  44.67  68.05  68.00  20.00  44.05  68.00  61.00  45.05   0.00
16:09:33  17.8   0.0   0.7  81.6   0.0    5  28007   4542   29    4   28  93.40    0.00  25.62  18.92  48.86  71.05  71.00  20.00  44.05  71.00  69.00  45.05   0.00
16:09:34  21.9   0.0   1.6  76.5   0.0    4  67297  14868   96    5   43 107.30    0.00  29.88  22.94  54.49  68.05  68.00  20.00  44.05  68.00  69.00  45.05   0.00
16:09:35  17.9   0.0   1.3  80.8   0.0    2  38950   8770   32   37   33  90.75    0.00  24.81  17.91  48.04  71.05  71.00  20.00  44.05  71.00  74.00  45.05   0.00
16:09:36  24.6   0.0   1.0  74.4   0.0   21  68652   8446   58   37   30 117.69    0.00  33.29  26.00  58.40  74.05  74.00  20.00  44.05  74.00  74.00  45.05   0.00
16:09:37  75.7   0.0   1.7  22.7   0.0   22  52047  14992    2    0    0 107.33    0.00  30.41  23.34  53.58  70.05  70.00  20.00  44.05  70.00  69.00  45.05   0.00
16:09:38  66.1   0.0   0.8  33.1   0.0   21  29589   7757    0    0    0 108.27    0.00  30.63  23.46  54.19  63.05  63.00  20.00  44.05  63.00  69.00  45.05   0.00
16:09:39  79.5   0.0   1.0  19.5   0.0   19  17558   7437    0    0    3 107.30    0.00  30.46  23.30  53.54  65.05  65.00  20.00  44.05  65.00  69.00  45.05   0.00
16:09:40  65.7   0.0   0.6  33.8   0.0   18  18260   6928    0    0    2 104.00    0.00  29.29  22.11  52.60  64.05  64.00  20.00  44.05  64.00  65.00  45.05   0.00
16:09:41  51.9   0.0   0.4  47.7   0.0    5  14482   5558    1    0    1  97.86    0.00  27.26  20.09  50.51  73.05  73.00  20.00  44.05  73.00  65.00  45.05   0.00
16:09:42  32.1   0.0   0.1  67.8   0.0    3  16030   4141    0    0    0 105.57    0.00  29.70  22.86  53.01  65.05  65.00  20.00  44.05  64.00  65.00  45.05   0.00
16:09:43  52.7   0.0   0.7  46.6   0.0    5  20241   6549    9    0    0 107.18    0.00  30.44  23.62  53.12  77.05  77.00  20.00  44.05  77.00  71.00  45.05   0.00
16:09:44  88.5   0.0   0.5  11.1   0.0   28  13549   7826   24    0    1 114.70    0.00  32.91  26.03  55.76  62.05  62.00  20.00  44.05  62.00  71.00  45.05   0.00
16:09:45  97.5   0.0   0.4   2.1   0.0   28   5193   6937    0    0    0 109.10    0.00  31.16  24.21  53.74  65.05  65.00  20.00  44.05  65.00  65.00  45.05   0.00
16:09:46  77.1   0.0   0.8  22.1   0.1   28  10092   7221    9    2    0  99.94    0.00  28.25  21.17  50.52  66.05  66.00  20.00  44.05  66.00  65.00  45.05   0.00
16:09:47  72.5   0.0   1.1  26.4   0.0   27  38506  41659    0    0    2 108.09    0.00  30.85  23.93  53.32  64.05  64.00  20.00  44.05  64.00  64.00  45.05   0.00
16:09:48  94.9   0.0   0.8   4.2   0.0   26  12895   7252    0    0    0 105.04    0.00  29.79  22.72  52.52  63.05  63.00  20.00  44.05  63.00  64.00  45.05   0.00
16:09:49  85.0   0.0   0.6  14.4   0.0   29  12835   7310    0    0    0 103.76    0.00  29.46  22.40  51.90  65.05  65.00  20.00  44.05  65.00  64.00  46.05   0.00
16:09:50  96.7   0.0   0.6   2.7   0.0   32  11506   8722    0    0    0 106.50    0.00  30.27  23.12  53.12  65.05  65.00  20.00  44.05  65.00  65.00  46.05   0.00
16:09:51  96.8   0.0   0.8   2.4   0.0   32  10641   8032    0    0    0 106.84    0.00  30.14  22.72  53.98  65.05  65.00  20.00  44.05  65.00  65.00  46.05   0.00
16:09:52  96.7   0.0   0.6   2.7   0.0   28  13759   8070    0    0    0 103.82    0.00  29.35  22.16  52.31  64.05  64.00  20.00  44.05  64.00  65.00  46.05   0.00
16:09:53  95.5   0.0   0.7   3.8   0.0   33  10806   7474    0    0    0 104.48    0.00  29.56  22.34  52.57  65.05  65.00  20.00  44.05  65.00  65.00  46.05   0.00
16:09:54  95.2   0.0   0.8   4.0   0.0   19  11173   7559    0    0    0 105.33    0.00  29.85  22.64  52.84  64.05  65.00  20.00  44.05  65.00  65.00  45.05   0.00
16:09:55  95.7   0.0   0.8   3.6   0.0   28  10836   7289    0    0    0 106.91    0.00  30.34  23.09  53.49  65.05  65.00  20.00  44.05  65.00  65.00  45.05   0.00
16:09:56  95.3   0.0   1.0   3.7   0.0   28  11296   7800    0    0    0 109.08    0.00  30.84  23.36  54.87  65.05  65.00  20.00  44.05  65.00  65.00  45.05   0.00
16:09:57  95.2   0.0   0.7   4.2   0.0   27  10927   7385    0    0    0 108.49    0.00  30.69  23.21  54.60  64.05  64.00  20.00  44.05  64.00  65.00  45.05   0.00
16:09:58  95.4   0.0   0.7   3.9   0.0   28  10442   7588    0    0    0 103.44    0.00  29.23  22.02  52.19  64.05  64.00  20.00  44.05  64.00  65.00  45.05   0.00
16:09:59  95.7   0.0   0.6   3.7   0.0   28   8791   7263    0    0    1 104.46    0.00  29.43  22.06  52.97  65.05  65.00  20.00  44.05  65.00  65.00  45.05   0.00
16:10:00  95.2   0.0   1.0   3.8   0.0   32   8655   7018    0    0    0 103.48    0.00  29.25  22.04  52.19  65.05  65.00  20.00  44.05  65.00  65.00  46.05   0.00
16:10:01  58.9   0.0   0.8  40.2   0.0    6  13190  31846    0    0    0  98.49    0.00  27.57  20.51  50.41  85.05  85.00  20.00  44.05  85.00  65.00  46.05   0.00
16:10:02  17.3   0.0   0.1  82.6   0.0    5   6551   6920    0    0    2 103.75    0.00  29.08  22.34  52.32  79.05  79.00  20.00  44.05  79.00  68.00  46.05   0.00
16:10:03  13.2   0.0   0.3  86.6   0.0    3   8271   5119    0    0    0  83.42    0.00  23.08  16.66  43.68  68.05  68.00  20.00  45.05  68.00  68.00  46.05   0.00
16:10:04  11.7   0.0   0.3  88.0   0.0    5   8906   3682    2    0    2  77.28    0.00  21.23  14.92  41.13  81.05  81.00  20.00  45.05  81.00  78.00  46.05   0.00
-------- ----- ----- ----- ----- ----- ---- ------ ------ ---- ---- ---- ------  ------ ------ ------ ------ ------ ------ ------ ------ ------ ------ ------ ------
 Average  59.6   0.0   0.7  39.7   0.0 17.4 18685.8 8393.0  8.5  2.5  4.2  95.44    0.00  26.72  19.93  48.79  67.05  67.05  20.00  44.10  67.00  66.95  45.32   0.00
 GeoMean  30.4   0.0   0.0  19.2   0.0 11.5 11993.9 6005.9  0.0  0.0  0.0  89.04    0.00  24.39  14.44  46.82  66.79  66.80  20.00  44.10  66.74  66.82  45.32   0.00
  StdDev  35.9   0.0   0.4  36.0   0.0 11.6 16421.9 7462.7 19.6  8.4 10.5  24.22    0.00   7.33   6.49  10.45   6.06   6.00   0.00   0.23   6.06   4.13   0.44   0.00
-------- ----- ----- ----- ----- ----- ---- ------ ------ ---- ---- ---- ------  ------ ------ ------ ------ ------ ------ ------ ------ ------ ------ ------ ------
 Minimum   0.0   0.0   0.0   2.1   0.0  1.0  417.0  247.0  0.0  0.0  0.0  19.52    0.00   4.00   0.09  15.28  56.05  57.00  20.00  44.05  56.00  59.00  45.05   0.00
 Maximum  97.5   0.0   1.7 100.0   0.1 33.0 68652.0 41659.0 96.0 37.0 43.0 117.69    0.00  33.29  26.03  58.40  85.05  85.00  20.00  45.05  85.00  78.00  46.05   0.00
-------- ----- ----- ----- ----- ----- ---- ------ ------ ---- ---- ---- ------  ------ ------ ------ ------ ------ ------ ------ ------ ------ ------ ------ ------
Summary:
CPU:  95.44 Watts on average with standard deviation 24.22 
Note: power read from RAPL domains: uncore, pkg-0, core, psys.
These readings do not cover all the hardware in this device.

Histogram (of 37 power measurements)

  Range (Watts)   Count
 19.522 -  29.338     3 ######
 29.339 -  39.156     0 
 39.157 -  48.973     0 
 48.974 -  58.790     0 
 58.791 -  68.608     0 
 68.609 -  78.425     2 ####
 78.426 -  88.242     2 ####
 88.243 -  98.059     3 ######
 98.060 - 107.877    20 ########################################
107.878 - 117.694     7 ##############

Histogram (of 37 CPU utilization measurements)

 Range (%CPU)   Count
 0.042 -  9.827     3 ########
 9.828 - 19.614     7 ####################
19.615 - 29.401     2 #####
29.402 - 39.188     1 ##
39.189 - 48.974     0 
48.975 - 58.761     2 #####
58.762 - 68.548     3 ########
68.549 - 78.334     3 ########
78.335 - 88.121     2 #####
88.122 - 97.908    14 ########################################

Histogram (of 37 thermal zone TCPU readings)

 Range (°C)    Count
56.050 - 58.949     3 ##########
58.950 - 61.849     0 
61.850 - 64.749     9 ##############################
64.750 - 67.649    12 ########################################
67.650 - 70.549     5 ################
70.550 - 73.449     3 ##########
73.450 - 76.349     1 ###
76.350 - 79.249     2 ######
79.250 - 82.149     1 ###
82.150 - 85.049     1 ###

Histogram (of 37 thermal zone x86_pkg_temp readings)

 Range (°C)    Count
57.000 - 59.799     3 ######
59.800 - 62.599     1 ##
62.600 - 65.399    19 ########################################
65.400 - 68.199     4 ########
68.200 - 70.999     4 ########
71.000 - 73.799     1 ##
73.800 - 76.599     1 ##
76.600 - 79.399     2 ####
79.400 - 82.199     1 ##
82.200 - 84.999     1 ##

Range is zero, cannot produce histogram of thermal zone INT3400 Thermal

Histogram (of 37 thermal zone SEN3 readings)

 Range (°C)    Count
44.050 - 44.149    35 ########################################
44.150 - 44.249     0 
44.250 - 44.349     0 
44.350 - 44.449     0 
44.450 - 44.549     0 
44.550 - 44.649     0 
44.650 - 44.749     0 
44.750 - 44.849     0 
44.850 - 44.949     0 
44.950 - 45.049     2 ##

Histogram (of 37 thermal zone TCPU_PCI readings)

 Range (°C)    Count
56.000 - 58.899     3 ##########
58.900 - 61.799     0 
61.800 - 64.699     9 ##############################
64.700 - 67.599    12 ########################################
67.600 - 70.499     5 ################
70.500 - 73.399     3 ##########
73.400 - 76.299     1 ###
76.300 - 79.199     2 ######
79.200 - 82.099     1 ###
82.100 - 84.999     1 ###

Histogram (of 37 thermal zone iwlwifi_1 readings)

 Range (°C)    Count
59.000 - 60.899     1 ##
60.900 - 62.799     2 ####
62.800 - 64.699     3 #######
64.700 - 66.599    17 ########################################
66.600 - 68.499     2 ####
68.500 - 70.399     5 ###########
70.400 - 72.299     2 ####
72.300 - 74.199     2 ####
74.200 - 76.099     2 ####
76.100 - 77.999     1 ##

Histogram (of 37 thermal zone acpitz readings)

 Range (°C)    Count
45.050 - 45.149    27 ########################################
45.150 - 45.249     0 
45.250 - 45.349     0 
45.350 - 45.449     0 
45.450 - 45.549     0 
45.550 - 45.649     0 
45.650 - 45.749     0 
45.750 - 45.849     0 
45.850 - 45.949     0 
45.950 - 46.049    10 ##############

Range is zero, cannot produce histogram of thermal zone SEN2
