Running for 86400.0 seconds (86400 samples at 1.0 second intervals).
Power measurements will start in 0 seconds time.

  Time    User  Nice   Sys  Idle    IO  Run Ctxt/s  IRQ/s Fork Exec Exit  Watts  uncore  pkg-0   core   psys   TCPU x86_pk INT340   SEN3 TCPU_P iwlwif acpitz   SEN2
16:08:13   0.1   0.0   0.1  99.7   0.0    2   1101    459    0    0    0  22.88    0.00   4.85   0.23  17.78  52.05  52.00  20.00  42.05  52.00  53.00  42.05   0.00
16:08:14   0.9   0.0   0.3  98.7   0.0    1   2497   1017    0    0    0  27.30    0.04   5.98   0.48  20.81  54.05  54.00  20.00  42.05  54.00  53.00  42.05   0.00
16:08:15   0.0   0.0   0.2  99.7   0.0    3    526    446    4    4    4  21.38    0.00   4.50   0.16  16.71  52.05  52.00  20.00  42.05  52.00  53.00  42.05   0.00
16:08:16  12.6   0.0   1.0  85.9   0.5    6  33464   5748   44    2    5  78.62    0.00  19.53  11.76  47.32  65.05  65.00  20.00  42.05  65.00  53.00  42.05   0.00
16:08:17  15.6   0.0   0.8  83.2   0.5    5  34433   5715    9    0    6  86.05    0.00  21.92  13.95  50.18  64.05  63.00  20.00  42.05  63.00  53.00  42.05   0.00
16:08:18  17.3   0.0   0.8  81.5   0.4    5  26399   4749    5    4    4  87.64    0.00  22.62  14.83  50.19  67.05  67.00  20.00  42.05  68.00  53.00  42.05   0.00
16:08:19  12.0   0.0   1.0  86.3   0.7    2  29725   6911   97    5   70  82.71    0.00  20.81  13.08  48.83  62.05  62.00  20.00  42.05  62.00  66.00  42.05   0.00
16:08:20  24.8   0.0   1.1  73.7   0.3    6  67507  15330   30    0    9 111.85    0.00  30.33  22.33  59.19  66.05  66.00  20.00  42.05  66.00  64.00  42.05   0.00
16:08:21  15.8   0.0   1.1  82.8   0.3    5  72729  12229   56   74   55  94.42    0.00  24.96  17.19  52.27  66.05  66.00  20.00  42.05  66.00  64.00  42.05   0.00
16:08:22  48.8   0.0   0.9  50.2   0.1   21  59832   8843   34    0    8 124.87    0.00  35.57  28.42  60.88  60.05  60.00  20.00  42.05  60.00  66.00  42.05   0.00
16:08:23  74.6   0.0   1.7  23.6   0.2   23  31294  13281    3    1    1 110.22    0.00  30.56  22.70  56.96  61.05  61.00  20.00  42.05  61.00  66.00  42.05   0.00
16:08:24  76.8   0.0   1.0  22.1   0.1   21  19753   7384    6    3    5 105.45    0.00  29.36  21.87  54.22  59.05  59.00  20.00  42.05  60.00  61.00  42.05   0.00
16:08:25  78.9   0.0   2.0  19.1   0.0   25  22062   8390    5    2    9 108.83    0.00  30.22  22.46  56.15  59.05  59.00  20.00  42.05  59.00  61.00  42.05   0.00
16:08:26  78.0   0.0   1.0  20.9   0.1   15  39759   9343    6    4    5 108.41    0.00  29.75  21.49  57.17  58.05  58.00  20.00  42.05  58.00  60.00  42.05   0.00
16:08:27  47.9   0.0   0.8  49.9   1.4    6  23361   8904    4    2    4 106.41    0.00  28.81  20.83  56.76  66.05  66.00  20.00  42.05  66.00  60.00  42.05   0.00
16:08:28  37.4   0.0   0.3  62.3   0.0    3  17142   5052    1    1    3 103.02    0.00  28.20  20.83  54.00  61.05  61.00  20.00  42.05  61.00  60.00  42.05   0.00
16:08:29  54.6   0.0   0.7  44.6   0.0   31  29267   7896   34    0    3 115.06    0.00  32.22  24.88  57.96  60.05  60.00  20.00  42.05  60.00  62.00  42.05   0.00
16:08:30  98.5   0.0   0.3   1.1   0.0   28   7944   8152    0    0    1 107.42    0.00  30.38  23.49  53.55  59.05  59.00  20.00  42.05  59.00  61.00  42.05   0.00
16:08:31  98.2   0.0   0.6   1.1   0.0   28   5014   7117    0    0    0 105.10    0.00  29.75  23.04  52.32  59.05  59.00  20.00  42.05  59.00  61.00  42.05   0.00
16:08:32  79.7   0.0   0.8  19.4   0.0    2  22487  36656    0    0    0 103.37    0.00  28.94  22.13  52.30  56.05  56.00  20.00  42.05  56.00  60.00  42.05   0.00
16:08:33  79.1   0.0   0.6  20.3   0.0   27  33903   9208    0    0    0 111.67    0.00  31.80  24.78  55.09  60.05  60.00  20.00  42.05  60.00  60.00  42.05   0.00
16:08:34  94.7   0.0   0.7   4.6   0.0   27  12678   7403    0    0    0 105.67    0.00  29.89  22.92  52.85  59.05  59.00  20.00  42.05  59.00  60.00  42.05   0.00
16:08:35  85.3   0.0   0.5  14.1   0.0   32  13093   7334    0    0    0 103.45    0.00  29.24  22.30  51.91  62.05  62.00  20.00  42.05  62.00  60.00  42.05   0.00
16:08:36  97.0   0.0   0.6   2.4   0.0   29  10837   8073    0    0    0 107.43    0.00  30.49  23.43  53.51  59.05  59.00  20.00  42.05  61.00  61.00  42.05   0.00
16:08:37  96.7   0.0   1.0   2.3   0.0   28  11075   8250    0    0    0 105.68    0.00  29.90  22.84  52.94  59.05  59.00  20.00  42.05  60.00  61.00  42.05   0.00
16:08:38  96.9   0.0   0.4   2.7   0.0   28  11597   8132    0    0    0 105.92    0.00  29.84  22.62  53.46  60.05  60.00  20.00  42.05  60.00  61.00  43.05   0.00
16:08:39  96.3   0.0   0.7   3.0   0.0   28  12826   7826    0    0    0 105.69    0.00  29.77  22.54  53.39  60.05  60.00  20.00  42.05  61.00  61.00  43.05   0.00
16:08:40  95.6   0.0   0.5   3.9   0.0   27  11958   7619    0    0    1 105.89    0.00  29.95  22.81  53.14  60.05  60.00  20.00  42.05  59.00  61.00  43.05   0.00
16:08:41  94.7   0.0   1.0   4.3   0.0    4  11329   7566    0    0    0 106.19    0.00  29.91  22.60  53.67  61.05  61.00  20.00  43.05  61.00  61.00  43.05   0.00
16:08:42  95.2   0.0   0.7   4.1   0.0   32  10193   7497    0    0    0 106.69    0.00  30.20  23.04  53.45  62.05  62.00  20.00  43.05  62.00  61.00  43.05   0.00
16:08:43  95.0   0.0   1.0   4.0   0.0   26  10246   7123    0    0    2 107.66    0.00  30.38  23.03  54.24  61.05  61.00  20.00  43.05  61.00  61.00  43.05   0.00
16:08:44  95.0   0.0   0.9   4.0   0.0   28   9676   7546    6    1    6 105.99    0.00  29.83  22.53  53.62  59.05  60.00  20.00  43.05  60.00  62.00  43.05   0.00
16:08:45  95.4   0.0   0.6   4.0   0.0   20  11359   7543    0    0    0 102.84    0.00  28.81  21.58  52.46  62.05  62.00  20.00  43.05  61.00  62.00  43.05   0.00
16:08:46  84.1   0.0   0.7  15.2   0.0   28  12495  30352   17    4    6 104.11    0.00  29.19  21.83  53.09  60.05  60.00  20.00  42.05  61.00  62.00  43.05   0.00
16:08:47  57.2   0.0   0.5  42.3   0.0    5  11375   5188    7    1    9  95.98    0.00  26.45  19.48  50.06  68.05  68.00  20.00  42.05  68.00  62.00  43.05   0.00
16:08:48  17.6   0.8   0.4  81.1   0.0    6   6774   2275    5    6    4  96.95    0.00  26.45  19.64  50.85  70.05  70.00  20.00  42.05  70.00  62.00  43.05   0.00
16:08:49  15.2   1.8   0.6  82.3   0.1    5  10324   3102   15    7   17  94.91    0.00  25.74  18.35  50.82  69.05  69.00  20.00  42.05  69.00  62.00  43.05   0.00
16:08:50  11.1   0.0   0.3  88.6   0.0    3   8141   2108    0    0    2  60.96    0.00  15.91   9.73  35.32  68.05  68.00  20.00  42.05  68.00  69.00  43.05   0.00
-------- ----- ----- ----- ----- ----- ---- ------ ------ ---- ---- ---- ------  ------ ------ ------ ------ ------ ------ ------ ------ ------ ------ ------ ------
 Average  59.9   0.1   0.7  39.2   0.1 16.3 20162.5 8362.3 10.2  3.2  6.3  95.91    0.00  26.39  19.27  50.25  61.23  61.18  20.00  42.18  61.32  60.50  42.39   0.00
 GeoMean  33.1   0.0   0.7  18.4   0.0 10.8 13905.9 6261.6  0.0  0.0  0.0  90.37    0.00  24.39  14.50  48.57  61.09  61.04  20.00  42.18  61.17  60.38  42.39   0.00
  StdDev  36.0   0.3   0.4  35.9   0.3 11.5 16879.7 6721.8 19.6 11.8 13.9  23.77    0.01   7.25   6.69  10.13   4.19   4.16   0.00   0.34   4.16   3.79   0.47   0.00
-------- ----- ----- ----- ----- ----- ---- ------ ------ ---- ---- ---- ------  ------ ------ ------ ------ ------ ------ ------ ------ ------ ------ ------ ------
 Minimum   0.0   0.0   0.1   1.1   0.0  1.0  526.0  446.0  0.0  0.0  0.0  21.38    0.00   4.50   0.16  16.71  52.05  52.00  20.00  42.05  52.00  53.00  42.05   0.00
 Maximum  98.5   1.8   2.0  99.7   1.4 32.0 72729.0 36656.0 97.0 74.0 70.0 124.87    0.04  35.57  28.42  60.88  70.05  70.00  20.00  43.05  70.00  69.00  43.05   0.00
-------- ----- ----- ----- ----- ----- ---- ------ ------ ---- ---- ---- ------  ------ ------ ------ ------ ------ ------ ------ ------ ------ ------ ------ ------
Summary:
CPU:  95.91 Watts on average with standard deviation 23.77 
Note: power read from RAPL domains: uncore, pkg-0, core, psys.
These readings do not cover all the hardware in this device.

Histogram (of 38 power measurements)

  Range (Watts)   Count
 21.376 -  31.724     3 ######
 31.725 -  42.074     0 
 42.075 -  52.423     0 
 52.424 -  62.773     1 ##
 62.774 -  73.123     0 
 73.124 -  83.472     2 ####
 83.473 -  93.822     2 ####
 93.823 - 104.171     9 ##################
104.172 - 114.521    19 ########################################
114.522 - 124.870     2 ####

Histogram (of 38 CPU utilization measurements)

 Range (%CPU)   Count
 0.250 - 10.111     3 #########
10.112 - 19.974     8 ########################
19.975 - 29.836     1 ###
29.837 - 39.698     1 ###
39.699 - 49.560     0 
49.561 - 59.422     4 ############
59.423 - 69.284     0 
69.285 - 79.146     3 #########
79.147 - 89.009     5 ###############
89.010 - 98.871    13 ########################################

Histogram (of 38 thermal zone TCPU readings)

 Range (°C)    Count
52.050 - 53.849     2 #######
53.850 - 55.649     1 ###
55.650 - 57.449     1 ###
57.450 - 59.249     9 ################################
59.250 - 61.049    11 ########################################
61.050 - 62.849     4 ##############
62.850 - 64.649     1 ###
64.650 - 66.449     4 ##############
66.450 - 68.249     3 ##########
68.250 - 70.049     2 #######

Histogram (of 38 thermal zone x86_pkg_temp readings)

 Range (°C)    Count
52.000 - 53.799     2 ######
53.800 - 55.599     1 ###
55.600 - 57.399     1 ###
57.400 - 59.199     8 ##########################
59.200 - 60.999    12 ########################################
61.000 - 62.799     4 #############
62.800 - 64.599     1 ###
64.600 - 66.399     4 #############
66.400 - 68.199     3 ##########
68.200 - 69.999     2 ######

Range is zero, cannot produce histogram of thermal zone INT3400 Thermal

Histogram (of 38 thermal zone SEN3 readings)

 Range (°C)    Count
42.050 - 42.149    33 ########################################
42.150 - 42.249     0 
42.250 - 42.349     0 
42.350 - 42.449     0 
42.450 - 42.549     0 
42.550 - 42.649     0 
42.650 - 42.749     0 
42.750 - 42.849     0 
42.850 - 42.949     0 
42.950 - 43.049     5 ######

Histogram (of 38 thermal zone TCPU_PCI readings)

 Range (°C)    Count
52.000 - 53.799     2 #####
53.800 - 55.599     1 ##
55.600 - 57.399     1 ##
57.400 - 59.199     6 ################
59.200 - 60.999    15 ########################################
61.000 - 62.799     3 ########
62.800 - 64.599     1 ##
64.600 - 66.399     4 ##########
66.400 - 68.199     3 ########
68.200 - 69.999     2 #####

Histogram (of 38 thermal zone iwlwifi_1 readings)

 Range (°C)    Count
53.000 - 54.599     6 ############
54.600 - 56.199     0 
56.200 - 57.799     0 
57.800 - 59.399     0 
59.400 - 60.999    19 ########################################
61.000 - 62.599     7 ##############
62.600 - 64.199     2 ####
64.200 - 65.799     0 
65.800 - 67.399     3 ######
67.400 - 68.999     1 ##

Histogram (of 38 thermal zone acpitz readings)

 Range (°C)    Count
42.050 - 42.149    25 ########################################
42.150 - 42.249     0 
42.250 - 42.349     0 
42.350 - 42.449     0 
42.450 - 42.549     0 
42.550 - 42.649     0 
42.650 - 42.749     0 
42.750 - 42.849     0 
42.850 - 42.949     0 
42.950 - 43.049    13 ####################

Range is zero, cannot produce histogram of thermal zone SEN2
