Running for 86400.0 seconds (86400 samples at 1.0 second intervals).
Power measurements will start in 0 seconds time.

  Time    User  Nice   Sys  Idle    IO  Run Ctxt/s  IRQ/s Fork Exec Exit  Watts  uncore  pkg-0   core   psys   TCPU x86_pk INT340   SEN3 TCPU_P iwlwif acpitz   SEN2
17:04:19   0.0   0.0   0.0  99.9   0.0    1    740    417    0    0    1  12.40    0.00   2.82   0.16   9.41  47.05  48.00  20.00  36.05  46.00  48.00  36.05   0.00
17:04:20   0.1   0.0   0.1  99.8   0.0    1    551    310    2    0    6  11.67    0.00   2.71   0.15   8.80  47.05  47.00  20.00  36.05  47.00  48.00  36.05   0.00
17:04:21   0.2   0.0   0.1  99.6   0.1    2    579    254    2    1    5  13.48    0.00   3.16   0.43   9.90  46.05  46.00  20.00  36.05  46.00  48.00  37.05   0.00
17:04:22  12.0   0.0   0.9  86.4   0.6    1  29883   5725   46    5    7  93.90    0.00  24.91  17.64  51.35  52.05  52.00  20.00  36.05  52.00  47.00  37.05   0.00
17:04:23  16.3   0.0   1.4  81.8   0.4    3  38204   6933   16   11   10 112.46    0.00  30.83  23.32  58.31  55.05  55.00  20.00  36.05  55.00  50.00  37.05   0.00
17:04:24  16.3   0.0   0.5  82.7   0.4    5  25935   4587    5    4    4 101.50    0.00  27.69  20.48  53.33  64.05  64.00  20.00  36.05  64.00  50.00  37.05   0.00
17:04:25   8.2   0.0   1.0  90.1   0.7    2  20923   5555   90    5   71  69.75    0.00  17.52  10.28  41.94  50.05  50.00  20.00  36.05  50.00  60.00  37.05   0.00
17:04:26  23.7   0.0   1.6  74.3   0.4    6  76162  15380   35    0    9  99.52    0.00  27.01  19.43  53.08  54.05  54.00  20.00  36.05  54.00  60.00  36.05   0.00
17:04:27  13.8   0.0   1.0  84.9   0.3    2  61801  11248   31   40   29  77.83    0.00  20.36  13.05  44.41  50.05  50.00  20.00  36.05  50.00  56.00  36.05   0.00
17:04:28  14.5   0.0   0.8  84.6   0.1    5  47143   5822   37   50   40  78.66    0.00  21.03  14.37  43.26  57.05  57.00  20.00  36.05  57.00  56.00  36.05   0.00
17:04:29  35.1   0.0   1.1  63.7   0.2   22  58886   8518   27    0    1 111.15    0.00  30.98  23.66  56.51  56.05  56.00  20.00  35.05  56.00  53.00  36.05   0.00
17:04:30  68.4   0.0   1.3  30.3   0.0   22  44086  13900    0    0    2 107.27    0.00  30.39  23.45  53.43  55.05  55.00  20.00  35.05  55.00  53.00  36.05   0.00
17:04:31  68.3   0.0   0.7  30.8   0.1   21  21674   7255    4    0    8 105.05    0.00  29.52  22.29  53.24  58.05  58.00  20.00  35.05  58.00  53.00  36.05   0.00
17:04:32  71.1   0.0   0.9  27.9   0.2   20  19834   7245    0    0    0 108.88    0.00  30.69  23.28  54.91  56.05  56.00  20.00  35.05  56.00  56.00  36.05   0.00
17:04:33  75.4   0.0   0.6  23.9   0.0   20  16203   7179    0    0    0 105.00    0.00  29.74  22.58  52.68  56.05  56.00  20.00  35.05  56.00  54.00  36.05   0.00
17:04:34  45.5   0.0   0.5  54.0   0.0   20  17509   5549    1    0    1 107.07    0.00  30.36  23.80  52.91  58.05  58.00  20.00  36.05  58.00  54.00  36.05   0.00
17:04:35  20.4   0.0   0.3  79.3   0.0    4  17280   3525    0    0    2  77.47    0.00  20.58  13.94  42.94  54.05  54.00  20.00  36.05  54.00  59.00  36.05   0.00
17:04:36  64.6   0.0   1.0  34.3   0.1   30  30364   8442   36    0    0 112.29    0.00  31.91  24.95  55.43  55.05  55.00  20.00  36.05  55.00  59.00  37.05   0.00
17:04:37  98.1   0.0   0.4   1.5   0.0   28   7666   8031    0    0    0 104.28    0.00  30.03  23.84  50.40  55.05  55.00  20.00  36.05  55.00  57.00  37.05   0.00
17:04:38  69.0   0.0   1.0  29.9   0.1   20  35059  45321    4    2    2 101.18    0.00  28.72  22.12  50.34  52.05  52.00  20.00  36.05  52.00  57.00  37.05   0.00
17:04:39  25.2   0.0   1.0  73.5   0.3    7  38343   6952   15    8   11 107.83    0.00  29.98  22.85  55.00  60.05  60.00  20.00  36.05  60.00  57.00  37.05   0.00
17:04:40  25.3   0.0   0.5  72.7   1.6    8  57253  11585    5    3    7 110.74    0.00  30.61  23.23  56.91  62.05  62.00  20.00  36.05  62.00  57.00  37.05   0.00
17:04:41  51.7   0.0   0.7  47.6   0.0    2  30598   7825    0    0    1 108.41    0.00  30.96  24.36  53.09  53.05  53.00  20.00  36.05  53.00  57.00  37.05   0.00
17:04:42  89.4   0.0   0.5  10.2   0.0   29  12397   8339    0    0    0 105.80    0.00  30.48  23.92  51.41  55.05  55.00  20.00  36.05  55.00  67.00  37.05   0.00
17:04:43  96.7   0.0   0.5   2.8   0.0   30  12669   8485    0    0    0 104.27    0.00  29.81  23.05  51.42  55.05  55.00  20.00  36.05  55.00  56.00  37.05   0.00
17:04:44  96.4   0.0   0.7   3.0   0.0   30  12293   8420    0    0    0 103.98    0.00  29.85  23.25  50.88  55.05  55.00  20.00  36.05  55.00  56.00  37.05   0.00
17:04:45  96.4   0.0   0.6   3.0   0.0   26  12895   8548    0    0    0 104.23    0.00  29.78  23.01  51.44  55.05  55.00  20.00  36.05  55.00  56.00  37.05   0.00
17:04:46  96.1   0.0   0.4   3.4   0.0   28  12499   7851    0    0    0 104.73    0.00  29.80  22.85  52.08  55.05  55.00  20.00  36.05  55.00  56.00  37.05   0.00
17:04:47  84.7   0.0   0.7  14.6   0.0   27  15708  15803    0    0    0 102.62    0.00  29.47  22.92  50.23  56.05  56.00  20.00  36.05  56.00  56.00  37.05   0.00
17:04:48  95.9   0.0   0.2   3.9   0.0   32  11240   7588    0    0    0 104.42    0.00  29.97  23.35  51.10  55.05  55.00  20.00  36.05  55.00  56.00  37.05   0.00
17:04:49  87.8   0.0   0.5  11.7   0.0   28  11102   7671    0    0    0 103.88    0.00  29.78  23.26  50.84  56.05  56.00  20.00  37.05  57.00  56.00  37.05   0.00
17:04:50  23.3   0.0   0.1  76.5   0.0    5   8539   2810    0    0    0  95.49    0.00  26.90  20.86  47.74  70.05  70.00  20.00  37.05  71.00  56.00  37.05   0.00
17:04:51  13.8   0.0   0.3  85.9   0.0    2  11076   2326    0    0    0  84.44    0.00  23.68  17.88  42.88  55.05  55.00  20.00  37.05  55.00  56.00  37.05   0.00
17:04:52  11.4   0.0   0.4  88.2   0.0    3   6953   2222    2    0    7  64.89    0.00  17.76  12.14  34.99  60.05  60.00  20.00  37.05  60.00  69.00  37.05   0.00
-------- ----- ----- ----- ----- ----- ---- ------ ------ ---- ---- ---- ------  ------ ------ ------ ------ ------ ------ ------ ------ ------ ------ ------ ------
 Average  47.5   0.0   0.7  51.7   0.2 14.5 24236.7 8165.3 10.5  3.8  6.6  91.66    0.00  25.58  19.12  46.96  55.31  55.29  20.00  36.02  55.29  55.56  36.70   0.00
 GeoMean  23.3   0.0   0.5  31.2   0.0  8.4 15626.7 5616.0  0.0  0.0  0.0  82.01    0.00  22.49  13.72  43.38  55.13  55.11  20.00  36.02  55.10  55.37  36.69   0.00
  StdDev  34.9   0.0   0.4  34.8   0.3 11.5 18707.3 7463.4 19.3 10.7 13.9  27.43    0.00   8.06   7.00  12.64   4.58   4.53   0.00   0.51   4.74   4.60   0.48   0.00
-------- ----- ----- ----- ----- ----- ---- ------ ------ ---- ---- ---- ------  ------ ------ ------ ------ ------ ------ ------ ------ ------ ------ ------ ------
 Minimum   0.0   0.0   0.0   1.5   0.0  1.0  551.0  254.0  0.0  0.0  0.0  11.67    0.00   2.71   0.15   8.80  46.05  46.00  20.00  35.05  46.00  47.00  36.05   0.00
 Maximum  98.1   0.0   1.6  99.9   1.6 32.0 76162.0 45321.0 90.0 50.0 71.0 112.46    0.00  31.91  24.95  58.31  70.05  70.00  20.00  37.05  71.00  69.00  37.05   0.00
-------- ----- ----- ----- ----- ----- ---- ------ ------ ---- ---- ---- ------  ------ ------ ------ ------ ------ ------ ------ ------ ------ ------ ------ ------
Summary:
CPU:  91.66 Watts on average with standard deviation 27.43 
Note: power read from RAPL domains: uncore, pkg-0, core, psys.
These readings do not cover all the hardware in this device.

Histogram (of 34 power measurements)

  Range (Watts)   Count
 11.670 -  21.748     3 ######
 21.749 -  31.827     0 
 31.828 -  41.906     0 
 41.907 -  51.985     0 
 51.986 -  62.064     0 
 62.065 -  72.143     2 ####
 72.144 -  82.222     3 ######
 82.223 -  92.301     1 ##
 92.302 - 102.380     5 ##########
102.381 - 112.459    20 ########################################

Histogram (of 34 CPU utilization measurements)

 Range (%CPU)   Count
 0.083 -  9.924     4 ######################
 9.925 - 19.765     7 ########################################
19.766 - 29.606     5 ############################
29.607 - 39.447     1 #####
39.448 - 49.289     1 #####
49.290 - 59.130     1 #####
59.131 - 68.971     1 #####
68.972 - 78.812     5 ############################
78.813 - 88.653     2 ###########
88.654 - 98.495     7 ########################################

Histogram (of 34 thermal zone TCPU readings)

 Range (°C)    Count
46.050 - 48.449     3 #########
48.450 - 50.849     2 ######
50.850 - 53.249     3 #########
53.250 - 55.649    13 ########################################
55.650 - 58.049     8 ########################
58.050 - 60.449     2 ######
60.450 - 62.849     1 ###
62.850 - 65.249     1 ###
65.250 - 67.649     0 
67.650 - 70.049     1 ###

Histogram (of 34 thermal zone x86_pkg_temp readings)

 Range (°C)    Count
46.000 - 48.399     3 #########
48.400 - 50.799     2 ######
50.800 - 53.199     3 #########
53.200 - 55.599    13 ########################################
55.600 - 57.999     8 ########################
58.000 - 60.399     2 ######
60.400 - 62.799     1 ###
62.800 - 65.199     1 ###
65.200 - 67.599     0 
67.600 - 69.999     1 ###

Range is zero, cannot produce histogram of thermal zone INT3400 Thermal

Histogram (of 34 thermal zone SEN3 readings)

 Range (°C)    Count
35.050 - 35.249     5 ########
35.250 - 35.449     0 
35.450 - 35.649     0 
35.650 - 35.849     0 
35.850 - 36.049    25 ########################################
36.050 - 36.249     0 
36.250 - 36.449     0 
36.450 - 36.649     0 
36.650 - 36.849     0 
36.850 - 37.049     4 ######

Histogram (of 34 thermal zone TCPU_PCI readings)

 Range (°C)    Count
46.000 - 48.499     3 #######
48.500 - 50.999     2 ####
51.000 - 53.499     3 #######
53.500 - 55.999    17 ########################################
56.000 - 58.499     4 #########
58.500 - 60.999     2 ####
61.000 - 63.499     1 ##
63.500 - 65.999     1 ##
66.000 - 68.499     0 
68.500 - 70.999     1 ##

Histogram (of 34 thermal zone iwlwifi_1 readings)

 Range (°C)    Count
47.000 - 49.199     4 #########
49.200 - 51.399     2 ####
51.400 - 53.599     3 #######
53.600 - 55.799     2 ####
55.800 - 57.999    17 ########################################
58.000 - 60.199     4 #########
60.200 - 62.399     0 
62.400 - 64.599     0 
64.600 - 66.799     0 
66.800 - 68.999     2 ####

Histogram (of 34 thermal zone acpitz readings)

 Range (°C)    Count
36.050 - 36.149    12 #####################
36.150 - 36.249     0 
36.250 - 36.349     0 
36.350 - 36.449     0 
36.450 - 36.549     0 
36.550 - 36.649     0 
36.650 - 36.749     0 
36.750 - 36.849     0 
36.850 - 36.949     0 
36.950 - 37.049    22 ########################################

Range is zero, cannot produce histogram of thermal zone SEN2
