Running for 86400.0 seconds (86400 samples at 1.0 second intervals).
Power measurements will start in 0 seconds time.

  Time    User  Nice   Sys  Idle    IO  Run Ctxt/s  IRQ/s Fork Exec Exit  Watts  uncore  pkg-0   core   psys   TCPU x86_pk   SEN2 INT340 TCPU_P iwlwif acpitz   SEN3
17:37:30   0.0   0.0   0.0 100.0   0.0    1    219    280    0    0    0   6.25    0.00   1.61   0.13   4.51  50.05  50.00  40.05  20.00  50.00  55.00  40.05   0.00
17:37:31   0.0   0.0   0.0 100.0   0.0    1    140     84    0    0    0   4.57    0.00   1.18   0.04   3.36  50.05  50.00  40.05  20.00  50.00  55.00  40.05   0.00
17:37:32   0.1   0.0   0.1  99.8   0.0    2    345    165    9    6    8   8.20    0.00   2.13   0.13   5.94  49.05  49.00  40.05  20.00  49.00  55.00  40.05   0.00
17:37:33  13.8   0.0   0.8  85.4   0.0    5  26759   4373   38    0    0  62.49    0.00  17.16  11.55  33.79  60.05  60.00  40.05  20.00  60.00  52.00  40.05   0.00
17:37:34  16.1   0.0   0.7  83.1   0.0    5  26717   3660    4    0    0  78.67    0.00  22.14  16.26  40.27  70.05  70.00  40.05  20.00  69.00  59.00  40.05   0.00
17:37:35  17.7   0.0   0.4  81.9   0.0    5  21597   3950   29    4   28  88.51    0.00  25.20  19.31  44.00  58.05  58.00  40.05  20.00  58.00  59.00  40.05   0.00
17:37:36   8.5   0.0   0.9  90.6   0.0    2  30213   5890   82    5   40  64.88    0.00  17.92  12.15  34.81  58.05  58.00  40.05  20.00  58.00  64.00  40.05   0.00
17:37:37  22.9   0.0   1.4  75.7   0.0    6  50773  11901   14    0    9  94.27    0.00  27.45  21.73  45.09  67.05  67.00  39.05  20.00  67.00  64.00  40.05   0.00
17:37:38  11.2   0.0   1.4  87.5   0.0    5  26991   7954   68   90   67  79.13    0.00  22.10  15.77  41.27  59.05  59.00  39.05  20.00  59.00  59.00  40.05   0.00
17:37:39  34.7   0.0   1.2  64.1   0.0   25  54385   7241   36    0    0 118.32    0.00  34.83  28.75  54.74  59.05  59.00  39.05  20.00  59.00  59.00  40.05   0.00
17:37:40  72.2   0.0   1.6  26.1   0.0   18  56221  15047    0    0    0 102.52    0.00  29.87  23.48  49.16  58.05  58.00  39.05  20.00  58.00  61.00  40.05   0.00
17:37:41  76.1   0.0   0.8  23.1   0.0   23  18979   7151    0    0    3 104.02    0.00  30.45  24.08  49.49  58.05  58.00  39.05  20.00  58.00  61.00  40.05   0.00
17:37:42  79.3   0.0   0.8  19.9   0.0   25  14357   6856    0    0    1 102.85    0.00  30.12  23.71  49.02  58.05  58.00  39.05  20.00  58.00  61.00  40.05   0.00
17:37:43  64.4   0.0   0.6  35.0   0.0   19  18464   6629    0    0    0 100.95    0.00  29.33  22.77  48.85  58.05  58.00  39.05  20.00  58.00  59.00  40.05   0.00
17:37:44  48.2   0.0   0.8  51.0   0.0    5  17931   5675    1    0    1  99.25    0.00  28.85  22.62  47.77  65.05  65.00  39.05  20.00  65.00  59.00  40.05   0.00
17:37:45  25.5   0.0   0.4  74.1   0.1    5  18369   3833    0    0    0  83.26    0.00  23.28  16.92  43.06  65.05  65.00  39.05  20.00  65.00  59.00  40.05   0.00
17:37:46  50.7   0.0   0.8  48.5   0.0   28  26620   7083   31    0    0  98.74    0.00  28.73  22.60  47.41  62.05  62.00  39.05  20.00  62.00  67.00  40.05   0.00
17:37:47  97.9   0.0   0.5   1.7   0.0   28   9848   8593    0    0    2 103.91    0.00  30.58  24.44  48.89  58.05  58.00  40.05  20.00  58.00  67.00  40.05   0.00
17:37:48  78.2   0.0   0.8  21.0   0.0    7  15185   7976    0    0    3  97.98    0.00  28.53  22.23  47.22  64.05  64.00  40.05  20.00  64.00  58.00  40.05   0.00
17:37:49  24.3   0.0   0.8  74.9   0.0    6  38237  44022    0    0    0 102.88    0.00  29.54  23.56  49.77  76.05  76.00  40.05  20.00  76.00  58.00  40.05   0.00
17:37:50  18.6   0.0   0.3  81.1   0.0    5  24113   5485    0    0    0 105.65    0.00  29.99  23.89  51.77  82.05  82.00  40.05  20.00  82.00  77.00  40.05   0.00
17:37:51  51.0   0.0   0.7  48.3   0.0    2  24322   6831    2    0    0 106.29    0.00  30.52  24.30  51.47  55.05  55.00  40.05  20.00  55.00  77.00  40.05   0.00
17:37:52  91.9   0.0   0.5   7.6   0.0   30  12538   7665    0    0    0 107.53    0.00  31.24  24.71  51.59  58.05  58.00  40.05  20.00  59.00  77.00  40.05   0.00
17:37:53  95.6   0.0   0.5   3.9   0.0   28  13581   8360    0    0    0 102.19    0.00  29.80  23.33  49.06  58.05  58.00  40.05  20.00  59.00  61.00  40.05   0.00
17:37:54  96.6   0.0   0.7   2.7   0.0   31  11759   8235    0    0    0 102.09    0.00  29.87  23.40  48.82  58.05  58.00  40.05  20.00  58.00  59.00  40.05   0.00
17:37:55  95.8   0.0   1.0   3.3   0.0   28  11356   7741    0    0    0 101.75    0.00  29.74  23.26  48.74  59.05  59.00  40.05  20.00  59.00  59.00  40.05   0.00
17:37:56  95.4   0.0   0.8   3.9   0.0   27  14421   8342    0    0    0 101.71    0.00  29.71  23.19  48.81  58.05  58.00  40.05  20.00  58.00  60.00  40.05   0.00
17:37:57  84.3   0.0   0.8  14.9   0.0   28  17616  17650    0    0    0 101.76    0.00  29.81  23.33  48.62  58.05  58.00  40.05  20.00  58.00  60.00  40.05   0.00
17:37:58  95.4   0.0   0.6   4.0   0.0   28  10977   7504    0    0    0 101.90    0.00  29.76  23.27  48.87  59.05  59.00  40.05  20.00  59.00  60.00  40.05   0.00
17:37:59  70.5   0.0   0.5  29.0   0.0    5  10436   6389    0    0    0  97.90    0.00  28.47  21.97  47.46  56.05  56.00  40.05  20.00  56.00  60.00  40.05   0.00
17:38:00  18.2   0.0   0.3  81.5   0.0    4  15073   2744    0    0    0 100.84    0.00  29.19  23.24  48.40  75.05  75.00  40.05  20.00  75.00  70.00  40.05   0.00
17:38:01  12.7   0.0   0.5  86.8   0.0    1  12848   3231    5    4   46  78.41    0.00  22.56  17.06  38.79  54.05  54.00  40.05  20.00  54.00  70.00  40.05   0.00
-------- ----- ----- ----- ----- ----- ---- ------ ------ ---- ---- ---- ------  ------ ------ ------ ------ ------ ------ ------ ------ ------ ------ ------ ------
 Average  49.0   0.0   0.7  50.3   0.0 13.7 20355.9 7766.9 10.0  3.4  6.5  87.80    0.00  25.36  19.60  42.84  60.42  60.38  39.74  20.00  60.41  61.91  40.05   0.00
 GeoMean   0.0   0.0   0.0  30.2   0.0  8.2 12950.6 4988.1  0.0  0.0  0.0  73.72    0.00  21.04  12.66  37.35  60.03  59.98  39.73  20.00  60.02  61.61  40.05   0.00
  StdDev  34.9   0.0   0.4  35.0   0.0 11.3 13648.3 7458.6 20.2 15.6 15.6  28.81    0.00   8.52   7.25  13.13   7.14   7.14   0.46   0.00   7.08   6.23   0.00   0.00
-------- ----- ----- ----- ----- ----- ---- ------ ------ ---- ---- ---- ------  ------ ------ ------ ------ ------ ------ ------ ------ ------ ------ ------ ------
 Minimum   0.0   0.0   0.0   1.7   0.0  1.0  140.0   84.0  0.0  0.0  0.0   4.57    0.00   1.18   0.04   3.36  49.05  49.00  39.05  20.00  49.00  52.00  40.05   0.00
 Maximum  97.9   0.0   1.6 100.0   0.1 31.0 56221.0 44022.0 82.0 90.0 67.0 118.32    0.00  34.83  28.75  54.74  82.05  82.00  40.05  20.00  82.00  77.00  40.05   0.00
-------- ----- ----- ----- ----- ----- ---- ------ ------ ---- ---- ---- ------  ------ ------ ------ ------ ------ ------ ------ ------ ------ ------ ------ ------
Summary:
CPU:  87.80 Watts on average with standard deviation 28.81 
Note: power read from RAPL domains: uncore, pkg-0, core, psys.
These readings do not cover all the hardware in this device.

Histogram (of 32 power measurements)

  Range (Watts)   Count
  4.572 -  15.946     3 ######
 15.947 -  27.321     0 
 27.322 -  38.695     0 
 38.696 -  50.070     0 
 50.071 -  61.445     0 
 61.446 -  72.820     2 ####
 72.821 -  84.195     4 ########
 84.196 -  95.570     2 ####
 95.571 - 106.945    19 ########################################
106.946 - 118.320     2 ####

Histogram (of 32 CPU utilization measurements)

 Range (%CPU)   Count
 0.000 -  9.833     4 ######################
 9.834 - 19.666     7 ########################################
19.667 - 29.500     3 #################
29.501 - 39.334     1 #####
39.335 - 49.167     1 #####
49.168 - 59.001     2 ###########
59.002 - 68.835     1 #####
68.836 - 78.669     3 #################
78.670 - 88.502     3 #################
88.503 - 98.336     7 ########################################

Histogram (of 32 thermal zone TCPU readings)

 Range (°C)    Count
49.050 - 52.349     3 #########
52.350 - 55.649     2 ######
55.650 - 58.949    13 ########################################
58.950 - 62.249     6 ##################
62.250 - 65.549     3 #########
65.550 - 68.849     1 ###
68.850 - 72.149     1 ###
72.150 - 75.449     1 ###
75.450 - 78.749     1 ###
78.750 - 82.049     1 ###

Histogram (of 32 thermal zone x86_pkg_temp readings)

 Range (°C)    Count
49.000 - 52.299     3 #########
52.300 - 55.599     2 ######
55.600 - 58.899    13 ########################################
58.900 - 62.199     6 ##################
62.200 - 65.499     3 #########
65.500 - 68.799     1 ###
68.800 - 72.099     1 ###
72.100 - 75.399     1 ###
75.400 - 78.699     1 ###
78.700 - 81.999     1 ###

Histogram (of 32 thermal zone SEN2 readings)

 Range (°C)    Count
39.050 - 39.149    10 ##################
39.150 - 39.249     0 
39.250 - 39.349     0 
39.350 - 39.449     0 
39.450 - 39.549     0 
39.550 - 39.649     0 
39.650 - 39.749     0 
39.750 - 39.849     0 
39.850 - 39.949     0 
39.950 - 40.049    22 ########################################

Range is zero, cannot produce histogram of thermal zone INT3400 Thermal

Histogram (of 32 thermal zone TCPU_PCI readings)

 Range (°C)    Count
49.000 - 52.299     3 ##########
52.300 - 55.599     2 #######
55.600 - 58.899    11 ########################################
58.900 - 62.199     8 #############################
62.200 - 65.499     3 ##########
65.500 - 68.799     1 ###
68.800 - 72.099     1 ###
72.100 - 75.399     1 ###
75.400 - 78.699     1 ###
78.700 - 81.999     1 ###

Histogram (of 32 thermal zone iwlwifi_1 readings)

 Range (°C)    Count
52.000 - 54.499     1 ###
54.500 - 56.999     3 ##########
57.000 - 59.499    11 ########################################
59.500 - 61.999     8 #############################
62.000 - 64.499     2 #######
64.500 - 66.999     2 #######
67.000 - 69.499     0 
69.500 - 71.999     2 #######
72.000 - 74.499     0 
74.500 - 76.999     3 ##########

Range is zero, cannot produce histogram of thermal zone acpitz

Range is zero, cannot produce histogram of thermal zone SEN3
