Running for 86400.0 seconds (86400 samples at 1.0 second intervals).
Power measurements will start in 0 seconds time.

  Time    User  Nice   Sys  Idle    IO  Run Ctxt/s  IRQ/s Fork Exec Exit  Watts  uncore  pkg-0   core   psys   TCPU x86_pk INT340   SEN3 TCPU_P iwlwif acpitz   SEN2
14:44:45   0.0   0.0   0.0 100.0   0.0    1    175    434    0    0    0   4.20    0.00   1.13   0.16   2.91  52.05  52.00  20.00  41.05  51.00  58.00  41.05   0.00
14:44:46   0.0   0.0   0.0 100.0   0.0    1    159     96    0    0    0   1.97    0.00   0.55   0.07   1.36  51.05  51.00  20.00  41.05  51.00  57.00  41.05   0.00
14:44:47   0.0   0.0   0.1  99.8   0.0    3    307    164    9    6    8   2.90    0.00   0.82   0.16   1.92  49.05  49.00  20.00  41.05  50.00  57.00  41.05   0.00
14:44:48  15.6   0.0   0.8  83.6   0.0    5  40206   5659   39    0    0  77.24    0.00  22.05  16.52  38.68  62.05  62.00  20.00  41.05  62.00  57.00  41.05   0.00
14:44:49  16.6   0.0   0.6  82.8   0.0    6  30877   4273    9    4    4  83.24    0.00  23.85  18.13  41.26  67.05  67.00  20.00  41.05  67.00  54.00  41.05   0.00
14:44:50  16.4   0.0   0.7  82.9   0.0    2  26690   4581   47    3   42  86.32    0.00  24.84  19.14  42.34  54.05  54.00  20.00  41.05  54.00  61.00  41.05   0.00
14:44:51  21.7   0.0   2.0  76.2   0.0   10  74140  15460   71    2   23 101.97    0.00  29.73  23.76  48.48  61.05  61.00  20.00  41.05  62.00  61.00  41.05   0.00
14:44:52  14.9   0.0   1.0  84.1   0.0    2  67889  11953   45   54   46  88.07    0.00  24.80  18.60  44.67  57.05  57.00  20.00  41.05  57.00  61.00  41.05   0.00
14:44:53  20.8   0.0   1.1  78.2   0.0   21  53241   7443   58   36   29 106.77    0.00  30.71  24.42  51.64  77.05  77.00  20.00  41.05  77.00  61.00  41.05   0.00
14:44:54  72.9   0.0   2.1  25.0   0.0   22  59789  15891    0    0    0 110.14    0.00  32.19  25.97  51.98  61.05  61.00  20.00  41.05  61.00  59.00  41.05   0.00
14:44:55  79.6   0.0   0.9  19.5   0.0   26  20267   7416    0    0    1 103.13    0.00  30.20  23.77  49.15  61.05  61.00  20.00  41.05  60.00  59.00  41.05   0.00
14:44:56  75.2   0.0   0.8  24.1   0.0   12  15619   6980    0    0    2  99.83    0.00  29.44  23.24  47.16  61.05  61.00  20.00  41.05  61.00  62.00  41.05   0.00
14:44:57  57.9   0.0   0.7  41.4   0.0   20  22010   6501    0    0    0 103.23    0.00  30.38  24.16  48.69  58.05  58.00  20.00  41.05  58.00  62.00  41.05   0.00
14:44:58  76.1   0.0   0.7  23.2   0.0   18  33438   8672    0    0    0 100.93    0.00  29.80  23.32  47.81  59.05  59.00  20.00  41.05  59.00  62.00  41.05   0.00
14:44:59  61.7   0.0   0.6  37.6   0.1    5  20516   6901    0    0    0  97.03    0.00  28.42  22.19  46.42  66.05  66.00  20.00  41.05  66.00  61.00  41.05   0.00
14:45:00  35.0   0.0   0.5  64.5   0.0   15  18450   5115    1    0    2  98.30    0.00  28.65  22.58  47.06  76.05  76.00  20.00  41.05  74.00  60.00  41.05   0.00
14:45:01  35.9   0.0   0.4  63.7   0.0   28  22852   5590   15    2    3 101.19    0.00  29.72  23.83  47.63  62.05  62.00  20.00  41.05  62.00  60.00  41.05   0.00
14:45:02  72.3   0.0   0.9  26.8   0.0   28  19437   7883   24    0    0 101.29    0.00  29.88  23.83  47.58  60.05  60.00  20.00  41.05  60.00  69.00  41.05   0.00
14:45:03  97.7   0.0   0.7   1.6   0.0   28   6602   7568    0    0    0 102.02    0.00  30.24  24.24  47.54  60.05  60.00  20.00  41.05  60.00  69.00  41.05   0.00
14:45:04  64.5   0.0   1.1  34.4   0.0   17  24327  48710    0    0    0 102.58    0.00  30.44  24.49  47.65  62.05  62.00  20.00  41.05  62.00  62.00  41.05   0.00
14:45:05  94.0   0.0   1.0   5.0   0.0   28  15163   7409    0    0    2 103.08    0.00  30.35  24.02  48.71  61.05  61.00  20.00  41.05  61.00  62.00  41.05   0.00
14:45:06  84.9   0.0   0.6  14.5   0.0   26  13808   7339    0    0    0  98.79    0.00  29.21  23.02  46.57  62.05  62.00  20.00  41.05  62.00  63.00  41.05   0.00
14:45:07  96.2   0.0   0.7   3.1   0.0   31  16828   9036    0    0    1 103.46    0.00  30.45  23.91  49.09  60.05  60.00  20.00  41.05  59.00  63.00  41.05   0.00
14:45:08  95.8   0.0   1.1   3.1   0.0   26  15315   8804    0    0    0 100.68    0.00  29.70  23.35  47.62  60.05  60.00  20.00  41.05  60.00  63.00  42.05   0.00
14:45:09  95.6   0.0   1.1   3.3   0.0   23  15120   8539    0    0    0 101.23    0.00  29.87  23.50  47.86  59.05  59.00  20.00  41.05  60.00  61.00  42.05   0.00
14:45:10  94.8   0.0   1.1   4.1   0.0   26  24962   9491    0    0    0 100.35    0.00  29.59  23.20  47.55  59.05  59.00  20.00  41.05  60.00  61.00  42.05   0.00
14:45:11  93.0   0.0   1.0   6.0   0.0   10  11660   7373    0    0    0  99.18    0.00  29.21  22.85  47.12  58.05  58.00  20.00  41.05  58.00  61.00  42.05   0.00
14:45:12  93.3   0.0   1.0   5.8   0.0   28  11083   7954    0    0    0 102.69    0.00  30.34  23.99  48.35  60.05  60.00  20.00  41.05  60.00  61.00  42.05   0.00
14:45:13  94.0   0.0   1.4   4.6   0.0   28  13086   7637    0    0    0 101.01    0.00  29.74  23.28  47.99  61.05  61.00  20.00  41.05  61.00  61.00  42.05   0.00
14:45:14  80.2   0.0   1.4  18.4   0.0   27  38962  29100    0    0    0 100.43    0.00  29.56  23.02  47.85  59.05  60.00  20.00  41.05  60.00  61.00  42.05   0.00
14:45:15  95.6   0.0   0.8   3.5   0.0   26   9739   7454    0    0    0 102.79    0.00  30.29  23.82  48.68  61.05  61.00  20.00  41.05  61.00  61.00  42.05   0.00
14:45:16  97.0   0.0   0.4   2.6   0.0   26   9942   7724    1    0    0 104.94    0.00  30.83  24.13  49.98  62.05  62.00  20.00  41.05  62.00  61.00  42.05   0.00
14:45:17  96.0   0.0   0.7   3.2   0.0   26   7463   7143    0    0    0 102.89    0.00  30.31  23.85  48.73  60.05  60.00  20.00  41.05  60.00  61.00  42.05   0.00
14:45:18  95.8   0.0   0.7   3.5   0.0   28   9287   7942    0    0    0 103.65    0.00  30.53  24.01  49.11  61.05  61.00  20.00  41.05  61.00  61.00  42.05   0.00
14:45:19  96.4   0.0   0.6   3.0   0.0   27   7494   7051    0    0    0  99.83    0.00  29.38  22.99  47.46  60.05  60.00  20.00  41.05  60.00  62.00  42.05   0.00
14:45:20  96.5   0.0   0.5   3.0   0.0   19   7064   7322    0    0    0  98.49    0.00  28.94  22.56  46.98  61.05  61.00  20.00  41.05  61.00  62.00  42.05   0.00
14:45:21  80.8   0.0   0.7  18.5   0.0   28  16307  21756    0    0    0  97.73    0.00  28.80  22.49  46.43  64.05  64.00  20.00  41.05  64.00  62.00  42.05   0.00
14:45:22  93.6   0.0   1.4   5.0   0.0   25  55809  11171    0    0    0 105.27    0.00  30.87  24.14  50.26  62.05  62.00  20.00  41.05  62.00  62.00  42.05   0.00
14:45:23  95.7   0.0   1.0   3.3   0.0   28   8090   7311    0    0    1 108.84    0.00  31.63  24.89  52.33  63.05  63.00  20.00  41.05  63.00  62.00  43.05   0.00
14:45:24  94.7   0.0   0.9   4.4   0.0   29   9193   7182    0    0    0 107.95    0.00  31.31  24.61  52.03  62.05  62.00  20.00  41.05  62.00  63.00  43.05   0.00
14:45:25  60.2   0.0   0.4  39.5   0.0    5  11029   5499    0    0    0  93.44    0.00  26.83  20.52  46.09  76.05  76.00  20.00  41.05  76.00  63.00  43.05   0.00
14:45:26  14.4   0.0   0.2  85.4   0.0    2   4058   1615    0    0    1  84.00    0.00  24.17  18.49  41.34  61.05  61.00  20.00  41.05  61.00  64.00  43.05   0.00
14:45:27  13.0   0.0   0.3  86.7   0.0    4   3670   1614    0    0    4  74.66    0.00  21.55  15.97  37.14  69.05  69.00  20.00  41.05  69.00  64.00  43.05   0.00
14:45:28  12.2   0.0   0.2  87.6   0.0    3  12623   2231    0    0    0  69.64    0.00  20.15  14.46  35.03  65.05  65.00  20.00  41.05  65.00  64.00  43.05   0.00
14:45:29   4.3   0.0   0.0  95.7   0.0    2    325    626    0    0    0  34.04    0.00  10.14   5.14  18.75  58.05  58.00  20.00  41.05  58.00  70.00  43.05   0.00
14:45:30   4.2   0.0   0.0  95.8   0.0    2    305    563    0    0    0  33.61    0.00  10.02   5.05  18.53  56.05  56.00  20.00  41.05  56.00  59.00  43.05   0.00
14:45:31   6.5   0.0   0.3  93.2   0.0    2    551    796    0    0    0  39.66    0.00  11.86   6.79  21.02  56.05  56.00  20.00  42.05  56.00  59.00  43.05   0.00
14:45:32   6.5   0.0   0.3  93.2   0.0    3    715   1302    0    0    4  43.19    0.00  12.65   7.45  23.10  62.05  62.00  20.00  42.05  62.00  58.00  43.05   0.00
14:45:33  32.3   0.0   0.4  67.3   0.0    2   3229  31460    5    0    0  75.26    0.00  22.00  16.09  37.16  62.05  62.00  20.00  42.05  62.00  58.00  43.05   0.00
14:45:34   8.5   0.0   0.1  91.3   0.0    2   1085   1165    1    0    4  43.72    0.00  12.74   7.41  23.58  58.05  58.00  20.00  42.05  56.00  63.00  43.05   0.00
14:45:35   5.5   0.0   0.0  94.4   0.0    2    547    808    0    0    1  36.10    0.00  10.80   5.70  19.59  57.05  57.00  20.00  42.05  57.00  63.00  43.05   0.00
14:45:36   4.2   0.0   0.0  95.7   0.0    3    401    642    0    0    0  33.05    0.00   9.87   4.87  18.31  56.05  56.00  20.00  42.05  56.00  58.00  43.05   0.00
14:45:37   4.6   0.0   0.0  95.3   0.0    2    711    795    0    0    0  35.19    0.00  10.37   5.16  19.66  55.05  55.00  20.00  42.05  55.00  58.00  43.05   0.00
14:45:38   6.5   0.0   0.2  93.3   0.0    3    884   1163    3    0    0  38.82    0.00  11.42   6.23  21.16  56.05  56.00  20.00  42.05  56.00  58.00  43.05   0.00
14:45:39   4.6   0.0   1.1  94.3   0.0    2   2867   2390   10    4  159  33.96    0.00   9.71   5.46  18.79  54.05  54.00  20.00  42.05  54.00  57.00  43.05   0.00
-------- ----- ----- ----- ----- ----- ---- ------ ------ ---- ---- ---- ------  ------ ------ ------ ------ ------ ------ ------ ------ ------ ------ ------ ------
 Average  52.5   0.0   0.7  46.8   0.0 15.0 16661.2 7721.8  6.1  2.0  6.1  81.53    0.00  23.87  18.16  39.49  60.63  60.60  20.00  41.21  60.55  61.13  41.94   0.00
 GeoMean   0.0   0.0   0.0  23.5   0.0  9.1 7158.0 4351.6  0.0  0.0  0.0  67.28    0.00  19.65  13.10  33.65  60.42  60.38  20.00  41.21  60.34  61.06  41.93   0.00
  StdDev  38.6   0.0   0.5  38.8   0.0 11.2 17646.7 8348.1 15.5  8.6 22.8  31.09    0.00   9.12   8.02  14.01   5.24   5.23   0.00   0.37   5.15   2.89   0.85   0.00
-------- ----- ----- ----- ----- ----- ---- ------ ------ ---- ---- ---- ------  ------ ------ ------ ------ ------ ------ ------ ------ ------ ------ ------ ------
 Minimum   0.0   0.0   0.0   1.6   0.0  1.0  159.0   96.0  0.0  0.0  0.0   1.97    0.00   0.55   0.07   1.36  49.05  49.00  20.00  41.05  50.00  54.00  41.05   0.00
 Maximum  97.7   0.0   2.1 100.0   0.1 31.0 74140.0 48710.0 71.0 54.0 159.0 110.14    0.00  32.19  25.97  52.33  77.05  77.00  20.00  42.05  77.00  70.00  43.05   0.00
-------- ----- ----- ----- ----- ----- ---- ------ ------ ---- ---- ---- ------  ------ ------ ------ ------ ------ ------ ------ ------ ------ ------ ------ ------
Summary:
CPU:  81.53 Watts on average with standard deviation 31.09 
Note: power read from RAPL domains: uncore, pkg-0, core, psys.
These readings do not cover all the hardware in this device.

Histogram (of 55 power measurements)

  Range (Watts)   Count
  1.969 -  12.786     3 ####
 12.787 -  23.603     0 
 23.604 -  34.421     4 #####
 34.422 -  45.238     6 ########
 45.239 -  56.055     0 
 56.056 -  66.873     0 
 66.874 -  77.690     4 #####
 77.691 -  88.508     4 #####
 88.509 -  99.325     7 ##########
 99.326 - 110.143    27 ########################################

Histogram (of 55 CPU utilization measurements)

 Range (%CPU)   Count
 0.000 -  9.840    13 ############################
 9.841 - 19.681     7 ###############
19.682 - 29.522     2 ####
29.523 - 39.363     3 ######
39.364 - 49.203     0 
49.204 - 59.044     1 ##
59.045 - 68.885     3 ######
68.886 - 78.726     4 ########
78.727 - 88.567     4 ########
88.568 - 98.408    18 ########################################

Histogram (of 55 thermal zone TCPU readings)

 Range (°C)    Count
49.050 - 51.849     2 ####
51.850 - 54.649     3 ######
54.650 - 57.449     7 ##############
57.450 - 60.249    15 ##############################
60.250 - 63.049    20 ########################################
63.050 - 65.849     2 ####
65.850 - 68.649     2 ####
68.650 - 71.449     1 ##
71.450 - 74.249     0 
74.250 - 77.049     3 ######

Histogram (of 55 thermal zone x86_pkg_temp readings)

 Range (°C)    Count
49.000 - 51.799     2 ####
51.800 - 54.599     3 ######
54.600 - 57.399     7 ##############
57.400 - 60.199    15 ##############################
60.200 - 62.999    20 ########################################
63.000 - 65.799     2 ####
65.800 - 68.599     2 ####
68.600 - 71.399     1 ##
71.400 - 74.199     0 
74.200 - 76.999     3 ######

Range is zero, cannot produce histogram of thermal zone INT3400 Thermal

Histogram (of 55 thermal zone SEN3 readings)

 Range (°C)    Count
41.050 - 41.149    46 ########################################
41.150 - 41.249     0 
41.250 - 41.349     0 
41.350 - 41.449     0 
41.450 - 41.549     0 
41.550 - 41.649     0 
41.650 - 41.749     0 
41.750 - 41.849     0 
41.850 - 41.949     0 
41.950 - 42.049     9 #######

Histogram (of 55 thermal zone TCPU_PCI readings)

 Range (°C)    Count
50.000 - 52.699     3 ######
52.700 - 55.399     3 ######
55.400 - 58.099    10 #####################
58.100 - 60.799    12 #########################
60.800 - 63.499    19 ########################################
63.500 - 66.199     3 ######
66.200 - 68.899     1 ##
68.900 - 71.599     1 ##
71.600 - 74.299     1 ##
74.300 - 76.999     2 ####

Histogram (of 55 thermal zone iwlwifi_1 readings)

 Range (°C)    Count
54.000 - 55.599     1 #
55.600 - 57.199     4 ######
57.200 - 58.799     6 #########
58.800 - 60.399     6 #########
60.400 - 61.999    25 ########################################
62.000 - 63.599     7 ###########
63.600 - 65.199     3 ####
65.200 - 66.799     0 
66.800 - 68.399     0 
68.400 - 69.999     3 ####

Histogram (of 55 thermal zone acpitz readings)

 Range (°C)    Count
41.050 - 41.249    23 ########################################
41.250 - 41.449     0 
41.450 - 41.649     0 
41.650 - 41.849     0 
41.850 - 42.049    15 ##########################
42.050 - 42.249     0 
42.250 - 42.449     0 
42.450 - 42.649     0 
42.650 - 42.849     0 
42.850 - 43.049    17 #############################

Range is zero, cannot produce histogram of thermal zone SEN2
