Running for 86400.0 seconds (86400 samples at 1.0 second intervals).
Power measurements will start in 0 seconds time.

  Time    User  Nice   Sys  Idle    IO  Run Ctxt/s  IRQ/s Fork Exec Exit  Watts  uncore  pkg-0   core   psys   TCPU x86_pk INT340   SEN3 TCPU_P iwlwif acpitz   SEN2
14:39:51   0.0   0.0   0.0 100.0   0.0    1    226    407    0    0    0  11.55    0.00   2.62   0.17   8.77  51.05  51.00  20.00  41.05  51.00  58.00  42.05   0.00
14:39:52   0.0   0.0   0.0 100.0   0.0    1    312    166    0    0    0   9.01    0.00   2.01   0.06   6.94  51.05  51.00  20.00  41.05  50.00  56.00  42.05   0.00
14:39:53   0.1   0.0   0.1  99.8   0.0    2    273    117    8    6    8   8.73    0.00   1.96   0.13   6.64  51.05  51.00  20.00  41.05  51.00  56.00  42.05   0.00
14:39:54  16.4   0.0   1.1  82.5   0.0    2  38054   5470   44    0    0  89.52    0.00  25.01  19.07  45.44  61.05  61.00  20.00  41.05  61.00  56.00  42.05   0.00
14:39:55  16.7   0.0   0.5  82.8   0.1    5  32929   4270    5    4    4  92.63    0.00  25.73  19.62  47.28  68.05  68.00  20.00  41.05  68.00  53.00  42.05   0.00
14:39:56  16.3   0.0   0.7  83.0   0.0    1  25546   5105   68    4   63  81.17    0.00  22.02  15.80  43.35  55.05  55.00  20.00  41.05  55.00  65.00  42.05   0.00
14:39:57  19.0   0.0   1.5  79.5   0.0   13  56903  12804   49    1    2  92.69    0.00  26.17  20.19  46.33  63.05  63.00  20.00  41.05  63.00  65.00  42.05   0.00
14:39:58  16.3   0.0   1.1  82.6   0.0    4  68945  11677    8    5    9  84.05    0.00  23.42  17.69  42.94  72.05  72.00  20.00  41.05  72.00  59.00  42.05   0.00
14:39:59  10.6   0.0   1.1  88.3   0.0    2  26710   4596   64   85   66  79.63    0.00  21.44  14.60  43.59  62.05  62.00  20.00  41.05  62.00  59.00  42.05   0.00
14:40:00  24.6   0.0   0.6  74.7   0.1   25  45318   5991   33    0    0 122.88    0.00  35.36  29.05  58.47  68.05  68.00  20.00  41.05  68.00  61.00  42.05   0.00
14:40:01  76.0   0.0   1.5  22.5   0.0   20  46766  12816    0    0    1 107.87    0.00  31.00  24.40  52.47  60.05  60.00  20.00  41.05  60.00  61.00  42.05   0.00
14:40:02  72.6   0.0   0.8  26.6   0.0   19  20509   7440    0    0    1 105.16    0.00  30.09  23.44  51.62  62.05  62.00  20.00  41.05  62.00  63.00  42.05   0.00
14:40:03  76.5   0.0   1.2  22.3   0.0   20  25479   7871    0    0    0 104.31    0.00  29.84  23.16  51.31  58.05  58.00  20.00  41.05  58.00  63.00  42.05   0.00
14:40:04  73.4   0.0   1.0  25.6   0.0   20  46514   9533    0    0    0 103.67    0.00  29.65  22.96  51.05  57.05  57.00  20.00  41.05  57.00  63.00  42.05   0.00
14:40:05  76.4   0.0   0.8  22.7   0.1   20  38422   8892    0    0    0 103.74    0.00  29.65  22.93  51.16  62.05  62.00  20.00  41.05  62.00  62.00  42.05   0.00
14:40:06  38.8   0.0   0.2  61.0   0.0   14  11530   4499    1    0    3  85.22    0.00  23.44  17.07  44.71  68.05  68.00  20.00  41.05  68.00  61.00  42.05   0.00
14:40:07  41.3   0.0   0.3  58.4   0.0    5  21962   5844    0    0    1 110.84    0.00  31.80  25.52  53.52  72.05  72.00  20.00  41.05  72.00  61.00  42.05   0.00
14:40:08  53.5   0.0   0.5  45.9   0.0   26  18383   5966   12    0    2 105.82    0.00  30.22  23.83  51.77  59.05  59.00  20.00  41.05  59.00  66.00  42.05   0.00
14:40:09  62.5   0.0   0.6  36.9   0.0   28  17348  34905   24    0    0 103.29    0.00  29.56  23.12  50.61  61.05  61.00  20.00  41.05  61.00  66.00  42.05   0.00
14:40:10  98.4   0.0   0.3   1.3   0.0    4   5566   7061    0    0    0 104.60    0.00  30.04  23.72  50.83  62.05  62.00  20.00  41.05  61.00  63.00  42.05   0.00
14:40:11  75.7   0.0   0.5  23.8   0.0   20  22766   7614    0    0    1 106.42    0.00  30.65  24.32  51.45  61.05  61.00  20.00  41.05  61.00  63.00  42.05   0.00
14:40:12  94.6   0.0   0.8   4.6   0.0   32  15363   7509    0    0    0 104.89    0.00  30.08  23.59  51.22  61.05  61.00  20.00  41.05  61.00  63.00  42.05   0.00
14:40:13  84.3   0.0   0.6  15.2   0.0   28  18288   7999    0    0    0 103.40    0.00  29.66  23.10  50.65  61.05  61.00  20.00  41.05  61.00  63.00  42.05   0.00
14:40:14  96.6   0.0   0.7   2.8   0.0   27  12058   8527    0    0    0 104.87    0.00  29.90  23.08  51.89  60.05  60.00  20.00  41.05  60.00  63.00  43.05   0.00
14:40:15  96.1   0.0   0.8   3.1   0.0   27  14715   8490    0    0    0 104.47    0.00  29.92  23.23  51.31  60.05  60.00  20.00  41.05  60.00  60.00  43.05   0.00
14:40:16  95.5   0.0   1.0   3.6   0.0   29  13711   8349    0    0    0 103.91    0.00  29.74  23.05  51.11  61.05  61.00  20.00  41.05  61.00  61.00  43.05   0.00
14:40:17  95.8   0.0   0.9   3.3   0.0   27  13261   8398    0    0    0 104.43    0.00  29.90  23.15  51.38  61.05  61.00  20.00  41.05  61.00  61.00  43.05   0.00
14:40:18  95.3   0.0   1.1   3.6   0.0   35  12120   7838    0    0    0 104.61    0.00  29.94  23.18  51.49  62.05  62.00  20.00  41.05  62.00  61.00  43.05   0.00
14:40:19  94.1   0.0   0.7   5.2   0.0   28  12528   7747    0    0    0 103.42    0.00  29.60  22.95  50.87  61.05  61.00  20.00  41.05  61.00  61.00  43.05   0.00
14:40:20  95.1   0.0   0.9   4.0   0.0   27  11446   7671    0    0    0 106.56    0.00  30.28  23.16  53.13  61.05  61.00  20.00  41.05  61.00  61.00  43.05   0.00
14:40:21  81.8   0.0   1.0  17.2   0.0   28  18722  38498    0    0    0 103.38    0.00  29.62  22.91  50.85  62.05  62.00  20.00  41.05  62.00  61.00  43.05   0.00
14:40:22  94.3   0.0   1.3   4.4   0.0   26  29311   9798    1    0    0 103.73    0.00  29.63  22.87  51.24  62.05  62.00  20.00  41.05  62.00  62.00  43.05   0.00
14:40:23  95.6   0.0   0.6   3.8   0.0   26  10307   7453    0    0    0 104.85    0.00  29.99  23.19  51.67  62.05  62.00  20.00  41.05  62.00  62.00  43.05   0.00
14:40:24  95.0   0.0   0.6   4.4   0.0   18  10997   7200    0    0    0 105.35    0.00  30.13  23.30  51.92  61.05  61.00  20.00  41.05  61.00  62.00  43.05   0.00
14:40:25  79.7   0.0   0.6  19.7   0.0    2  15649   8671    0    0    0  96.52    0.00  27.47  20.80  48.25  61.05  61.00  20.00  41.05  61.00  62.00  43.05   0.00
14:40:26  94.3   0.0   0.8   4.8   0.0   33   8335   7514    0    0    0 110.63    0.00  31.82  24.94  53.88  62.05  62.00  20.00  41.05  62.00  62.00  43.05   0.00
14:40:27  96.5   0.0   0.8   2.6   0.0   27   7950   7499    0    0    0 109.53    0.00  31.44  24.54  53.56  62.05  62.00  20.00  41.05  62.00  62.00  43.05   0.00
14:40:28  95.6   0.0   1.0   3.4   0.0   26  14640   7979    0    0    0 108.36    0.00  31.06  24.16  53.13  63.05  63.00  20.00  41.05  63.00  64.00  43.05   0.00
14:40:29  95.2   0.0   1.1   3.7   0.0   25  16670   7970    0    0    2 107.97    0.00  30.93  24.02  53.02  61.05  61.00  20.00  41.05  61.00  64.00  43.05   0.00
14:40:30  93.8   0.0   1.0   5.2   0.0   26  33909   9207    0    0    0 106.33    0.00  30.40  23.53  52.40  62.05  62.00  20.00  41.05  62.00  63.00  43.05   0.00
14:40:31  94.3   0.0   0.8   4.9   0.0   26   8825   7076    0    0    0 106.77    0.00  30.53  23.62  52.62  63.05  63.00  20.00  41.05  63.00  63.00  43.05   0.00
14:40:32  94.6   0.0   1.2   4.2   0.0   28  23025   8259    0    0    0 108.61    0.00  31.10  24.19  53.32  63.05  63.00  20.00  42.05  63.00  63.00  43.05   0.00
14:40:33  61.7   0.0   0.5  37.7   0.0    3  14790   5876    0    0    0  94.95    0.00  26.74  20.22  47.99  71.05  71.00  20.00  42.05  71.00  63.00  43.05   0.00
14:40:34  16.9   0.0   0.1  83.0   0.0    7   4577   1739    0    0    3 105.65    0.00  29.99  24.01  51.66  71.05  71.00  20.00  42.05  71.00  63.00  44.05   0.00
14:40:35  31.3   0.0   0.5  68.2   0.0    6  12852  27718    0    0    0 105.81    0.00  30.08  23.61  52.13  72.05  72.00  20.00  42.05  72.00  65.00  44.05   0.00
14:40:36   7.5   0.0   0.0  92.5   0.0    2   1793    911    0    0    2  72.69    0.00  20.70  15.28  36.71  75.05  75.00  20.00  42.05  75.00  70.00  44.05   0.00
14:40:37   5.6   0.0   0.1  94.3   0.0    2    564   1023    3    0    5  65.43    0.00  18.54  13.13  33.76  69.05  69.00  20.00  42.05  69.00  70.00  44.05   0.00
14:40:38   8.0   0.0   0.2  91.8   0.0    3   2005   1477    3    0    4  71.41    0.00  19.76  14.19  37.46  69.05  69.00  20.00  42.05  68.00  73.00  44.05   0.00
14:40:39   4.4   0.0   0.0  95.5   0.1    2    550    723    0    0    2  55.80    0.00  15.68  10.13  29.99  68.05  68.00  20.00  42.05  68.00  73.00  44.05   0.00
14:40:40   7.5   0.0   0.5  92.0   0.0    2   2519   1832    9    4    1  65.18    0.00  18.10  12.49  34.59  60.05  60.00  20.00  42.05  60.00  68.00  44.05   0.00
-------- ----- ----- ----- ----- ----- ---- ------ ------ ---- ---- ---- ------  ------ ------ ------ ------ ------ ------ ------ ------ ------ ------ ------ ------
 Average  59.3   0.0   0.7  40.0   0.0 16.6 18638.8 8079.9  6.6  2.2  3.6  93.25    0.00  26.49  20.29  46.47  62.67  62.62  20.00  41.23  62.56  62.58  42.73   0.00
 GeoMean   0.0   0.0   0.0  19.1   0.0 10.3 10832.9 5310.3  0.0  0.0  0.0  84.82    0.00  23.75  15.41  43.36  62.45  62.40  20.00  41.23  62.34  62.47  42.72   0.00
  StdDev  36.9   0.0   0.4  37.1   0.0 11.4 15158.0 7263.9 16.1 11.9 12.6  25.01    0.00   7.37   6.34  11.38   5.19   5.19   0.00   0.38   5.22   3.76   0.71   0.00
-------- ----- ----- ----- ----- ----- ---- ------ ------ ---- ---- ---- ------  ------ ------ ------ ------ ------ ------ ------ ------ ------ ------ ------ ------
 Minimum   0.0   0.0   0.0   1.3   0.0  1.0  226.0  117.0  0.0  0.0  0.0   8.73    0.00   1.96   0.06   6.64  51.05  51.00  20.00  41.05  50.00  53.00  42.05   0.00
 Maximum  98.4   0.0   1.5 100.0   0.1 35.0 68945.0 38498.0 68.0 85.0 66.0 122.88    0.00  35.36  29.05  58.47  75.05  75.00  20.00  42.05  75.00  73.00  44.05   0.00
-------- ----- ----- ----- ----- ----- ---- ------ ------ ---- ---- ---- ------  ------ ------ ------ ------ ------ ------ ------ ------ ------ ------ ------ ------
Summary:
CPU:  93.25 Watts on average with standard deviation 25.01 
Note: power read from RAPL domains: uncore, pkg-0, core, psys.
These readings do not cover all the hardware in this device.

Histogram (of 50 power measurements)

  Range (Watts)   Count
  8.727 -  20.141     3 ###
 20.142 -  31.556     0 
 31.557 -  42.972     0 
 42.973 -  54.387     0 
 54.388 -  65.802     3 ###
 65.803 -  77.218     2 ##
 77.219 -  88.633     4 #####
 88.634 - 100.049     5 ######
100.050 - 111.464    32 ########################################
111.465 - 122.879     1 #

Histogram (of 50 CPU utilization measurements)

 Range (%CPU)   Count
 0.000 -  9.870     8 ################
 9.871 - 19.740     6 ############
19.741 - 29.611     2 ####
29.612 - 39.481     2 ####
39.482 - 49.352     1 ##
49.353 - 59.222     1 ##
59.223 - 69.093     2 ####
69.094 - 78.964     6 ############
78.965 - 88.834     3 ######
88.835 - 98.705    19 ########################################

Histogram (of 50 thermal zone TCPU readings)

 Range (°C)    Count
51.050 - 53.449     3 ####
53.450 - 55.849     1 #
55.850 - 58.249     2 ##
58.250 - 60.649     5 #######
60.650 - 63.049    27 ########################################
63.050 - 65.449     0 
65.450 - 67.849     0 
67.850 - 70.249     6 ########
70.250 - 72.649     5 #######
72.650 - 75.049     1 #

Histogram (of 50 thermal zone x86_pkg_temp readings)

 Range (°C)    Count
51.000 - 53.399     3 ####
53.400 - 55.799     1 #
55.800 - 58.199     2 ##
58.200 - 60.599     5 #######
60.600 - 62.999    27 ########################################
63.000 - 65.399     0 
65.400 - 67.799     0 
67.800 - 70.199     6 ########
70.200 - 72.599     5 #######
72.600 - 74.999     1 #

Range is zero, cannot produce histogram of thermal zone INT3400 Thermal

Histogram (of 50 thermal zone SEN3 readings)

 Range (°C)    Count
41.050 - 41.149    41 ########################################
41.150 - 41.249     0 
41.250 - 41.349     0 
41.350 - 41.449     0 
41.450 - 41.549     0 
41.550 - 41.649     0 
41.650 - 41.749     0 
41.750 - 41.849     0 
41.850 - 41.949     0 
41.950 - 42.049     9 ########

Histogram (of 50 thermal zone TCPU_PCI readings)

 Range (°C)    Count
50.000 - 52.499     3 #####
52.500 - 54.999     1 #
55.000 - 57.499     1 #
57.500 - 59.999     6 ##########
60.000 - 62.499    23 ########################################
62.500 - 64.999     4 ######
65.000 - 67.499     0 
67.500 - 69.999     6 ##########
70.000 - 72.499     5 ########
72.500 - 74.999     1 #

Histogram (of 50 thermal zone iwlwifi_1 readings)

 Range (°C)    Count
53.000 - 54.999     1 ##
55.000 - 56.999     3 ######
57.000 - 58.999     3 ######
59.000 - 60.999    11 ######################
61.000 - 62.999    20 ########################################
63.000 - 64.999     5 ##########
65.000 - 66.999     2 ####
67.000 - 68.999     1 ##
69.000 - 70.999     2 ####
71.000 - 72.999     2 ####

Histogram (of 50 thermal zone acpitz readings)

 Range (°C)    Count
42.050 - 42.249    23 ########################################
42.250 - 42.449     0 
42.450 - 42.649     0 
42.650 - 42.849     0 
42.850 - 43.049    20 ##################################
43.050 - 43.249     0 
43.250 - 43.449     0 
43.450 - 43.649     0 
43.650 - 43.849     0 
43.850 - 44.049     7 ############

Range is zero, cannot produce histogram of thermal zone SEN2
