Running for 86400.0 seconds (86400 samples at 1.0 second intervals).
Power measurements will start in 0 seconds time.

  Time    User  Nice   Sys  Idle    IO  Run Ctxt/s  IRQ/s Fork Exec Exit  Watts  uncore  pkg-0   core   psys   TCPU x86_pk   SEN2 INT340 TCPU_P iwlwif acpitz   SEN3
17:58:05   0.0   0.0   0.0 100.0   0.0    1    208    360    0    0    0   7.26    0.00   1.84   0.15   5.27  49.05  49.00  40.05  20.00  49.00  54.00  40.05   0.00
17:58:06   0.2   0.0   0.0  99.8   0.0    2    233    143    0    0    0   4.96    0.00   1.28   0.08   3.60  50.05  50.00  40.05  20.00  50.00  54.00  40.05   0.00
17:58:07   0.0   0.0   0.1  99.8   0.0    3    289    132    9    6    8   7.78    0.00   2.03   0.13   5.62  49.05  49.00  40.05  20.00  49.00  52.00  39.05   0.00
17:58:08  13.9   0.0   0.9  85.2   0.0    5  35753   5051   39    0    0  64.63    0.00  17.85  12.12  34.67  59.05  59.00  40.05  20.00  59.00  52.00  39.05   0.00
17:58:09  17.6   0.0   0.6  81.7   0.0    5  34188   4233    4    0    0  71.67    0.00  19.95  14.07  37.64  58.05  58.00  39.05  20.00  58.00  52.00  39.05   0.00
17:58:10  18.3   0.0   0.6  81.1   0.0    4  26683   4670   29    4   28  75.63    0.00  21.02  14.97  39.64  55.05  55.00  39.05  20.00  55.00  57.00  39.05   0.00
17:58:11  11.0   0.0   1.1  87.9   0.0   12  39414   7082   95    5   44  71.10    0.00  19.79  13.97  37.35  63.05  63.00  39.05  20.00  63.00  56.00  39.05   0.00
17:58:12  22.8   0.0   1.6  75.6   0.0    4  72908  17080    5    0   10  88.07    0.00  25.49  19.70  42.88  53.05  53.00  39.05  20.00  53.00  56.00  40.05   0.00
17:58:13  11.0   0.0   0.9  88.1   0.0    3  16623   4128   69   90   67  67.48    0.00  18.42  11.97  37.09  58.05  58.00  39.05  20.00  58.00  58.00  40.05   0.00
17:58:14  18.5   0.0   0.5  81.0   0.0    7  25274   3946   12    0    0  89.31    0.00  25.54  19.66  44.11  66.05  66.00  40.05  20.00  66.00  58.00  40.05   0.00
17:58:15  66.7   0.0   1.5  31.7   0.0   20  72230  16468   20    0    0 120.24    0.00  35.60  29.24  55.39  57.05  57.00  40.05  20.00  57.00  63.00  40.05   0.00
17:58:16  77.5   0.0   0.7  21.8   0.0   19  22775   7582    0    0    2 102.00    0.00  29.69  23.07  49.24  57.05  57.00  40.05  20.00  57.00  63.00  40.05   0.00
17:58:17  74.1   0.0   1.2  24.7   0.0   20  36673   9170    0    0    2 102.03    0.00  29.81  23.29  48.93  60.05  60.00  40.05  20.00  60.00  59.00  40.05   0.00
17:58:18  73.7   0.0   0.9  25.5   0.0   20  38240   9312    0    0    0 102.27    0.00  29.91  23.42  48.94  57.05  57.00  40.05  20.00  57.00  59.00  40.05   0.00
17:58:19  44.4   0.0   0.5  55.1   0.0    5  18921   5388    1    0    1  99.43    0.00  28.87  22.75  47.81  61.05  61.00  40.05  20.00  61.00  59.00  40.05   0.00
17:58:20  24.0   0.0   0.3  75.7   0.0    5  17465   3620    0    0    0  82.34    0.00  23.03  16.60  42.72  60.05  60.00  40.05  20.00  60.00  60.00  40.05   0.00
17:58:21  52.7   0.0   0.6  46.7   0.0    5  22066   6990   11    0    1  98.85    0.00  28.73  22.52  47.61  57.05  57.00  40.05  20.00  57.00  63.00  40.05   0.00
17:58:22  91.6   0.0   0.5   7.9   0.0   28  13855   8695   24    0    0 105.62    0.00  31.07  24.93  49.62  59.05  59.00  40.05  20.00  59.00  63.00  39.05   0.00
17:58:23  77.8   0.0   0.5  21.7   0.0   33  11414  40927    0    0    0 105.47    0.00  30.38  23.98  51.10  58.05  58.00  40.05  20.00  58.00  58.00  39.05   0.00
17:58:24  29.7   0.0   0.5  69.8   0.0    6  40914   7256    0    0    0  95.15    0.00  26.90  20.92  47.34  72.05  72.00  40.05  20.00  72.00  58.00  39.05   0.00
17:58:25  22.1   0.0   0.5  77.4   0.0   10  51886   7680    0    0    0 111.31    0.00  31.96  25.93  53.43  67.05  67.00  40.05  20.00  67.00  74.00  39.05   0.00
17:58:26  53.0   0.0   0.5  46.4   0.0   22  29574   8209    0    0    1 104.05    0.00  30.07  23.60  50.38  61.05  61.00  40.05  20.00  61.00  74.00  39.05   0.00
17:58:27  96.1   0.0   0.5   3.3   0.0   31  11347   8004    0    0    0 104.20    0.00  30.50  24.04  49.66  58.05  58.00  40.05  20.00  58.00  59.00  40.05   0.00
17:58:28  96.5   0.0   0.8   2.7   0.0   27  12890   8607    0    0    0 101.30    0.00  29.65  23.18  48.47  58.05  58.00  40.05  20.00  58.00  59.00  40.05   0.00
17:58:29  96.3   0.0   0.8   2.9   0.0   34  13733   8565    0    0    0 101.73    0.00  29.77  23.31  48.65  58.05  58.00  40.05  20.00  58.00  59.00  40.05   0.00
17:58:30  96.1   0.0   0.8   3.2   0.0   27  11618   8005    0    0    0 101.61    0.00  29.71  23.23  48.66  58.05  58.00  40.05  20.00  58.00  59.00  40.05   0.00
17:58:31  95.7   0.0   0.7   3.6   0.0   33  11572   8111    0    0    0 101.98    0.00  29.81  23.29  48.88  58.05  58.00  40.05  20.00  58.00  59.00  40.05   0.00
17:58:32  85.5   0.0   0.7  13.9   0.0   28  14230  15534    0    0    0 101.30    0.00  29.68  23.21  48.41  58.05  58.00  40.05  20.00  58.00  60.00  40.05   0.00
17:58:33  95.9   0.0   0.7   3.4   0.0   32  11529   7569    0    0    0 101.82    0.00  29.76  23.25  48.81  59.05  59.00  40.05  20.00  59.00  60.00  40.05   0.00
17:58:34  90.5   0.0   0.7   8.8   0.0   34  12543   7771    0    0    0 101.35    0.00  29.65  23.17  48.54  59.05  59.00  40.05  20.00  59.00  59.00  40.05   0.00
17:58:35  18.8   0.0   0.4  80.8   0.0    5  14462   2692    0    0    0  97.69    0.00  28.03  21.78  47.88  70.05  71.00  41.05  20.00  71.00  59.00  40.05   0.00
17:58:36  14.7   0.0   0.5  84.8   0.0    2  13820   3328    5    4   46  87.13    0.00  25.18  19.38  42.57  54.05  55.00  41.05  20.00  55.00  69.00  40.05   0.00
-------- ----- ----- ----- ----- ----- ---- ------ ------ ---- ---- ---- ------  ------ ------ ------ ------ ------ ------ ------ ------ ------ ------ ------ ------
 Average  49.6   0.0   0.7  49.8   0.0 15.4 23604.1 8009.6 10.1  3.4  6.6  86.77    0.00  25.03  19.22  42.53  58.67  58.69  39.96  20.00  58.69  59.50  39.74   0.00
 GeoMean   0.0   0.0   0.0  29.3   0.0 10.0 14340.3 5231.7  0.0  0.0  0.0  73.22    0.00  20.86  12.71  37.27  58.46  58.47  39.95  20.00  58.47  59.29  39.73   0.00
  StdDev  35.4   0.0   0.4  35.5   0.0 11.9 17691.6 7127.8 21.1 15.6 15.9  28.78    0.00   8.56   7.32  13.03   5.02   5.07   0.46   0.00   5.07   5.10   0.46   0.00
-------- ----- ----- ----- ----- ----- ---- ------ ------ ---- ---- ---- ------  ------ ------ ------ ------ ------ ------ ------ ------ ------ ------ ------ ------
 Minimum   0.0   0.0   0.0   2.7   0.0  1.0  208.0  132.0  0.0  0.0  0.0   4.96    0.00   1.28   0.08   3.60  49.05  49.00  39.05  20.00  49.00  52.00  39.05   0.00
 Maximum  96.5   0.0   1.6 100.0   0.0 34.0 72908.0 40927.0 95.0 90.0 67.0 120.24    0.00  35.60  29.24  55.39  72.05  72.00  41.05  20.00  72.00  74.00  40.05   0.00
-------- ----- ----- ----- ----- ----- ---- ------ ------ ---- ---- ---- ------  ------ ------ ------ ------ ------ ------ ------ ------ ------ ------ ------ ------
Summary:
CPU:  86.77 Watts on average with standard deviation 28.78 
Note: power read from RAPL domains: uncore, pkg-0, core, psys.
These readings do not cover all the hardware in this device.

Histogram (of 32 power measurements)

  Range (Watts)   Count
  4.958 -  16.485     3 #######
 16.486 -  28.013     0 
 28.014 -  39.541     0 
 39.542 -  51.069     0 
 51.070 -  62.597     0 
 62.598 -  74.125     4 #########
 74.126 -  85.654     2 ####
 85.655 -  97.182     4 #########
 97.183 - 108.710    17 ########################################
108.711 - 120.238     2 ####

Histogram (of 32 CPU utilization measurements)

 Range (%CPU)   Count
 0.000 -  9.730     3 ###############
 9.731 - 19.460     8 ########################################
19.461 - 29.191     3 ###############
29.192 - 38.921     1 #####
38.922 - 48.652     1 #####
48.653 - 58.382     2 ##########
58.383 - 68.113     0 
68.114 - 77.843     3 ###############
77.844 - 87.574     3 ###############
87.575 - 97.304     8 ########################################

Histogram (of 32 thermal zone TCPU readings)

 Range (°C)    Count
49.050 - 51.349     3 #########
51.350 - 53.649     1 ###
53.650 - 55.949     2 ######
55.950 - 58.249    13 ########################################
58.250 - 60.549     6 ##################
60.550 - 62.849     2 ######
62.850 - 65.149     1 ###
65.150 - 67.449     2 ######
67.450 - 69.749     0 
69.750 - 72.049     2 ######

Histogram (of 32 thermal zone x86_pkg_temp readings)

 Range (°C)    Count
49.000 - 51.299     3 #########
51.300 - 53.599     1 ###
53.600 - 55.899     2 ######
55.900 - 58.199    13 ########################################
58.200 - 60.499     6 ##################
60.500 - 62.799     2 ######
62.800 - 65.099     1 ###
65.100 - 67.399     2 ######
67.400 - 69.699     0 
69.700 - 71.999     2 ######

Histogram (of 32 thermal zone SEN2 readings)

 Range (°C)    Count
39.050 - 39.249     5 ########
39.250 - 39.449     0 
39.450 - 39.649     0 
39.650 - 39.849     0 
39.850 - 40.049    25 ########################################
40.050 - 40.249     0 
40.250 - 40.449     0 
40.450 - 40.649     0 
40.650 - 40.849     0 
40.850 - 41.049     2 ###

Range is zero, cannot produce histogram of thermal zone INT3400 Thermal

Histogram (of 32 thermal zone TCPU_PCI readings)

 Range (°C)    Count
49.000 - 51.299     3 #########
51.300 - 53.599     1 ###
53.600 - 55.899     2 ######
55.900 - 58.199    13 ########################################
58.200 - 60.499     6 ##################
60.500 - 62.799     2 ######
62.800 - 65.099     1 ###
65.100 - 67.399     2 ######
67.400 - 69.699     0 
69.700 - 71.999     2 ######

Histogram (of 32 thermal zone iwlwifi_1 readings)

 Range (°C)    Count
52.000 - 54.199     5 ###############
54.200 - 56.399     2 ######
56.400 - 58.599     5 ###############
58.600 - 60.799    13 ########################################
60.800 - 62.999     4 ############
63.000 - 65.199     0 
65.200 - 67.399     0 
67.400 - 69.599     1 ###
69.600 - 71.799     0 
71.800 - 73.999     2 ######

Histogram (of 32 thermal zone acpitz readings)

 Range (°C)    Count
39.050 - 39.149    10 ##################
39.150 - 39.249     0 
39.250 - 39.349     0 
39.350 - 39.449     0 
39.450 - 39.549     0 
39.550 - 39.649     0 
39.650 - 39.749     0 
39.750 - 39.849     0 
39.850 - 39.949     0 
39.950 - 40.049    22 ########################################

Range is zero, cannot produce histogram of thermal zone SEN3
