Running for 86400.0 seconds (86400 samples at 1.0 second intervals).
Power measurements will start in 0 seconds time.

  Time    User  Nice   Sys  Idle    IO  Run Ctxt/s  IRQ/s Fork Exec Exit  Watts  uncore  pkg-0   core   psys   TCPU x86_pk INT340   SEN3 TCPU_P iwlwif acpitz   SEN2
00:58:15   0.0   0.0   0.0  99.9   0.0    1    455    340    0    0    0   5.00    0.00   1.31   0.24   3.45  61.05  61.00  20.00  47.05  61.00  71.00  50.05   0.00
00:58:16   0.0   0.0   0.0 100.0   0.0    1    252    122    0    0    0   2.16    0.00   0.59   0.09   1.48  60.05  60.00  20.00  47.05  60.00  72.00  50.05   0.00
00:58:17   0.1   0.0   0.1  99.7   0.0    2    401    170   12    6    8   3.49    0.00   0.96   0.22   2.31  58.05  58.00  20.00  47.05  58.00  67.00  50.05   0.00
00:58:18  12.4   0.0   1.2  86.4   0.0    5  50404   6012   38    0    0  82.13    0.00  23.37  17.78  40.98  80.05  80.00  20.00  47.05  80.00  67.00  50.05   0.00
00:58:19  18.6   0.0   0.8  80.6   0.0   10  56720   8222    9    4    4 109.30    0.00  31.93  25.98  51.38  78.05  78.00  20.00  47.05  78.00  71.00  50.05   0.00
00:58:20  14.6   0.0   0.7  84.6   0.1    3  30459   5215   82    5   66  86.33    0.00  24.39  18.03  43.91  64.05  65.00  20.00  47.05  65.00  71.00  49.05   0.00
00:58:21  21.8   0.0   2.0  76.3   0.0   13  63926  13760   40    0    1  84.64    0.00  24.32  18.34  41.97  70.05  70.00  20.00  47.05  70.00  77.00  49.05   0.00
00:58:22  16.0   0.0   1.1  82.9   0.0    4  77769  12378   12   10   14  76.03    0.00  21.46  15.70  38.86  68.05  68.00  20.00  47.05  68.00  77.00  49.05   0.00
00:58:23  12.7   0.0   1.1  86.1   0.0    6  43830   6517   62   80   63  77.12    0.00  21.11  14.36  41.65  75.05  75.00  20.00  47.05  75.00  69.00  49.05   0.00
00:58:24  22.3   0.0   0.8  76.9   0.0   18  50352   6728   28    0    0  94.58    0.00  26.51  20.49  47.58  80.05  80.00  20.00  47.05  80.00  69.00  49.05   0.00
00:58:25  74.2   0.0   1.8  24.0   0.0   21  54188  15788    0    0    1 109.89    0.00  31.71  24.99  53.20  71.05  71.00  20.00  47.05  71.00  69.00  49.05   0.00
00:58:26  64.8   0.0   0.6  34.6   0.0   14  28433   7444    0    0    2 105.97    0.00  30.53  23.99  51.44  65.05  65.00  20.00  47.05  64.00  75.00  49.05   0.00
00:58:27  74.6   0.0   1.5  23.8   0.0   20  23146   7669    0    0    0 103.62    0.00  30.28  23.67  49.66  65.05  65.00  20.00  47.05  65.00  67.00  49.05   0.00
00:58:28  74.0   0.0   0.6  25.4   0.0   20  14612   6931    0    0    0 102.56    0.00  29.95  23.03  49.58  65.05  65.00  20.00  47.05  66.00  67.00  49.05   0.00
00:58:29  42.5   0.0   0.5  56.9   0.0   21  16917   5209    1    0    1 102.35    0.00  29.85  23.56  48.94  85.05  85.00  20.00  47.05  85.00  68.00  49.05   0.00
00:58:30  30.9   0.0   0.3  68.7   0.1    5  18952   4575    2    0    2  97.68    0.00  28.01  21.53  48.14  77.05  78.00  20.00  47.05  78.00  68.00  49.05   0.00
00:58:31  55.1   0.0   0.7  44.2   0.0   10  22658   6683   11    0    0 105.89    0.00  31.04  24.81  50.04  66.05  66.00  20.00  47.05  66.00  77.00  49.05   0.00
00:58:32  84.7   0.0   0.4  15.0   0.0   28  15089   8054   24    0    0 102.43    0.00  30.05  23.84  48.54  65.05  65.00  20.00  47.05  66.00  77.00  49.05   0.00
00:58:33  86.2   0.0   0.7  13.1   0.0   28  10646   7600    0    0    0 101.60    0.00  29.84  23.56  48.20  65.05  65.00  20.00  46.05  65.00  67.00  49.05   0.00
00:58:34  23.9   0.0   0.5  75.6   0.0    5  28932  40663    0    0    0  97.65    0.00  28.35  22.39  46.90  81.05  81.00  20.00  46.05  81.00  67.00  49.05   0.00
00:58:35  22.1   0.0   0.4  77.5   0.0    7  50052   6355    0    0    2 106.52    0.00  30.98  24.72  50.82  73.05  73.00  20.00  46.05  73.00  67.00  49.05   0.00
00:58:36  59.5   0.0   0.9  39.6   0.0   19  37500   8695    0    0    0 101.62    0.00  29.73  23.39  48.50  64.05  64.00  20.00  46.05  64.00  80.00  49.05   0.00
00:58:37  94.9   0.0   0.5   4.6   0.0   29  12194   8680    0    0    0 107.33    0.00  31.53  24.98  50.82  68.05  68.00  20.00  46.05  68.00  66.00  49.05   0.00
00:58:38  96.5   0.0   0.7   2.7   0.0   31  11117   8319    0    0    0 102.71    0.00  29.94  23.37  49.39  66.05  66.00  20.00  46.05  66.00  66.00  49.05   0.00
00:58:39  96.1   0.0   0.9   3.0   0.0   31  12036   8179    0    0    0 101.71    0.00  29.72  23.18  48.81  65.05  65.00  20.00  46.05  65.00  67.00  49.05   0.00
00:58:40  96.2   0.0   0.6   3.2   0.0   10  11410   8126    0    0    1 102.51    0.00  29.97  23.41  49.12  65.05  65.00  20.00  46.05  65.00  67.00  48.05   0.00
00:58:41  94.7   0.0   1.3   4.0   0.0   19  13089   8214    0    0    0 101.47    0.00  29.61  23.06  48.79  65.05  65.00  20.00  46.05  65.00  66.00  48.05   0.00
00:58:42  94.4   0.0   0.7   4.9   0.0   18  11311  12467    0    0    0 101.05    0.00  29.47  22.92  48.66  65.05  65.00  20.00  46.05  65.00  66.00  48.05   0.00
00:58:43  86.0   0.0   0.6  13.3   0.0   28  15283  15245    0    0    0 102.25    0.00  30.01  23.45  48.79  66.05  66.00  20.00  46.05  66.00  66.00  48.05   0.00
00:58:44  81.4   0.0   0.6  18.0   0.0   28  12355   6945    0    0    0 100.75    0.00  29.28  22.55  48.91  68.05  68.00  20.00  46.05  68.00  65.00  48.05   0.00
00:58:45  46.0   0.0   0.2  53.7   0.0    5  11599   4532    0    0    0  95.94    0.00  27.75  21.46  46.72  77.05  77.00  20.00  46.05  79.00  65.00  48.05   0.00
00:58:46  16.7   0.0   0.2  83.1   0.0    2   9585   2503    0    0    2  94.72    0.00  27.39  21.52  45.82  64.05  64.00  20.00  46.05  64.00  65.00  48.05   0.00
00:58:47  10.6   0.0   0.3  89.1   0.0    2   5105   1756    1    0    3  61.27    0.00  17.47  11.95  31.84  62.05  62.00  20.00  46.05  62.00  67.00  48.05   0.00
-------- ----- ----- ----- ----- ----- ---- ------ ------ ---- ---- ---- ------  ------ ------ ------ ------ ------ ------ ------ ------ ------ ------ ------ ------
 Average  49.2   0.0   0.7  50.0   0.0 14.1 24872.0 8184.7  9.8  3.2  5.2  88.79    0.00  25.71  19.90  43.19  68.75  68.76  20.00  46.60  68.85  69.27  48.96   0.00
 GeoMean   0.0   0.0   0.0  31.3   0.0  9.5 14813.7 5443.7  0.0  0.0  0.0  71.16    0.00  20.45  13.84  35.72  68.44  68.45  20.00  46.59  68.53  69.15  48.96   0.00
  StdDev  34.4   0.0   0.5  34.5   0.0 10.0 19916.5 6871.1 19.3 13.8 15.3  28.92    0.00   8.50   6.98  13.54   6.67   6.69   0.00   0.50   6.76   4.14   0.62   0.00
-------- ----- ----- ----- ----- ----- ---- ------ ------ ---- ---- ---- ------  ------ ------ ------ ------ ------ ------ ------ ------ ------ ------ ------ ------
 Minimum   0.0   0.0   0.0   2.7   0.0  1.0  252.0  122.0  0.0  0.0  0.0   2.16    0.00   0.59   0.09   1.48  58.05  58.00  20.00  46.05  58.00  65.00  48.05   0.00
 Maximum  96.5   0.0   2.0 100.0   0.1 31.0 77769.0 40663.0 82.0 80.0 66.0 109.89    0.00  31.93  25.98  53.20  85.05  85.00  20.00  47.05  85.00  80.00  50.05   0.00
-------- ----- ----- ----- ----- ----- ---- ------ ------ ---- ---- ---- ------  ------ ------ ------ ------ ------ ------ ------ ------ ------ ------ ------ ------
Summary:
CPU:  88.79 Watts on average with standard deviation 28.92 
Note: power read from RAPL domains: uncore, pkg-0, core, psys.
These readings do not cover all the hardware in this device.

Histogram (of 33 power measurements)

  Range (Watts)   Count
  2.156 -  12.929     3 ######
 12.930 -  23.702     0 
 23.703 -  34.476     0 
 34.477 -  45.250     0 
 45.251 -  56.024     0 
 56.025 -  66.797     1 ##
 66.798 -  77.571     2 ####
 77.572 -  88.345     3 ######
 88.346 -  99.119     5 ##########
 99.120 - 109.893    19 ########################################

Histogram (of 33 CPU utilization measurements)

 Range (%CPU)   Count
 0.000 -  9.725     3 #################
 9.726 - 19.450     7 ########################################
19.451 - 29.176     4 ######################
29.177 - 38.901     1 #####
38.902 - 48.627     2 ###########
48.628 - 58.352     1 #####
58.353 - 68.078     2 ###########
68.079 - 77.804     3 #################
77.805 - 87.529     4 ######################
87.530 - 97.255     6 ##################################

Histogram (of 33 thermal zone TCPU readings)

 Range (°C)    Count
58.050 - 60.749     2 #####
60.750 - 63.449     2 #####
63.450 - 66.149    15 ########################################
66.150 - 68.849     3 ########
68.850 - 71.549     2 #####
71.550 - 74.249     1 ##
74.250 - 76.949     1 ##
76.950 - 79.649     3 ########
79.650 - 82.349     3 ########
82.350 - 85.049     1 ##

Histogram (of 33 thermal zone x86_pkg_temp readings)

 Range (°C)    Count
58.000 - 60.699     2 #####
60.700 - 63.399     2 #####
63.400 - 66.099    15 ########################################
66.100 - 68.799     3 ########
68.800 - 71.499     2 #####
71.500 - 74.199     1 ##
74.200 - 76.899     1 ##
76.900 - 79.599     3 ########
79.600 - 82.299     3 ########
82.300 - 84.999     1 ##

Range is zero, cannot produce histogram of thermal zone INT3400 Thermal

Histogram (of 33 thermal zone SEN3 readings)

 Range (°C)    Count
46.050 - 46.149    15 #################################
46.150 - 46.249     0 
46.250 - 46.349     0 
46.350 - 46.449     0 
46.450 - 46.549     0 
46.550 - 46.649     0 
46.650 - 46.749     0 
46.750 - 46.849     0 
46.850 - 46.949     0 
46.950 - 47.049    18 ########################################

Histogram (of 33 thermal zone TCPU_PCI readings)

 Range (°C)    Count
58.000 - 60.699     2 #####
60.700 - 63.399     2 #####
63.400 - 66.099    15 ########################################
66.100 - 68.799     3 ########
68.800 - 71.499     2 #####
71.500 - 74.199     1 ##
74.200 - 76.899     1 ##
76.900 - 79.599     3 ########
79.600 - 82.299     3 ########
82.300 - 84.999     1 ##

Histogram (of 33 thermal zone iwlwifi_1 readings)

 Range (°C)    Count
65.000 - 66.499     8 ##########################
66.500 - 67.999    12 ########################################
68.000 - 69.499     3 ##########
69.500 - 70.999     3 ##########
71.000 - 72.499     1 ###
72.500 - 73.999     0 
74.000 - 75.499     1 ###
75.500 - 76.999     4 #############
77.000 - 78.499     0 
78.500 - 79.999     1 ###

Histogram (of 33 thermal zone acpitz readings)

 Range (°C)    Count
48.050 - 48.249     8 ################
48.250 - 48.449     0 
48.450 - 48.649     0 
48.650 - 48.849     0 
48.850 - 49.049    20 ########################################
49.050 - 49.249     0 
49.250 - 49.449     0 
49.450 - 49.649     0 
49.650 - 49.849     0 
49.850 - 50.049     5 ##########

Range is zero, cannot produce histogram of thermal zone SEN2
