Running for 86400.0 seconds (86400 samples at 1.0 second intervals).
Power measurements will start in 0 seconds time.

  Time    User  Nice   Sys  Idle    IO  Run Ctxt/s  IRQ/s Fork Exec Exit  Watts  uncore  pkg-0   core   psys   TCPU x86_pk   SEN2 INT340 TCPU_P iwlwif acpitz   SEN3
00:09:11   0.0   0.0   0.0 100.0   0.0    1    156    275    0    0    0   4.15    0.00   1.04   0.15   2.96  49.05  49.00  39.05  20.00  49.00  58.00  39.05   0.00
00:09:12   0.0   0.0   0.1  99.9   0.0    1    238    125    0    0    0   4.00    0.00   1.04   0.08   2.88  50.05  50.00  39.05  20.00  50.00  55.00  39.05   0.00
00:09:13   0.0   0.0   0.1  99.8   0.0    2    281    140    8    5    8   3.86    0.00   1.01   0.13   2.72  48.05  48.00  39.05  20.00  48.00  55.00  39.05   0.00
00:09:14  18.0   0.0   1.0  81.0   0.0    5  44407   6130   44    1    0  90.46    0.00  25.87  20.08  44.51  63.05  63.00  39.05  20.00  65.00  52.00  39.05   0.00
00:09:15  20.1   0.0   0.8  79.1   0.0    4  37422   5392   49    7   28  93.54    0.00  26.82  20.92  45.80  55.05  55.00  39.05  20.00  55.00  52.00  39.05   0.00
00:09:16  13.8   0.0   1.1  85.1   0.0    6  38758   8232   72    2   41  70.78    0.00  19.79  14.03  36.96  64.05  64.00  39.05  20.00  64.00  52.00  39.05   0.00
00:09:17  21.0   0.0   1.1  77.9   0.0    5  56200  14185    6    2    9  77.00    0.00  21.96  16.33  38.72  55.05  55.00  39.05  20.00  55.00  63.00  39.05   0.00
00:09:18  12.4   0.0   0.7  86.9   0.0    5  20289   4373   66   88   66  67.64    0.00  18.41  11.94  37.29  56.05  56.00  39.05  20.00  56.00  56.00  39.05   0.00
00:09:19  19.0   0.0   0.3  80.7   0.0    5  22512   3500   14    0    0  77.30    0.00  21.66  15.86  39.79  59.05  59.00  39.05  20.00  59.00  56.00  39.05   0.00
00:09:20  74.9   0.0   1.5  23.6   0.0   15  62284  14940   19    0    1 119.11    0.00  35.31  29.14  54.67  55.05  55.00  39.05  20.00  55.00  60.00  39.05   0.00
00:09:21  68.5   0.0   0.7  30.9   0.0   19  23909   7322    0    0    0 104.99    0.00  30.60  24.27  50.13  57.05  57.00  39.05  20.00  57.00  60.00  39.05   0.00
00:09:22  70.4   0.0   0.8  28.8   0.0   18  20611   7262    0    0    1 101.05    0.00  29.44  23.20  48.41  56.05  56.00  39.05  20.00  56.00  56.00  39.05   0.00
00:09:23  69.9   0.0   0.8  29.4   0.0   19  18720   7025    0    0    0 104.58    0.00  30.06  23.60  50.93  58.05  58.00  39.05  20.00  58.00  56.00  39.05   0.00
00:09:24  47.0   0.0   0.7  52.3   0.0   20  18588   5819    1    0    1 103.55    0.00  29.67  23.50  50.38  61.05  61.00  39.05  20.00  61.00  58.00  39.05   0.00
00:09:25  25.9   0.0   0.4  73.5   0.1    5  18058   3952    0    0    2  94.87    0.00  26.46  20.26  48.15  64.05  64.00  39.05  20.00  64.00  58.00  39.05   0.00
00:09:26  49.4   0.0   0.7  49.9   0.0    5  23086   6662   10    0    1 101.47    0.00  29.26  23.16  49.05  62.05  62.00  39.05  20.00  62.00  58.00  39.05   0.00
00:09:27  91.8   0.0   0.5   7.7   0.0   28  15158   8627   24    0    0 109.12    0.00  32.18  26.21  50.72  61.05  61.00  39.05  20.00  61.00  65.00  39.05   0.00
00:09:28  74.8   0.0   0.6  24.6   0.0   27  10675  40862    0    0    0 102.41    0.00  30.12  24.14  48.14  60.05  60.00  39.05  20.00  60.00  59.00  39.05   0.00
00:09:29  29.5   0.0   0.8  69.7   0.0    5  38571   7266    0    0    0  83.61    0.00  23.60  17.67  42.34  60.05  60.00  39.05  20.00  60.00  59.00  39.05   0.00
00:09:30  73.0   0.0   0.9  26.1   0.0   30  40104   8595    0    0    1 114.40    0.00  33.71  27.57  53.12  58.05  58.00  39.05  20.00  58.00  62.00  39.05   0.00
00:09:31  83.8   0.0   0.5  15.7   0.0   29  20833   8299    0    0    0 102.38    0.00  29.92  23.54  48.92  58.05  58.00  39.05  20.00  58.00  62.00  39.05   0.00
00:09:32  95.9   0.0   1.0   3.1   0.0   28  14616   9254    0    0    0 101.30    0.00  29.64  23.46  48.19  58.05  58.00  39.05  20.00  57.00  59.00  39.05   0.00
00:09:33  96.7   0.0   0.7   2.7   0.0   28  12476   8540    0    0    0 102.06    0.00  29.87  23.61  48.58  58.05  58.00  39.05  20.00  58.00  59.00  39.05   0.00
00:09:34  96.7   0.0   0.7   2.6   0.0   30  11910   8291    0    0    0 101.82    0.00  29.79  23.53  48.50  58.05  58.00  39.05  20.00  58.00  59.00  39.05   0.00
00:09:35  95.5   0.0   0.9   3.5   0.0   31  15968   8479    0    0    0 102.05    0.00  29.85  23.55  48.65  58.05  58.00  39.05  20.00  58.00  59.00  39.05   0.00
00:09:36  95.8   0.0   0.6   3.5   0.0   28  12190   7957    0    0    0 101.71    0.00  29.73  23.45  48.53  58.05  58.00  40.05  20.00  58.00  59.00  39.05   0.00
00:09:37  95.6   0.0   0.5   3.9   0.0   28  12103   7591    0    0    0 101.96    0.00  29.80  23.49  48.67  58.05  58.00  40.05  20.00  58.00  59.00  39.05   0.00
00:09:38  78.1   0.0   0.5  21.4   0.0   27  14690  28481    0    0    0 101.09    0.00  29.60  23.37  48.12  58.05  58.00  40.05  20.00  58.00  59.00  39.05   0.00
00:09:39  36.1   0.0   0.2  63.7   0.0    5   9156   3444    0    0    0  85.12    0.00  24.37  18.50  42.24  71.05  71.00  40.05  20.00  71.00  59.00  39.05   0.00
00:09:40  15.8   0.0   0.3  83.8   0.1    2   9775   2161    0    0    1  78.24    0.00  22.15  16.28  39.81  57.05  57.00  40.05  20.00  57.00  72.00  39.05   0.00
00:09:41   9.7   0.0   0.3  90.0   0.0    2   4826   1748    2    0    4  59.79    0.00  17.09  11.62  31.09  56.05  56.00  40.05  20.00  56.00  72.00  39.05   0.00
-------- ----- ----- ----- ----- ----- ---- ------ ------ ---- ---- ---- ------  ------ ------ ------ ------ ------ ------ ------ ------ ------ ------ ------ ------
 Average  50.9   0.0   0.6  48.4   0.0 14.9 20921.6 8223.5 10.2  3.4  5.3  85.98    0.00  24.83  19.25  41.90  58.08  58.03  39.24  20.00  58.06  58.97  39.05   0.00
 GeoMean   0.0   0.0   0.0  29.0   0.0  9.4 12602.3 5027.6  0.0  0.0  0.0  68.97    0.00  19.66  12.57  34.96  57.92  57.87  39.24  20.00  57.89  58.80  39.05   0.00
  StdDev  34.7   0.0   0.3  34.8   0.0 11.4 15204.7 7898.6 19.7 15.5 14.1  30.05    0.00   8.89   7.51  13.78   4.38   4.38   0.40   0.00   4.47   4.50   0.00   0.00
-------- ----- ----- ----- ----- ----- ---- ------ ------ ---- ---- ---- ------  ------ ------ ------ ------ ------ ------ ------ ------ ------ ------ ------ ------
 Minimum   0.0   0.0   0.0   2.6   0.0  1.0  156.0  125.0  0.0  0.0  0.0   3.86    0.00   1.01   0.08   2.72  48.05  48.00  39.05  20.00  48.00  52.00  39.05   0.00
 Maximum  96.7   0.0   1.5 100.0   0.1 31.0 62284.0 40862.0 72.0 88.0 66.0 119.11    0.00  35.31  29.14  54.67  71.05  71.00  40.05  20.00  71.00  72.00  39.05   0.00
-------- ----- ----- ----- ----- ----- ---- ------ ------ ---- ---- ---- ------  ------ ------ ------ ------ ------ ------ ------ ------ ------ ------ ------ ------
Summary:
CPU:  85.98 Watts on average with standard deviation 30.05 
Note: power read from RAPL domains: uncore, pkg-0, core, psys.
These readings do not cover all the hardware in this device.

Histogram (of 31 power measurements)

  Range (Watts)   Count
  3.859 -  15.383     3 ########
 15.384 -  26.908     0 
 26.909 -  38.433     0 
 38.434 -  49.958     0 
 49.959 -  61.483     1 ##
 61.484 -  73.008     2 #####
 73.009 -  84.533     4 ###########
 84.534 -  96.058     4 ###########
 96.059 - 107.583    14 ########################################
107.584 - 119.108     3 ########

Histogram (of 31 CPU utilization measurements)

 Range (%CPU)   Count
 0.042 -  9.775     3 #################
 9.776 - 19.510     6 ##################################
19.511 - 29.245     3 #################
29.246 - 38.979     2 ###########
38.980 - 48.714     1 #####
48.715 - 58.449     1 #####
58.450 - 68.183     0 
68.184 - 77.918     6 ##################################
77.919 - 87.653     2 ###########
87.654 - 97.387     7 ########################################

Histogram (of 31 thermal zone TCPU readings)

 Range (°C)    Count
48.050 - 50.349     3 ##########
50.350 - 52.649     0 
52.650 - 54.949     0 
54.950 - 57.249     8 #############################
57.250 - 59.549    11 ########################################
59.550 - 61.849     4 ##############
61.850 - 64.149     4 ##############
64.150 - 66.449     0 
66.450 - 68.749     0 
68.750 - 71.049     1 ###

Histogram (of 31 thermal zone x86_pkg_temp readings)

 Range (°C)    Count
48.000 - 50.299     3 ##########
50.300 - 52.599     0 
52.600 - 54.899     0 
54.900 - 57.199     8 #############################
57.200 - 59.499    11 ########################################
59.500 - 61.799     4 ##############
61.800 - 64.099     4 ##############
64.100 - 66.399     0 
66.400 - 68.699     0 
68.700 - 70.999     1 ###

Histogram (of 31 thermal zone SEN2 readings)

 Range (°C)    Count
39.050 - 39.149    25 ########################################
39.150 - 39.249     0 
39.250 - 39.349     0 
39.350 - 39.449     0 
39.450 - 39.549     0 
39.550 - 39.649     0 
39.650 - 39.749     0 
39.750 - 39.849     0 
39.850 - 39.949     0 
39.950 - 40.049     6 #########

Range is zero, cannot produce histogram of thermal zone INT3400 Thermal

Histogram (of 31 thermal zone TCPU_PCI readings)

 Range (°C)    Count
48.000 - 50.299     3 ############
50.300 - 52.599     0 
52.600 - 54.899     0 
54.900 - 57.199     9 ####################################
57.200 - 59.499    10 ########################################
59.500 - 61.799     4 ################
61.800 - 64.099     3 ############
64.100 - 66.399     1 ####
66.400 - 68.699     0 
68.700 - 70.999     1 ####

Histogram (of 31 thermal zone iwlwifi_1 readings)

 Range (°C)    Count
52.000 - 53.999     3 ##########
54.000 - 55.999     6 ####################
56.000 - 57.999     4 #############
58.000 - 59.999    12 ########################################
60.000 - 61.999     2 ######
62.000 - 63.999     1 ###
64.000 - 65.999     1 ###
66.000 - 67.999     0 
68.000 - 69.999     0 
70.000 - 71.999     2 ######

Range is zero, cannot produce histogram of thermal zone acpitz

Range is zero, cannot produce histogram of thermal zone SEN3
