Running for 86400.0 seconds (86400 samples at 1.0 second intervals).
Power measurements will start in 0 seconds time.

  Time    User  Nice   Sys  Idle    IO  Run Ctxt/s  IRQ/s Fork Exec Exit  Watts  uncore  pkg-0   core   psys   TCPU iwlwif INT340   SEN3 TCPU_P x86_pk acpitz   SEN2
13:02:42   0.0   0.0   0.0 100.0   0.0    1    156    305    0    0    0   4.21    0.00   1.10   0.22   2.89  60.05  20.00  47.05  60.00  60.00  72.00  49.05   0.00
13:02:43   0.0   0.0   0.0 100.0   0.0    1    220    129    0    0    0   2.25    0.00   0.61   0.10   1.55  59.05  20.00  48.05  59.00  59.00  63.00  49.05   0.00
13:02:44   0.1   0.0   0.1  99.8   0.0    2    243    129    8    6    8   2.79    0.00   0.76   0.16   1.87  58.05  20.00  48.05  58.00  58.00  63.00  49.05   0.00
13:02:45  17.3   0.0   1.3  81.4   0.0    6  70724   8066   47    0    0 103.00    0.00  29.96  24.10  48.94  77.05  20.00  48.05  77.00  77.00  63.00  49.05   0.00
13:02:46  19.3   0.0   1.2  79.4   0.0    5  64333   7154   29    4   28 105.51    0.00  30.62  24.34  50.55  77.05  20.00  48.05  77.00  77.00  62.00  49.05   0.00
13:02:47  11.7   0.0   0.9  87.3   0.0   13  37402   8088   93    5   42  74.39    0.00  20.98  15.05  38.36  72.05  20.00  48.05  72.00  72.00  78.00  49.05   0.00
13:02:48  23.6   0.0   1.5  74.9   0.0    5  78966  16344    4    0    9  89.61    0.00  26.04  20.13  43.45  68.05  20.00  47.05  68.00  68.00  78.00  49.05   0.00
13:02:49  10.3   0.0   0.9  88.8   0.0    6  11973   3881   68   90   67  68.64    0.00  18.44  11.57  38.63  68.05  20.00  47.05  68.00  68.00  70.00  49.05   0.00
13:02:50  17.4   0.0   0.2  82.4   0.0    5  24264   3447    2    0    0  91.79    0.00  25.95  19.97  45.87  74.05  20.00  47.05  74.00  74.00  70.00  49.05   0.00
13:02:51  60.5   0.0   1.7  37.8   0.0   19  66181  14949   33    0    0 120.51    0.00  35.19  28.57  56.76  69.05  20.00  47.05  69.00  69.00  73.00  49.05   0.00
13:02:52  79.4   0.0   0.8  19.7   0.0   20  23071   7677    0    0    2 103.46    0.00  30.38  23.84  49.24  68.05  20.00  47.05  68.00  68.00  73.00  49.05   0.00
13:02:53  76.6   0.0   0.8  22.6   0.0   20  20458   7820    0    0    1 102.31    0.00  30.04  23.22  49.05  68.05  20.00  47.05  69.00  69.00  68.00  49.05   0.00
13:02:54  75.6   0.0   0.5  23.8   0.0   20  30740   8422    0    0    0 100.21    0.00  29.55  23.01  47.65  68.05  20.00  47.05  68.00  68.00  68.00  49.05   0.00
13:02:55  70.5   0.0   0.9  28.6   0.0   20  20912   7161    0    0    0 101.04    0.00  29.74  23.12  48.19  69.05  20.00  47.05  69.00  69.00  68.00  49.05   0.00
13:02:56  67.3   0.0   0.6  32.1   0.0    5  31496   8290    0    0    0 100.46    0.00  29.47  22.77  48.22  70.05  20.00  47.05  70.00  70.00  70.00  49.05   0.00
13:02:57  37.5   0.0   0.5  62.0   0.0   20  22181   6070    1    0    2 106.13    0.00  31.05  24.76  50.31  68.05  20.00  47.05  68.00  68.00  68.00  49.05   0.00
13:02:58  22.2   0.0   0.2  77.6   0.0    5  20593   4227    0    0    1  93.93    0.00  27.33  21.41  45.18  81.05  20.00  47.05  81.00  81.00  68.00  49.05   0.00
13:02:59  82.5   0.0   0.6  16.9   0.0   28  24887   9545   34    0    0 112.69    0.00  33.38  26.80  52.51  68.05  20.00  47.05  67.00  67.00  75.00  49.05   0.00
13:03:00  87.7   0.0   0.7  11.6   0.0   27   7076  35949    0    0    0 101.34    0.00  30.03  23.83  47.48  68.05  20.00  47.05  67.00  67.00  75.00  49.05   0.00
13:03:01  89.2   0.0   0.2  10.7   0.0   28   6649   6898    0    0    0  98.23    0.00  28.91  22.81  46.51  75.05  20.00  47.05  75.00  75.00  69.00  49.05   0.00
13:03:02  87.1   0.0   0.9  12.1   0.0   27  31804   8884    0    0    1 107.46    0.00  31.88  25.54  50.04  68.05  20.00  47.05  68.00  68.00  69.00  49.05   0.00
13:03:03  95.8   0.0   0.6   3.6   0.0   29  11321   7378    0    0    0 101.22    0.00  29.85  23.39  47.97  69.05  20.00  47.05  68.00  68.00  69.00  49.05   0.00
13:03:04  81.2   0.0   1.1  17.7   0.0   26  35465   9797    0    0    0 101.25    0.00  29.90  23.28  48.07  67.05  20.00  47.05  67.00  67.00  69.00  49.05   0.00
13:03:05  96.5   0.0   0.7   2.8   0.0   19  17675   9166    0    0    0 100.44    0.00  29.65  23.12  47.67  68.05  20.00  47.05  68.00  68.00  69.00  49.05   0.00
13:03:06  96.4   0.0   0.6   3.0   0.0   24  12208   7964    0    0    0 101.19    0.00  29.88  23.28  48.03  72.05  20.00  47.05  72.00  72.00  69.00  49.05   0.00
13:03:07  96.2   0.0   0.8   3.0   0.0   26  20246   9238    0    0    2 100.89    0.00  29.79  23.22  47.88  68.05  20.00  47.05  68.00  68.00  69.00  49.05   0.00
13:03:08  96.1   0.0   1.0   2.8   0.0   28  12468   8124    0    0    0 101.27    0.00  29.90  23.31  48.06  68.05  20.00  47.05  68.00  68.00  69.00  49.05   0.00
13:03:09  96.1   0.0   0.6   3.4   0.0   28  11394   7598    0    0    0 101.21    0.00  29.88  23.27  48.07  68.05  20.00  47.05  68.00  68.00  69.00  49.05   0.00
13:03:10  92.4   0.0   0.5   7.1   0.0   28  10955   7590    0    0    0 101.08    0.00  29.87  23.35  47.86  68.05  20.00  47.05  68.00  68.00  69.00  49.05   0.00
13:03:11  94.5   0.0   0.9   4.5   0.0   28  11309   7903    0    0    0 102.44    0.00  30.09  23.26  49.09  69.05  20.00  47.05  69.00  70.00  69.00  49.05   0.00
13:03:12  78.2   0.0   1.2  20.6   0.0   27  38945  39933    0    0    1  99.18    0.00  29.19  22.48  47.50  70.05  20.00  47.05  70.00  70.00  69.00  49.05   0.00
13:03:13  96.1   0.0   0.8   3.0   0.0   26   9711   7953    0    0    0 102.82    0.00  30.34  23.64  48.83  69.05  20.00  47.05  69.00  69.00  69.00  49.05   0.00
13:03:14  96.6   0.0   0.5   2.9   0.0   24   9501   7637    0    0    0 102.46    0.00  30.21  23.56  48.69  68.05  20.00  47.05  68.00  68.00  69.00  49.05   0.00
13:03:15  96.5   0.0   0.7   2.8   0.0   28   9822   7300    0    0    0 102.14    0.00  30.11  23.47  48.55  68.05  20.00  47.05  68.00  68.00  69.00  49.05   0.00
13:03:16  96.5   0.0   0.5   2.9   0.0   28   8924   7754    0    0    0 102.74    0.00  30.30  23.64  48.80  68.05  20.00  47.05  68.00  68.00  69.00  49.05   0.00
13:03:17  96.1   0.0   0.7   3.2   0.0   28   6823   7102    0    0    0  98.73    0.00  29.06  22.50  47.17  68.05  20.00  47.05  68.00  68.00  69.00  49.05   0.00
13:03:18  95.5   0.0   0.8   3.8   0.0   26   7528   7322    0    0    0 100.22    0.00  29.51  22.93  47.78  68.05  20.00  47.05  68.00  68.00  69.00  49.05   0.00
13:03:19  88.8   0.0   0.8  10.4   0.0    2  12390  21788    0    0    1  94.86    0.00  27.87  21.31  45.68  65.05  20.00  47.05  65.00  65.00  69.00  49.05   0.00
13:03:20  90.5   0.0   0.7   8.7   0.0   19   5704   6918    0    0    1 108.45    0.00  32.14  25.40  50.92  69.05  20.00  47.05  69.00  69.00  69.00  49.05   0.00
13:03:21  92.0   0.0   1.9   6.1   0.0   26  68598  12364    0    0    0 101.75    0.00  29.95  23.30  48.50  71.05  20.00  47.05  71.00  71.00  69.00  49.05   0.00
13:03:22  96.7   0.0   0.8   2.5   0.0   20   4904   7601    0    0    1 107.22    0.00  31.53  24.60  51.09  72.05  20.00  47.05  72.00  72.00  70.00  49.05   0.00
13:03:23  95.3   0.0   0.8   3.9   0.0    2  13422   7566    0    0    1 105.23    0.00  30.89  24.12  50.22  68.05  20.00  47.05  68.00  68.00  70.00  49.05   0.00
13:03:24  94.5   0.0   0.9   4.6   0.0   26  17091   8260    0    0    0 107.87    0.00  31.10  24.08  52.69  71.05  20.00  47.05  71.00  71.00  71.00  49.05   0.00
13:03:25  72.3   0.0   0.5  27.2   0.0    5   9413   5966    0    0    0  95.49    0.00  27.27  20.64  47.58  76.05  20.00  47.05  76.00  76.00  71.00  49.05   0.00
13:03:26  17.2   0.0   0.1  82.8   0.0    5   6292   1889    0    0    1 104.65    0.00  30.07  24.17  50.41  83.05  20.00  47.05  83.00  83.00  71.00  49.05   0.00
13:03:27  10.4   0.0   0.0  89.5   0.0    5   2735   1222    1    0    2  66.84    0.00  19.15  13.52  34.18  79.05  20.00  47.05  80.00  80.00  71.00  49.05   0.00
13:03:28  13.6   0.0   0.3  86.2   0.0    3   4102   1656    0    0    0  80.07    0.00  23.12  17.30  39.64  66.05  20.00  47.05  66.00  66.00  76.00  49.05   0.00
13:03:29   6.9   0.0   0.2  92.9   0.1    2   1052    771    0    0    0  43.54    0.00  12.75   7.22  23.58  64.05  20.00  47.05  64.00  64.00  76.00  49.05   0.00
13:03:30   4.2   0.0   0.0  95.8   0.0    2    291    479    0    0    0  34.69    0.00  10.23   5.09  19.37  64.05  20.00  47.05  64.00  64.00  69.00  49.05   0.00
13:03:31   9.8   0.0   0.1  90.1   0.0   19    997  16923    0    0    3  47.36    0.00  14.09   8.74  24.53  75.05  20.00  47.05  75.00  75.00  69.00  50.05   0.00
13:03:32  25.5   0.0   0.0  74.5   0.0    2   2190   8144    0    0    0  60.17    0.00  17.73  12.18  30.25  64.05  20.00  47.05  64.00  64.00  64.00  50.05   0.00
13:03:33   6.9   0.0   0.0  93.1   0.0    3    583    950    1    0    2  47.08    0.00  13.46   8.10  25.52  77.05  20.00  47.05  77.00  77.00  64.00  50.05   0.00
13:03:34   9.9   0.0   0.2  89.9   0.0    2  14712   3006    4    0    2  48.98    0.00  14.19   8.71  26.08  64.05  20.00  48.05  64.00  64.00  64.00  50.05   0.00
13:03:35   4.4   0.0   0.0  95.5   0.0    2    551    634    0    0    1  36.66    0.00  10.74   5.34  20.58  62.05  20.00  48.05  62.00  62.00  64.00  50.05   0.00
13:03:36   4.2   0.0   0.0  95.8   0.0    2    397    573    0    0    1  34.52    0.00  10.28   5.11  19.13  63.05  20.00  48.05  63.00  63.00  64.00  50.05   0.00
13:03:37   4.4   0.0   0.0  95.6   0.0    2    367    588    0    0    0  35.44    0.00  10.49   5.32  19.62  62.05  20.00  48.05  62.00  62.00  65.00  50.05   0.00
13:03:38   4.2   0.0   0.0  95.7   0.0    5    392    617    1    0    0  34.06    0.00  10.12   4.97  18.97  62.05  20.00  48.05  62.00  62.00  63.00  50.05   0.00
13:03:39   8.8   0.0   1.0  90.1   0.1    1   6118   3140   11    4   49  59.03    0.00  16.79  11.08  31.16  60.05  20.00  48.05  60.00  60.00  63.00  50.05   0.00
-------- ----- ----- ----- ----- ----- ---- ------ ------ ---- ---- ---- ------  ------ ------ ------ ------ ------ ------ ------ ------ ------ ------ ------ ------
 Average  55.1   0.0   0.6  44.3   0.0 14.8 17257.3 7659.5  5.8  1.9  3.9  83.85    0.00  24.53  18.57  40.74  68.77  20.00  47.24  68.71  68.72  68.95  49.21   0.00
 GeoMean   0.0   0.0   0.0  21.5   0.0  9.2 7527.2 4573.2  0.0  0.0  0.0  70.35    0.00  20.48  13.86  35.22  68.59  20.00  47.24  68.52  68.53  68.85  49.20   0.00
  StdDev  39.1   0.0   0.4  39.3   0.0 10.9 19097.7 7203.7 17.0 11.7 12.3  30.28    0.00   8.94   7.85  13.59   5.13   0.00   0.39   5.17   5.18   3.64   0.36   0.00
-------- ----- ----- ----- ----- ----- ---- ------ ------ ---- ---- ---- ------  ------ ------ ------ ------ ------ ------ ------ ------ ------ ------ ------ ------
 Minimum   0.0   0.0   0.0   2.5   0.0  1.0  156.0  129.0  0.0  0.0  0.0   2.25    0.00   0.61   0.10   1.55  58.05  20.00  47.05  58.00  58.00  62.00  49.05   0.00
 Maximum  96.7   0.0   1.9 100.0   0.1 29.0 78966.0 39933.0 93.0 90.0 67.0 120.51    0.00  35.19  28.57  56.76  83.05  20.00  48.05  83.00  83.00  78.00  50.05   0.00
-------- ----- ----- ----- ----- ----- ---- ------ ------ ---- ---- ---- ------  ------ ------ ------ ------ ------ ------ ------ ------ ------ ------ ------ ------
Summary:
CPU:  83.85 Watts on average with standard deviation 30.28 
Note: power read from RAPL domains: uncore, pkg-0, core, psys.
These readings do not cover all the hardware in this device.

Histogram (of 58 power measurements)

  Range (Watts)   Count
  2.255 -  14.080     3 ###
 14.081 -  25.906     0 
 25.907 -  37.732     5 ######
 37.733 -  49.558     4 ####
 49.559 -  61.384     2 ##
 61.385 -  73.210     2 ##
 73.211 -  85.035     2 ##
 85.036 -  96.861     5 ######
 96.862 - 108.687    33 ########################################
108.688 - 120.513     2 ##

Histogram (of 58 CPU utilization measurements)

 Range (%CPU)   Count
 0.000 -  9.747    10 #################
 9.748 - 19.495    10 #################
19.496 - 29.244     4 ######
29.245 - 38.992     1 #
38.993 - 48.740     0 
48.741 - 58.488     0 
58.489 - 68.237     2 ###
68.238 - 77.985     4 ######
77.986 - 87.733     4 ######
87.734 - 97.481    23 ########################################

Histogram (of 58 thermal zone TCPU readings)

 Range (°C)    Count
58.050 - 60.549     4 #######
60.550 - 63.049     4 #######
63.050 - 65.549     5 #########
65.550 - 68.049    22 ########################################
68.050 - 70.549     8 ##############
70.550 - 73.049     5 #########
73.050 - 75.549     3 #####
75.550 - 78.049     4 #######
78.050 - 80.549     1 #
80.550 - 83.049     2 ###

Range is zero, cannot produce histogram of thermal zone iwlwifi_1

Histogram (of 58 thermal zone INT3400 Thermal readings)

 Range (°C)    Count
47.050 - 47.149    47 ########################################
47.150 - 47.249     0 
47.250 - 47.349     0 
47.350 - 47.449     0 
47.450 - 47.549     0 
47.550 - 47.649     0 
47.650 - 47.749     0 
47.750 - 47.849     0 
47.850 - 47.949     0 
47.950 - 48.049    11 #########

Histogram (of 58 thermal zone SEN3 readings)

 Range (°C)    Count
58.000 - 60.499     4 #######
60.500 - 62.999     4 #######
63.000 - 65.499     5 #########
65.500 - 67.999    22 ########################################
68.000 - 70.499     8 ##############
70.500 - 72.999     5 #########
73.000 - 75.499     3 #####
75.500 - 77.999     4 #######
78.000 - 80.499     1 #
80.500 - 82.999     2 ###

Histogram (of 58 thermal zone TCPU_PCI readings)

 Range (°C)    Count
58.000 - 60.499     4 #######
60.500 - 62.999     4 #######
63.000 - 65.499     5 #########
65.500 - 67.999    22 ########################################
68.000 - 70.499     8 ##############
70.500 - 72.999     5 #########
73.000 - 75.499     3 #####
75.500 - 77.999     4 #######
78.000 - 80.499     1 #
80.500 - 82.999     2 ###

Histogram (of 58 thermal zone x86_pkg_temp readings)

 Range (°C)    Count
62.000 - 63.599     6 ########
63.600 - 65.199     6 ########
65.200 - 66.799     0 
66.800 - 68.399     5 #######
68.400 - 69.999    28 ########################################
70.000 - 71.599     4 #####
71.600 - 73.199     3 ####
73.200 - 74.799     0 
74.800 - 76.399     4 #####
76.400 - 77.999     2 ##

Histogram (of 58 thermal zone acpitz readings)

 Range (°C)    Count
49.050 - 49.149    49 ########################################
49.150 - 49.249     0 
49.250 - 49.349     0 
49.350 - 49.449     0 
49.450 - 49.549     0 
49.550 - 49.649     0 
49.650 - 49.749     0 
49.750 - 49.849     0 
49.850 - 49.949     0 
49.950 - 50.049     9 #######

Range is zero, cannot produce histogram of thermal zone SEN2
