Running for 86400.0 seconds (86400 samples at 1.0 second intervals).
Power measurements will start in 0 seconds time.

  Time    User  Nice   Sys  Idle    IO  Run Ctxt/s  IRQ/s Fork Exec Exit  Watts  uncore  pkg-0   core   psys   TCPU x86_pk INT340   SEN3 TCPU_P iwlwif acpitz   SEN2
00:37:38   0.0   0.0   0.0  99.9   0.0    1    226    330    0    0    0   5.36    0.00   1.44   0.18   3.75  48.05  48.00  20.00  36.05  48.00  72.00  38.05   0.00
00:37:39   0.0   0.0   0.0 100.0   0.0    1    126     70    0    0    0   1.57    0.00   0.44   0.05   1.08  48.05  48.00  20.00  36.05  48.00  72.00  38.05   0.00
00:37:40   0.0   0.0   0.1  99.8   0.1    2    398    206    9    6    8   5.83    0.00   1.59   0.17   4.07  47.05  47.00  20.00  36.05  47.00  57.00  38.05   0.00
00:37:41  12.5   0.0   0.9  86.6   0.0    5  30030   4629   38    0    0  76.71    0.00  21.84  16.37  38.49  63.05  63.00  20.00  36.05  63.00  57.00  38.05   0.00
00:37:42  15.7   0.0   0.8  83.6   0.0    5  27648   3919    4    0    0  88.17    0.00  25.65  20.10  42.42  65.05  65.00  20.00  36.05  65.00  54.00  38.05   0.00
00:37:43  17.7   0.0   0.4  81.9   0.0    5  21565   3955   29    4   28  90.34    0.00  26.21  20.55  43.58  62.05  62.00  20.00  36.05  62.00  54.00  38.05   0.00
00:37:44  19.6   0.0   1.6  78.8   0.0   19  54287  13147   94    5   41  94.97    0.00  27.58  21.64  45.75  58.05  58.00  20.00  36.05  58.00  65.00  38.05   0.00
00:37:45  18.0   0.0   1.0  81.0   0.0    3  54449  10791   39   46   40  91.18    0.00  26.47  20.52  44.19  54.05  54.00  20.00  36.05  54.00  65.00  38.05   0.00
00:37:46  16.8   0.0   0.8  82.3   0.0    5  44061   6538   47   44   35  98.75    0.00  28.71  22.43  47.61  61.05  61.00  20.00  36.05  61.00  62.00  38.05   0.00
00:37:47  73.9   0.0   1.9  24.2   0.0   17  58487  15433   18    0    0 105.42    0.00  31.25  25.18  48.99  58.05  58.00  20.00  36.05  58.00  62.00  38.05   0.00
00:37:48  71.6   0.0   0.7  27.7   0.0   19  29649   8126    0    0    0 105.74    0.00  31.03  24.86  49.86  56.05  56.00  20.00  36.05  56.00  62.00  38.05   0.00
00:37:49  79.3   0.0   0.8  19.9   0.0   22  15540   7093    0    0    1 103.60    0.00  30.13  23.82  49.64  58.05  58.00  20.00  36.05  58.00  57.00  38.05   0.00
00:37:50  63.0   0.0   0.6  36.3   0.0   10  25697   7160    0    0    1 101.77    0.00  29.46  23.14  49.16  56.05  56.00  20.00  36.05  56.00  56.00  38.05   0.00
00:37:51  54.1   0.0   0.8  45.1   0.0   19  23384   6691    1    0    1 104.37    0.00  30.18  23.81  50.39  61.05  61.00  20.00  36.05  61.00  56.00  38.05   0.00
00:37:52  36.9   0.0   0.2  62.8   0.0    7  19315   4683    0    0    0  98.48    0.00  28.67  22.61  47.20  62.05  62.00  20.00  36.05  62.00  56.00  38.05   0.00
00:37:53  56.5   0.0   0.5  43.0   0.0    5  23036   7336    9    0    0 104.43    0.00  30.74  24.59  49.10  65.05  65.00  20.00  36.05  65.00  56.00  38.05   0.00
00:37:54  92.2   0.0   0.7   7.1   0.0   28  17296   9146   24    0    1 108.15    0.00  32.21  26.25  49.70  56.05  56.00  20.00  36.05  56.00  59.00  38.05   0.00
00:37:55  78.9   0.0   1.0  20.2   0.0   19  14632  39719    0    0    1  99.43    0.00  29.35  23.18  46.90  57.05  57.00  20.00  36.05  57.00  59.00  38.05   0.00
00:37:56  22.5   0.0   0.4  77.0   0.0    9  39584  12146    0    0    0 101.03    0.00  29.53  23.61  47.89  68.05  68.00  20.00  36.05  68.00  58.00  38.05   0.00
00:37:57  71.9   0.0   0.9  27.1   0.0   31  41337   8346    0    0    0 107.47    0.00  31.82  25.52  50.13  56.05  56.00  20.00  36.05  56.00  58.00  38.05   0.00
00:37:58  86.1   0.0   0.4  13.5   0.0   30  13357   7809    0    0    0 100.95    0.00  29.85  23.57  47.52  56.05  56.00  20.00  36.05  56.00  58.00  38.05   0.00
00:37:59  96.8   0.0   0.8   2.3   0.0   30  11442   8528    0    0    1 100.72    0.00  29.77  23.53  47.42  56.05  56.00  20.00  36.05  56.00  60.00  38.05   0.00
00:38:00  96.1   0.0   1.0   2.9   0.0   31  11441   8075    0    0    0 100.81    0.00  29.79  23.51  47.51  55.05  55.00  20.00  36.05  55.00  57.00  38.05   0.00
00:38:01  96.7   0.0   0.6   2.7   0.0   18  12145   8106    0    0    0 100.79    0.00  29.80  23.55  47.45  56.05  56.00  20.00  36.05  56.00  57.00  38.05   0.00
00:38:02  95.8   0.0   0.6   3.6   0.0   28  15083   8429    0    0    0 100.94    0.00  29.83  23.54  47.57  57.05  57.00  20.00  36.05  56.00  57.00  38.05   0.00
00:38:03  95.4   0.0   0.9   3.6   0.0   28  12713   8091    0    0    0 100.70    0.00  29.75  23.45  47.50  58.05  58.00  20.00  36.05  58.00  57.00  39.05   0.00
00:38:04  95.6   0.0   0.8   3.5   0.0   34  11170   7897    0    0    0 101.25    0.00  29.92  23.65  47.67  56.05  56.00  20.00  36.05  56.00  58.00  39.05   0.00
00:38:05  68.2   0.0   0.3  31.4   0.0   27  17452  26292    0    0    0  98.79    0.00  29.16  22.94  46.69  58.05  58.00  20.00  36.05  58.00  58.00  39.05   0.00
00:38:06  29.7   0.0   0.3  70.0   0.0    5   9345   3043    0    0    0  93.24    0.00  27.21  21.45  44.57  69.05  69.00  20.00  37.05  69.00  59.00  39.05   0.00
00:38:07  15.4   0.0   0.2  84.3   0.0    4  11685   2384    0    0    0  88.95    0.00  25.66  19.88  43.42  71.05  71.00  20.00  37.05  71.00  59.00  39.05   0.00
00:38:08  10.7   0.0   0.3  89.0   0.0    3   6482   1838    0    0    2  65.28    0.00  18.89  13.37  33.02  54.05  54.00  20.00  37.05  53.00  59.00  39.05   0.00
-------- ----- ----- ----- ----- ----- ---- ------ ------ ---- ---- ---- ------  ------ ------ ------ ------ ------ ------ ------ ------ ------ ------ ------ ------
 Average  51.2   0.0   0.7  48.1   0.0 15.2 21711.7 8385.7 10.1  3.4  5.2  88.55    0.00  25.93  20.36  42.26  58.28  58.23  20.00  36.15  58.16  59.23  38.24   0.00
 GeoMean   0.0   0.0   0.0  28.4   0.0 10.0 13110.7 5181.3  0.0  0.0  0.0  70.69    0.00  20.56  13.42  34.97  58.01  57.96  20.00  36.15  57.89  59.09  38.24   0.00
  StdDev  34.9   0.0   0.4  35.1   0.0 11.1 15538.1 7582.9 20.3 11.0 12.1  28.94    0.00   8.56   7.08  13.34   5.56   5.56   0.00   0.30   5.59   4.23   0.40   0.00
-------- ----- ----- ----- ----- ----- ---- ------ ------ ---- ---- ---- ------  ------ ------ ------ ------ ------ ------ ------ ------ ------ ------ ------ ------
 Minimum   0.0   0.0   0.0   2.3   0.0  1.0  126.0   70.0  0.0  0.0  0.0   1.57    0.00   0.44   0.05   1.08  47.05  47.00  20.00  36.05  47.00  54.00  38.05   0.00
 Maximum  96.8   0.0   1.9 100.0   0.1 34.0 58487.0 39719.0 94.0 46.0 41.0 108.15    0.00  32.21  26.25  50.39  71.05  71.00  20.00  37.05  71.00  72.00  39.05   0.00
-------- ----- ----- ----- ----- ----- ---- ------ ------ ---- ---- ---- ------  ------ ------ ------ ------ ------ ------ ------ ------ ------ ------ ------ ------
Summary:
CPU:  88.55 Watts on average with standard deviation 28.94 
Note: power read from RAPL domains: uncore, pkg-0, core, psys.
These readings do not cover all the hardware in this device.

Histogram (of 31 power measurements)

  Range (Watts)   Count
  1.567 -  12.225     3 ######
 12.226 -  22.883     0 
 22.884 -  33.542     0 
 33.543 -  44.201     0 
 44.202 -  54.859     0 
 54.860 -  65.518     1 ##
 65.519 -  76.177     0 
 76.178 -  86.836     1 ##
 86.837 -  97.494     6 ############
 97.495 - 108.153    20 ########################################

Histogram (of 31 CPU utilization measurements)

 Range (%CPU)   Count
 0.000 -  9.766     3 #################
 9.767 - 19.533     7 ########################################
19.534 - 29.300     2 ###########
29.301 - 39.067     2 ###########
39.068 - 48.834     0 
48.835 - 58.601     2 ###########
58.602 - 68.368     1 #####
68.369 - 78.135     4 ######################
78.136 - 87.902     3 #################
87.903 - 97.669     7 ########################################

Histogram (of 31 thermal zone TCPU readings)

 Range (°C)    Count
47.050 - 49.449     3 #############
49.450 - 51.849     0 
51.850 - 54.249     2 ########
54.250 - 56.649     9 ########################################
56.650 - 59.049     7 ###############################
59.050 - 61.449     2 ########
61.450 - 63.849     3 #############
63.850 - 66.249     2 ########
66.250 - 68.649     1 ####
68.650 - 71.049     2 ########

Histogram (of 31 thermal zone x86_pkg_temp readings)

 Range (°C)    Count
47.000 - 49.399     3 #############
49.400 - 51.799     0 
51.800 - 54.199     2 ########
54.200 - 56.599     9 ########################################
56.600 - 58.999     7 ###############################
59.000 - 61.399     2 ########
61.400 - 63.799     3 #############
63.800 - 66.199     2 ########
66.200 - 68.599     1 ####
68.600 - 70.999     2 ########

Range is zero, cannot produce histogram of thermal zone INT3400 Thermal

Histogram (of 31 thermal zone SEN3 readings)

 Range (°C)    Count
36.050 - 36.149    28 ########################################
36.150 - 36.249     0 
36.250 - 36.349     0 
36.350 - 36.449     0 
36.450 - 36.549     0 
36.550 - 36.649     0 
36.650 - 36.749     0 
36.750 - 36.849     0 
36.850 - 36.949     0 
36.950 - 37.049     3 ####

Histogram (of 31 thermal zone TCPU_PCI readings)

 Range (°C)    Count
47.000 - 49.399     3 ############
49.400 - 51.799     0 
51.800 - 54.199     2 ########
54.200 - 56.599    10 ########################################
56.600 - 58.999     6 ########################
59.000 - 61.399     2 ########
61.400 - 63.799     3 ############
63.800 - 66.199     2 ########
66.200 - 68.599     1 ####
68.600 - 70.999     2 ########

Histogram (of 31 thermal zone iwlwifi_1 readings)

 Range (°C)    Count
54.000 - 55.799     2 #######
55.800 - 57.599    11 ########################################
57.600 - 59.399    10 ####################################
59.400 - 61.199     1 ###
61.200 - 62.999     3 ##########
63.000 - 64.799     0 
64.800 - 66.599     2 #######
66.600 - 68.399     0 
68.400 - 70.199     0 
70.200 - 71.999     2 #######

Histogram (of 31 thermal zone acpitz readings)

 Range (°C)    Count
38.050 - 38.149    25 ########################################
38.150 - 38.249     0 
38.250 - 38.349     0 
38.350 - 38.449     0 
38.450 - 38.549     0 
38.550 - 38.649     0 
38.650 - 38.749     0 
38.750 - 38.849     0 
38.850 - 38.949     0 
38.950 - 39.049     6 #########

Range is zero, cannot produce histogram of thermal zone SEN2
