Running for 86400.0 seconds (86400 samples at 1.0 second intervals).
Power measurements will start in 0 seconds time.

  Time    User  Nice   Sys  Idle    IO  Run Ctxt/s  IRQ/s Fork Exec Exit  Watts  uncore  pkg-0   core   psys   TCPU x86_pk INT340   SEN3 TCPU_P iwlwif acpitz   SEN2
16:21:57   0.0   0.0   0.0 100.0   0.0    1    351    384    0    0    0   8.63    0.00   2.25   0.22   6.16  60.05  60.00  20.00  47.05  59.00  78.00  49.05   0.00
16:21:58   0.0   0.0   0.1  99.9   0.0    1    445    225    0    0    0   7.78    0.00   1.87   0.13   5.77  60.05  60.00  20.00  47.05  59.00  78.00  49.05   0.00
16:21:59   0.1   0.0   0.2  99.8   0.0    2    575    282   12    6    8   7.80    0.00   1.98   0.19   5.64  58.05  58.00  20.00  47.05  58.00  63.00  49.05   0.00
16:22:00  13.6   0.0   0.8  85.6   0.0    5  36416   5028   36    0    0  77.27    0.01  21.65  15.75  39.86  78.05  78.00  20.00  47.05  78.00  63.00  49.05   0.00
16:22:01  15.4   0.0   0.8  83.8   0.0    5  35037   4624    5    0    1  87.71    0.00  24.83  18.62  44.25  77.05  77.00  20.00  47.05  78.00  63.00  49.05   0.00
16:22:02  17.4   0.0   0.6  82.0   0.0    5  27477   4760   29    4   28  93.50    0.00  26.67  20.50  46.34  76.05  76.00  20.00  47.05  76.00  66.00  49.05   0.00
16:22:03  22.9   0.0   1.6  75.5   0.0   12  76872  15288   94    5   42 107.60    0.00  31.09  24.59  51.91  72.05  72.00  20.00  47.05  73.00  80.00  49.05   0.00
16:22:04  15.3   0.0   1.0  83.7   0.0    3  43420   9422   36   41   38  92.86    0.00  26.58  20.27  46.01  62.05  62.00  20.00  47.05  62.00  80.00  49.05   0.00
16:22:05  23.0   0.0   1.1  75.9   0.0   26  53036   8253   55   33   25 109.84    0.00  31.77  25.06  53.00  72.05  72.00  20.00  47.05  72.00  74.00  49.05   0.00
16:22:06  76.3   0.0   1.9  21.8   0.0   20  49262  14968    1    0    0 105.34    0.00  30.86  24.23  50.25  70.05  70.00  20.00  47.05  70.00  74.00  49.05   0.00
16:22:07  76.2   0.0   0.6  23.2   0.0   17  19655   7329    0    0    0 102.61    0.00  29.82  22.96  49.83  68.05  68.00  20.00  47.05  68.00  67.00  49.05   0.00
16:22:08  75.2   0.0   0.8  23.9   0.0   20  17660   7492    0    0    2 103.15    0.00  30.13  23.43  49.59  68.05  68.00  20.00  47.05  68.00  67.00  49.05   0.00
16:22:09  73.5   0.0   0.6  25.8   0.0   21  23129   7790    0    0    1 102.74    0.00  30.03  23.23  49.48  68.05  68.00  20.00  47.05  68.00  68.00  49.05   0.00
16:22:10  58.1   0.0   0.3  41.6   0.0    8  13193   5738    0    0    0  94.91    0.00  27.53  20.85  46.53  79.05  79.00  20.00  47.05  79.00  68.00  49.05   0.00
16:22:11  39.8   0.0   0.5  59.7   0.0    5  20001   5272    1    0    1 110.28    0.00  32.30  26.00  51.98  79.05  79.00  20.00  47.05  79.00  68.00  49.05   0.00
16:22:12  54.6   0.0   0.5  44.8   0.0    5  21668   6746   10    0    0 105.93    0.00  31.02  24.67  50.23  67.05  67.00  20.00  47.05  67.00  73.00  49.05   0.00
16:22:13  70.3   0.0   0.6  29.1   0.0   29  12023   6842   24    0    1 103.85    0.00  30.29  23.87  49.69  68.05  68.00  20.00  47.05  68.00  70.00  49.05   0.00
16:22:14  98.6   0.0   0.3   1.1   0.0   28   5028   7240    0    0    1 103.36    0.00  30.14  23.66  49.55  67.05  67.00  20.00  47.05  67.00  70.00  49.05   0.00
16:22:15  98.0   0.0   0.4   1.6   0.0   28   5175   7127    0    0    1 101.77    0.00  29.69  23.34  48.74  68.05  69.00  20.00  47.05  69.00  67.00  49.05   0.00
16:22:16  70.3   0.0   0.6  29.0   0.0   28  16484  37558    0    0    0 101.92    0.00  29.85  23.45  48.62  68.05  68.00  20.00  47.05  68.00  67.00  49.05   0.00
16:22:17  87.7   0.0   1.0  11.3   0.0   26  31611   8998    1    0    0 102.90    0.00  30.15  23.66  49.09  68.05  68.00  20.00  47.05  68.00  69.00  49.05   0.00
16:22:18  95.6   0.0   1.2   3.2   0.0   30  11110   7346    3    1    3 103.28    0.00  30.03  23.14  50.11  66.05  66.00  20.00  47.05  66.00  69.00  49.05   0.00
16:22:19  86.3   0.0   0.8  12.9   0.0   29  13661   7823    0    0    0 101.82    0.00  29.87  23.20  48.75  66.05  66.00  20.00  47.05  66.00  68.00  49.05   0.00
16:22:20  96.5   0.0   0.6   2.8   0.0   29  11422   8211    0    0    0 104.24    0.00  30.07  23.13  51.04  66.05  66.00  20.00  47.05  66.00  68.00  49.05   0.00
16:22:21  96.2   0.0   0.7   3.1   0.0   28  11432   7982    0    0    0 104.34    0.00  29.84  22.87  51.64  66.05  66.00  20.00  47.05  67.00  68.00  49.05   0.00
16:22:22  96.2   0.0   0.8   3.0   0.0   28  10833   7953    0    0    0 105.00    0.00  29.87  22.98  52.14  67.05  67.00  20.00  47.05  67.00  68.00  49.05   0.00
16:22:23  95.3   0.0   0.7   3.9   0.0   19  12825   7777    2    0    2 104.69    0.00  29.96  22.93  51.80  67.05  67.00  20.00  47.05  67.00  68.00  49.05   0.00
16:22:24  94.7   0.0   1.1   4.2   0.0   30  11674   7332    0    0    0 104.91    0.00  30.13  23.21  51.57  68.05  68.00  20.00  47.05  68.00  68.00  49.05   0.00
16:22:25  95.2   0.0   0.7   4.1   0.0   27  10410   7430    0    0    0 103.63    0.00  30.09  23.27  50.28  67.05  67.00  20.00  47.05  67.00  69.00  49.05   0.00
16:22:26  96.0   0.0   0.6   3.5   0.0   28   9314   7114    0    0    0 101.89    0.00  29.73  22.93  49.23  67.05  67.00  20.00  47.05  67.00  69.00  49.05   0.00
16:22:27  95.3   0.0   0.6   4.1   0.0   32  10308   7583    0    0    0  98.06    0.00  28.56  21.86  47.64  66.05  66.00  20.00  47.05  66.00  68.00  49.05   0.00
16:22:28  95.7   0.0   0.8   3.5   0.0   28  13802   8055    0    0    0 102.52    0.00  29.96  23.14  49.42  68.05  68.00  20.00  47.05  68.00  68.00  49.05   0.00
16:22:29  94.8   0.0   1.0   4.2   0.0   28  13290   7689    0    0    1 103.77    0.00  30.33  23.46  49.97  68.05  68.00  20.00  47.05  68.00  68.00  49.05   0.00
16:22:30  77.7   0.0   1.3  21.0   0.0    5  11803  36153    0    0    0  97.23    0.00  28.29  21.41  47.53  65.05  65.00  20.00  47.05  65.00  68.00  49.05   0.00
16:22:31  17.4   0.0   0.1  82.5   0.0    5   6347   2081    0    0    0  68.30    0.00  18.80  12.59  36.91  71.05  71.00  20.00  47.05  71.00  68.00  49.05   0.00
16:22:32  17.6   0.0   0.2  82.3   0.0    5   7894   2260    0    0    2  69.54    0.00  19.13  12.89  37.52  71.05  73.00  20.00  47.05  73.00  70.00  49.05   0.00
16:22:33  13.8   0.0   0.1  86.1   0.0    2   5364   1880    0    0    0  60.20    0.00  16.86  10.88  32.47  62.05  62.00  20.00  47.05  61.00  71.00  49.05   0.00
-------- ----- ----- ----- ----- ----- ---- ------ ------ ---- ---- ---- ------  ------ ------ ------ ------ ------ ------ ------ ------ ------ ------ ------ ------
 Average  60.8   0.0   0.7  38.5   0.0 17.5 18378.6 8271.2  8.4  2.4  4.2  90.95    0.00  26.27  20.07  44.61  68.27  68.30  20.00  47.05  68.30  69.43  49.05   0.00
 GeoMean   0.0   0.0   0.0  18.1   0.0 11.9 11744.9 5651.7  0.0  0.0  0.0  79.58    0.00  22.71  14.52  40.29  68.10  68.12  20.00  47.05  68.11  69.32  49.05   0.00
  StdDev  35.8   0.0   0.4  36.0   0.0 11.2 16039.5 7538.1 19.2  8.4 10.5  27.11    0.00   8.04   6.82  12.34   4.86   4.90   0.00   0.00   5.10   4.08   0.00   0.00
-------- ----- ----- ----- ----- ----- ---- ------ ------ ---- ---- ---- ------  ------ ------ ------ ------ ------ ------ ------ ------ ------ ------ ------ ------
 Minimum   0.0   0.0   0.0   1.1   0.0  1.0  351.0  225.0  0.0  0.0  0.0   7.78    0.00   1.87   0.13   5.64  58.05  58.00  20.00  47.05  58.00  63.00  49.05   0.00
 Maximum  98.6   0.0   1.9 100.0   0.0 32.0 76872.0 37558.0 94.0 41.0 42.0 110.28    0.01  32.30  26.00  53.00  79.05  79.00  20.00  47.05  79.00  80.00  49.05   0.00
-------- ----- ----- ----- ----- ----- ---- ------ ------ ---- ---- ---- ------  ------ ------ ------ ------ ------ ------ ------ ------ ------ ------ ------ ------
Summary:
CPU:  90.95 Watts on average with standard deviation 27.11 
Note: power read from RAPL domains: uncore, pkg-0, core, psys.
These readings do not cover all the hardware in this device.

Histogram (of 37 power measurements)

  Range (Watts)   Count
  7.779 -  18.028     3 #####
 18.029 -  28.279     0 
 28.280 -  38.529     0 
 38.530 -  48.779     0 
 48.780 -  59.029     0 
 59.030 -  69.279     2 ###
 69.280 -  79.529     2 ###
 79.530 -  89.780     1 #
 89.781 - 100.030     5 ########
100.031 - 110.280    24 ########################################

Histogram (of 37 CPU utilization measurements)

 Range (%CPU)   Count
 0.000 -  9.886     3 #########
 9.887 - 19.773     7 #####################
19.774 - 29.660     2 ######
29.661 - 39.547     0 
39.548 - 49.433     1 ###
49.434 - 59.320     2 ######
59.321 - 69.207     0 
69.208 - 79.094     7 #####################
79.095 - 88.981     2 ######
88.982 - 98.868    13 ########################################

Histogram (of 37 thermal zone TCPU readings)

 Range (째C)    Count
58.050 - 60.149     3 #######
60.150 - 62.249     2 #####
62.250 - 64.349     0 
64.350 - 66.449     6 ###############
66.450 - 68.549    16 ########################################
68.550 - 70.649     1 ##
70.650 - 72.749     4 ##########
72.750 - 74.849     0 
74.850 - 76.949     1 ##
76.950 - 79.049     4 ##########

Histogram (of 37 thermal zone x86_pkg_temp readings)

 Range (째C)    Count
58.000 - 60.099     3 ########
60.100 - 62.199     2 #####
62.200 - 64.299     0 
64.300 - 66.399     6 ################
66.400 - 68.499    15 ########################################
68.500 - 70.599     2 #####
70.600 - 72.699     3 ########
72.700 - 74.799     1 ##
74.800 - 76.899     1 ##
76.900 - 78.999     4 ##########

Range is zero, cannot produce histogram of thermal zone INT3400 Thermal

Range is zero, cannot produce histogram of thermal zone SEN3

Histogram (of 37 thermal zone TCPU_PCI readings)

 Range (째C)    Count
58.000 - 60.099     3 #######
60.100 - 62.199     2 #####
62.200 - 64.299     0 
64.300 - 66.399     5 ############
66.400 - 68.499    16 ########################################
68.500 - 70.599     2 #####
70.600 - 72.699     2 #####
72.700 - 74.799     2 #####
74.800 - 76.899     1 ##
76.900 - 78.999     4 ##########

Histogram (of 37 thermal zone iwlwifi_1 readings)

 Range (째C)    Count
63.000 - 64.699     3 ######
64.700 - 66.399     1 ##
66.400 - 68.099    18 ########################################
68.100 - 69.799     4 ########
69.800 - 71.499     4 ########
71.500 - 73.199     1 ##
73.200 - 74.899     2 ####
74.900 - 76.599     0 
76.600 - 78.299     2 ####
78.300 - 79.999     2 ####

Range is zero, cannot produce histogram of thermal zone acpitz

Range is zero, cannot produce histogram of thermal zone SEN2
