Running for 86400.0 seconds (86400 samples at 1.0 second intervals).
Power measurements will start in 0 seconds time.

  Time    User  Nice   Sys  Idle    IO  Run Ctxt/s  IRQ/s Fork Exec Exit  Watts  uncore  pkg-0   core   psys   TCPU iwlwif INT340   SEN3 TCPU_P x86_pk acpitz   SEN2
13:01:52   0.0   0.0   0.0  99.9   0.0    1    200    282    0    0    0   7.75    0.00   2.00   0.23   5.52  59.05  20.00  47.05  59.00  59.00  67.00  49.05   0.00
13:01:53   0.0   0.0   0.0  99.9   0.0    1    146     91    0    0    0   2.05    0.00   0.59   0.09   1.37  59.05  20.00  47.05  59.00  59.00  67.00  49.05   0.00
13:01:54   0.0   0.0   0.1  99.9   0.0    3    363    180   14    6    8   3.26    0.00   0.94   0.21   2.11  57.05  20.00  47.05  57.00  57.00  61.00  49.05   0.00
13:01:55  16.7   0.0   1.0  82.3   0.0    5  57258   7018   39    0    0 107.26    0.00  31.60  25.83  49.83  78.05  20.00  47.05  78.00  78.00  60.00  49.05   0.00
13:01:56  19.6   0.0   0.7  79.7   0.0    3  45009   6647   51    7   28  98.47    0.00  28.72  22.50  47.25  69.05  20.00  47.05  69.00  69.00  60.00  49.05   0.00
13:01:57  23.7   0.0   1.8  74.6   0.0    6  86165  17688   75    2   52 101.93    0.00  29.72  23.38  48.82  71.05  20.00  47.05  71.00  71.00  60.00  49.05   0.00
13:01:58  15.3   0.0   0.8  83.9   0.0    5  40888   8991   50   61   43  83.44    0.00  23.79  17.31  42.34  67.05  20.00  47.05  67.00  67.00  74.00  49.05   0.00
13:01:59  22.9   0.0   0.7  76.4   0.0   23  63524   8623   56   29   25 109.30    0.00  32.14  25.69  51.46  70.05  20.00  47.05  70.00  70.00  74.00  48.05   0.00
13:02:00  75.7   0.0   1.8  22.5   0.0   20  52657  15456    0    0    0 102.52    0.00  30.33  23.93  48.26  70.05  20.00  47.05  70.00  70.00  70.00  48.05   0.00
13:02:01  67.7   0.0   0.6  31.7   0.0   15  23505   7383    0    0    1 101.41    0.00  29.90  23.43  48.08  68.05  20.00  47.05  68.00  68.00  70.00  48.05   0.00
13:02:02  78.7   0.0   0.8  20.4   0.1   21  16378   7101    0    0    1 104.13    0.00  30.57  23.70  49.87  68.05  20.00  47.05  68.00  68.00  68.00  48.05   0.00
13:02:03  68.4   0.0   1.1  30.5   0.0   15  37149   8756    0    0    1  99.60    0.00  29.26  22.64  47.70  68.05  20.00  47.05  68.00  68.00  68.00  48.05   0.00
13:02:04  72.9   0.0   0.8  26.3   0.0   10  17381   7018    0    0    0 101.69    0.00  29.92  23.17  48.60  69.05  20.00  47.05  69.00  69.00  68.00  48.05   0.00
13:02:05  39.1   0.0   0.6  60.3   0.0    5  16599   5250    1    0    1  98.78    0.00  28.80  22.47  47.51  74.05  20.00  47.05  74.00  74.00  69.00  48.05   0.00
13:02:06  39.8   0.0   0.5  59.8   0.0   30  29972   6812    9    0    3 108.23    0.00  31.87  25.80  50.56  73.05  20.00  47.05  73.00  73.00  70.00  48.05   0.00
13:02:07  81.9   0.0   0.6  17.5   0.0   29  21290   9117   24    0    0 106.49    0.00  31.27  24.53  50.68  68.05  20.00  47.05  68.00  68.00  70.00  48.05   0.00
13:02:08  98.7   0.0   0.4   1.0   0.0   28   6346   7546    0    0    0 101.37    0.00  30.00  23.85  47.51  71.05  20.00  47.05  71.00  71.00  73.00  48.05   0.00
13:02:09  87.3   0.0   0.4  12.3   0.0   28   6777   6920    0    0    0 100.23    0.00  29.57  23.42  47.24  67.05  20.00  47.05  67.00  67.00  73.00  49.05   0.00
13:02:10  73.3   0.0   1.1  25.6   0.0   26  39572  50101    0    0    0 105.20    0.00  31.15  24.93  49.12  69.05  20.00  47.05  69.00  69.00  69.00  49.05   0.00
13:02:11  95.4   0.0   1.1   3.5   0.0   31  12696   7434    0    0    1 101.95    0.00  30.05  23.58  48.32  68.05  20.00  47.05  68.00  68.00  69.00  49.05   0.00
13:02:12  84.4   0.0   0.8  14.8   0.0   29  13471   7911    0    0    0  99.41    0.00  29.27  22.64  47.50  69.05  20.00  47.05  70.00  70.00  69.00  49.05   0.00
13:02:13  96.2   0.0   1.0   2.9   0.0   28  15004   9070    0    0    0 102.77    0.00  30.38  23.85  48.54  68.05  20.00  47.05  68.00  68.00  69.00  49.05   0.00
13:02:14  95.7   0.0   1.1   3.3   0.0   29  13772   8054    0    0    0 100.96    0.00  29.82  23.23  47.91  71.05  20.00  47.05  71.00  69.00  69.00  49.05   0.00
13:02:15  95.2   0.0   0.9   4.0   0.0   27  13942   8045    0    0    0 101.32    0.00  29.89  23.29  48.13  68.05  20.00  47.05  68.00  68.00  68.00  49.05   0.00
13:02:16  95.9   0.0   0.5   3.6   0.0   27  13077   8199    0    0    0 101.20    0.00  29.79  23.19  48.22  68.05  20.00  47.05  68.00  68.00  69.00  49.05   0.00
13:02:17  92.2   0.0   1.0   6.8   0.0   27  12731   7779    0    0    0  99.90    0.00  29.36  22.81  47.74  68.05  20.00  47.05  68.00  68.00  69.00  49.05   0.00
13:02:18  95.2   0.0   0.9   3.9   0.0   35  12476   8023    0    0    1 102.41    0.00  30.20  23.64  48.58  68.05  20.00  47.05  68.00  68.00  68.00  49.05   0.00
13:02:19  93.2   0.0   0.8   6.1   0.0   18  12569  23847    0    0    0 100.85    0.00  29.63  23.00  48.22  66.05  20.00  47.05  66.00  66.00  68.00  49.05   0.00
13:02:20  82.2   0.0   1.1  16.7   0.0   24  40717  12975    0    0    0 101.19    0.00  29.88  23.28  48.03  69.05  20.00  47.05  69.00  69.00  69.00  49.05   0.00
13:02:21  96.3   0.0   0.6   3.1   0.0   19   9755   7708    0    0    0 104.22    0.00  30.67  23.94  49.61  68.05  20.00  47.05  68.00  68.00  69.00  49.05   0.00
13:02:22  96.1   0.0   0.6   3.2   0.0   36   8855   7435    0    0    0 106.70    0.00  31.12  24.03  51.56  68.05  20.00  47.05  68.00  68.00  69.00  49.05   0.00
13:02:23  96.1   0.0   0.4   3.5   0.0   20   9979   7388    0    0    0 107.21    0.00  31.06  24.26  51.89  68.05  20.00  47.05  68.00  68.00  69.00  49.05   0.00
13:02:24  95.1   0.0   0.8   4.2   0.0   27   8926   7497    0    0    2 106.72    0.00  30.91  24.12  51.69  69.05  20.00  47.05  69.00  69.00  69.00  49.05   0.00
13:02:25  96.8   0.0   0.5   2.7   0.0   27   6593   7238    0    0    0 107.81    0.00  31.30  24.47  52.05  70.05  20.00  47.05  70.00  70.00  69.00  49.05   0.00
13:02:26  96.3   0.0   0.4   3.3   0.0   26   9016   7300    0    0    0 102.84    0.00  30.13  23.48  49.23  72.05  20.00  47.05  72.00  72.00  70.00  49.05   0.00
13:02:27  74.9   0.0   0.8  24.3   0.0   27  14731  19713    0    0    0  91.59    0.00  26.96  20.53  44.11  70.05  20.00  47.05  70.00  70.00  70.00  49.05   0.00
13:02:28  94.0   0.0   1.3   4.8   0.0   19  35639   9082    0    0    1 102.69    0.00  30.21  23.54  48.94  67.05  20.00  47.05  67.00  67.00  69.00  49.05   0.00
13:02:29  95.1   0.0   0.9   4.0   0.0    4  18925   8356    0    0    0 107.24    0.00  31.59  24.78  50.87  69.05  20.00  47.05  69.00  69.00  69.00  49.05   0.00
13:02:30  95.7   0.0   0.8   3.5   0.0   28  14620   7502    0    0    0 108.25    0.00  31.91  25.11  51.23  71.05  20.00  47.05  71.00  71.00  70.00  49.05   0.00
13:02:31  94.4   0.0   1.2   4.5   0.0   28  20598   8920    0    0    0 107.12    0.00  31.53  24.71  50.88  71.05  20.00  47.05  69.00  69.00  70.00  49.05   0.00
13:02:32  76.6   0.0   1.2  22.2   0.0    5  19342   7458    0    0    0  93.98    0.00  27.38  20.82  45.78  69.05  20.00  47.05  69.00  69.00  70.00  49.05   0.00
13:02:33  17.5   0.0   0.2  82.3   0.0    2   5692   1807    0    0    0 100.80    0.00  29.49  23.78  47.53  72.05  20.00  47.05  72.00  72.00  70.00  49.05   0.00
13:02:34  17.3   0.0   0.2  82.5   0.0    4   9493   2330    1    0    1 103.64    0.00  30.30  24.41  48.93  79.05  20.00  47.05  78.00  78.00  70.00  49.05   0.00
13:02:35   5.8   0.0   0.0  94.2   0.0    2    712    791    0    0    0  63.81    0.00  18.94  13.76  31.10  77.05  20.00  47.05  77.00  77.00  74.00  49.05   0.00
13:02:36  33.0   0.0   0.4  66.6   0.0    3   4881  27020    0    0    3  84.66    0.00  25.21  19.48  39.97  74.05  20.00  47.05  74.00  74.00  79.00  49.05   0.00
13:02:37  10.1   0.0   0.2  89.6   0.0    3   2831   2645    3    0    1  84.59    0.00  24.34  18.62  41.63  74.05  20.00  47.05  74.00  74.00  79.00  49.05   0.00
13:02:38   4.5   0.0   0.0  95.4   0.0    2    993    736    0    0    2  53.35    0.00  15.79  10.39  27.17  72.05  20.00  47.05  72.00  72.00  77.00  49.05   0.00
13:02:39   5.8   0.0   0.2  94.0   0.0    3   1445   1146    2    0    0  59.61    0.00  17.63  12.37  29.61  80.05  20.00  47.05  80.00  80.00  77.00  49.05   0.00
13:02:40   3.8   0.0   1.3  95.0   0.0    1   3366   2982   10    4  160  43.25    0.00  12.62   8.21  22.42  60.05  20.00  47.05  60.00  60.00  72.00  49.05   0.00
-------- ----- ----- ----- ----- ----- ---- ------ ------ ---- ---- ---- ------  ------ ------ ------ ------ ------ ------ ------ ------ ------ ------ ------ ------
 Average  61.5   0.0   0.7  37.8   0.0 17.0 18939.3 8721.9  6.8  2.2  6.8  91.74    0.00  26.93  20.91  43.90  69.40  20.00  47.05  69.31  69.27  69.57  48.85   0.00
 GeoMean   0.0   0.0   0.0  17.5   0.0 11.0 10339.5 5613.3  0.0  0.0  0.0  78.65    0.00  23.01  16.12  38.49  69.25  20.00  47.05  69.16  69.12  69.46  48.84   0.00
  StdDev  36.8   0.0   0.4  37.0   0.0 11.5 18168.9 8024.7 16.9  9.5 24.5  26.37    0.00   7.76   6.47  12.17   4.43   0.00   0.00   4.38   4.37   3.94   0.40   0.00
-------- ----- ----- ----- ----- ----- ---- ------ ------ ---- ---- ---- ------  ------ ------ ------ ------ ------ ------ ------ ------ ------ ------ ------ ------
 Minimum   0.0   0.0   0.0   1.0   0.0  1.0  146.0   91.0  0.0  0.0  0.0   2.05    0.00   0.59   0.09   1.37  57.05  20.00  47.05  57.00  57.00  60.00  48.05   0.00
 Maximum  98.7   0.0   1.8  99.9   0.1 36.0 86165.0 50101.0 75.0 61.0 160.0 109.30    0.00  32.14  25.83  52.05  80.05  20.00  47.05  80.00  80.00  79.00  49.05   0.00
-------- ----- ----- ----- ----- ----- ---- ------ ------ ---- ---- ---- ------  ------ ------ ------ ------ ------ ------ ------ ------ ------ ------ ------ ------
Summary:
CPU:  91.74 Watts on average with standard deviation 26.37 
Note: power read from RAPL domains: uncore, pkg-0, core, psys.
These readings do not cover all the hardware in this device.

Histogram (of 49 power measurements)

  Range (Watts)   Count
  2.047 -  12.771     3 ###
 12.772 -  23.497     0 
 23.498 -  34.222     0 
 34.223 -  44.947     1 #
 44.948 -  55.672     1 #
 55.673 -  66.398     2 ##
 66.399 -  77.123     0 
 77.124 -  87.848     3 ###
 87.849 -  98.574     3 ###
 98.575 - 109.299    36 ########################################

Histogram (of 49 CPU utilization measurements)

 Range (%CPU)   Count
 0.083 -  9.978     7 ##############
 9.979 - 19.873     5 ##########
19.874 - 29.769     3 ######
29.770 - 39.665     1 ##
39.666 - 49.560     2 ####
49.561 - 59.456     0 
59.457 - 69.351     1 ##
69.352 - 79.247     6 ############
79.248 - 89.142     5 ##########
89.143 - 99.038    19 ########################################

Histogram (of 49 thermal zone TCPU readings)

 Range (°C)    Count
57.050 - 59.349     3 #######
59.350 - 61.649     1 ##
61.650 - 63.949     0 
63.950 - 66.249     1 ##
66.250 - 68.549    16 ########################################
68.550 - 70.849    12 ##############################
70.850 - 73.149     9 ######################
73.150 - 75.449     3 #######
75.450 - 77.749     1 ##
77.750 - 80.049     3 #######

Range is zero, cannot produce histogram of thermal zone iwlwifi_1

Range is zero, cannot produce histogram of thermal zone INT3400 Thermal

Histogram (of 49 thermal zone SEN3 readings)

 Range (°C)    Count
57.000 - 59.299     3 #######
59.300 - 61.599     1 ##
61.600 - 63.899     0 
63.900 - 66.199     1 ##
66.200 - 68.499    16 ########################################
68.500 - 70.799    13 ################################
70.800 - 73.099     8 ####################
73.100 - 75.399     3 #######
75.400 - 77.699     1 ##
77.700 - 79.999     3 #######

Histogram (of 49 thermal zone TCPU_PCI readings)

 Range (°C)    Count
57.000 - 59.299     3 #######
59.300 - 61.599     1 ##
61.600 - 63.899     0 
63.900 - 66.199     1 ##
66.200 - 68.499    16 ########################################
68.500 - 70.799    14 ###################################
70.800 - 73.099     7 #################
73.100 - 75.399     3 #######
75.400 - 77.699     1 ##
77.700 - 79.999     3 #######

Histogram (of 49 thermal zone x86_pkg_temp readings)

 Range (°C)    Count
60.000 - 61.899     4 #######
61.900 - 63.799     0 
63.800 - 65.699     0 
65.700 - 67.599     2 ###
67.600 - 69.499    22 ########################################
69.500 - 71.399    11 ####################
71.400 - 73.299     3 #####
73.300 - 75.199     3 #####
75.200 - 77.099     2 ###
77.100 - 78.999     2 ###

Histogram (of 49 thermal zone acpitz readings)

 Range (°C)    Count
48.050 - 48.149    10 ##########
48.150 - 48.249     0 
48.250 - 48.349     0 
48.350 - 48.449     0 
48.450 - 48.549     0 
48.550 - 48.649     0 
48.650 - 48.749     0 
48.750 - 48.849     0 
48.850 - 48.949     0 
48.950 - 49.049    39 ########################################

Range is zero, cannot produce histogram of thermal zone SEN2
