Running for 86400.0 seconds (86400 samples at 1.0 second intervals).
Power measurements will start in 0 seconds time.

  Time    User  Nice   Sys  Idle    IO  Run Ctxt/s  IRQ/s Fork Exec Exit  Watts  uncore  pkg-0   core   psys   TCPU x86_pk INT340   SEN3 TCPU_P iwlwif acpitz   SEN2
04:50:57   0.0   0.0   0.0 100.0   0.0    1    177    278    0    0    0   4.46    0.00   1.20   0.20   3.07  61.05  61.00  20.00  47.05  61.00  72.00  49.05   0.00
04:50:58   0.0   0.0   0.0 100.0   0.0    1    196     98    0    0    0   2.06    0.00   0.56   0.09   1.41  59.05  60.00  20.00  47.05  61.00  69.00  49.05   0.00
04:50:59   0.0   0.0   0.2  99.8   0.0    3    385    166   14    6    8   3.18    0.00   0.92   0.22   2.03  58.05  58.00  20.00  47.05  58.00  65.00  49.05   0.00
04:51:00  17.9   0.0   1.0  81.1   0.0    9  62555   7290   40    0    0 103.98    0.00  30.48  24.58  48.91  81.05  81.00  20.00  48.05  81.00  65.00  49.05   0.00
04:51:01  19.5   0.0   0.6  79.9   0.0    5  53670   7056   40    7   28 104.85    0.00  30.67  24.58  49.60  73.05  73.00  20.00  48.05  73.00  79.00  49.05   0.00
04:51:02  14.4   0.0   1.3  84.2   0.0   12  38879   8765   83    2   41  77.30    0.00  22.09  15.95  39.26  74.05  74.00  20.00  48.05  74.00  79.00  49.05   0.00
04:51:03  22.3   0.0   1.4  76.2   0.0    2  92735  17179   29   32   29  94.21    0.00  27.37  21.17  45.67  63.05  63.00  20.00  48.05  63.00  68.00  49.05   0.00
04:51:04  16.6   0.0   1.0  82.4   0.0    9  45884   6577   45   42   34  96.18    0.00  27.72  21.08  47.38  76.05  76.00  20.00  48.05  76.00  68.00  49.05   0.00
04:51:05  76.7   0.0   1.9  21.4   0.0   19  63140  11560   18    0    0 111.55    0.00  33.08  26.56  51.91  68.05  68.00  20.00  48.05  68.00  75.00  49.05   0.00
04:51:06  65.0   0.0   0.5  34.5   0.0   17  27816  12160    0    0    3 101.90    0.00  30.04  23.57  48.29  70.05  70.00  20.00  48.05  70.00  75.00  49.05   0.00
04:51:07  73.9   0.0   0.9  25.1   0.0   20  31325   8299    0    0    0 103.28    0.00  30.33  23.46  49.50  66.05  66.00  20.00  48.05  66.00  75.00  49.05   0.00
04:51:08  75.5   0.0   1.0  23.4   0.0   19  20241   7435    0    0    1 100.52    0.00  29.62  22.92  47.99  70.05  70.00  20.00  48.05  70.00  69.00  49.05   0.00
04:51:09  65.8   0.0   0.6  33.6   0.0    5  18625   6905    0    0    0  98.80    0.00  29.00  22.39  47.41  76.05  76.00  20.00  48.05  76.00  69.00  49.05   0.00
04:51:10  38.4   0.0   0.2  61.3   0.0    5  19562   5447    1    0    1 103.83    0.00  30.33  24.00  49.50  85.05  85.00  20.00  48.05  85.00  69.00  49.05   0.00
04:51:11  63.0   0.0   1.2  35.8   0.0    5  20840   7577    9    0    3 100.13    0.00  29.46  23.20  47.47  80.05  80.00  20.00  48.05  80.00  76.00  49.05   0.00
04:51:12  92.4   0.0   0.5   7.0   0.0   28  14206   8534   24    0    0 109.32    0.00  32.33  25.93  51.06  66.05  66.00  20.00  48.05  66.00  76.00  49.05   0.00
04:51:13  98.4   0.0   0.3   1.4   0.0   27   5409   7421    0    0    2 102.23    0.00  30.20  24.00  48.03  68.05  68.00  20.00  48.05  68.00  69.00  49.05   0.00
04:51:14  98.2   0.0   0.5   1.3   0.0   28   4907   7031    0    0    0 100.97    0.00  29.77  23.58  47.62  72.05  72.00  20.00  48.05  72.00  69.00  49.05   0.00
04:51:15  62.6   0.0   0.5  36.9   0.0   22  35294  41835    1    0    0 103.76    0.00  30.62  24.18  48.96  71.05  71.00  20.00  47.05  71.00  70.00  49.05   0.00
04:51:16  91.5   0.0   0.6   7.9   0.0   27  15344   7012    0    0    0 103.21    0.00  30.43  24.05  48.73  68.05  68.00  20.00  47.05  68.00  70.00  49.05   0.00
04:51:17  96.4   0.0   0.6   3.0   0.0   33  11035   7401    0    0    0 101.12    0.00  29.80  23.32  47.99  68.05  68.00  20.00  47.05  68.00  70.00  49.05   0.00
04:51:18  85.1   0.0   1.0  13.9   0.0   28  17592   8665    0    0    0 100.19    0.00  29.62  23.20  47.37  67.05  67.00  20.00  47.05  67.00  69.00  49.05   0.00
04:51:19  97.2   0.0   0.7   2.1   0.0   29  10418   8385    0    0    0 100.58    0.00  29.68  23.17  47.73  68.05  68.00  20.00  47.05  68.00  68.00  49.05   0.00
04:51:20  96.5   0.0   1.0   2.5   0.0   30  11440   8568    0    0    0 100.82    0.00  29.74  23.19  47.89  68.05  68.00  20.00  48.05  68.00  68.00  49.05   0.00
04:51:21  96.7   0.0   0.4   2.9   0.0   27  10557   7605    0    0    0 100.64    0.00  29.63  23.07  47.94  68.05  68.00  20.00  48.05  68.00  68.00  49.05   0.00
04:51:22  95.8   0.0   0.9   3.2   0.0   29  11507   7563    0    0    0 101.04    0.00  29.75  23.16  48.12  69.05  69.00  20.00  48.05  69.00  69.00  49.05   0.00
04:51:23  95.6   0.0   0.7   3.8   0.0   28  11525   7513    0    0    0 101.90    0.00  29.69  23.01  49.19  68.05  68.00  20.00  48.05  68.00  69.00  49.05   0.00
04:51:24  95.4   0.0   0.8   3.8   0.0   28  11038   7529    0    0    0 105.12    0.00  30.32  23.43  51.37  68.05  68.00  20.00  48.05  68.00  69.00  49.05   0.00
04:51:25  95.3   0.0   0.7   4.0   0.0    3   9888   7078    0    0    0 104.27    0.00  30.18  23.48  50.61  68.05  68.00  20.00  48.05  68.00  69.00  49.05   0.00
04:51:26  94.9   0.0   0.7   4.4   0.0   33  10765   7417    0    0    0 102.62    0.00  29.81  23.12  49.70  68.05  68.00  20.00  47.05  68.00  69.00  49.05   0.00
04:51:27  95.5   0.0   0.8   3.7   0.0   27  10678   7335    1    0    1  97.09    0.00  28.29  21.60  47.20  68.05  67.00  20.00  47.05  67.00  69.00  49.05   0.00
04:51:28  96.0   0.0   0.8   3.2   0.0   28  17739   8064    0    0    0 100.90    0.00  29.70  23.05  48.15  68.05  68.00  20.00  47.05  68.00  69.00  49.05   0.00
04:51:29  75.3   0.0   0.5  24.3   0.0    2  12776  34167    0    0    0  95.02    0.00  27.78  21.28  45.96  65.05  65.00  20.00  47.05  65.00  69.00  49.05   0.00
04:51:30  17.7   0.0   0.2  82.0   0.0    5   8194   3020    0    0    1  93.32    0.00  27.12  21.09  45.12  81.05  81.00  20.00  47.05  81.00  69.00  49.05   0.00
04:51:31  18.3   0.0   0.0  81.6   0.0    5  11554   2597    0    0    0 105.02    0.00  30.59  24.35  50.07  83.05  83.00  20.00  48.05  83.00  69.00  49.05   0.00
-------- ----- ----- ----- ----- ----- ---- ------ ------ ---- ---- ---- ------  ------ ------ ------ ------ ------ ------ ------ ------ ------ ------ ------ ------
 Average  64.1   0.0   0.7  35.2   0.0 17.1 21368.5 8900.9  8.7  2.5  4.3  92.44    0.00  27.08  21.12  44.23  70.05  70.00  20.00  47.68  70.03  70.29  49.05   0.00
 GeoMean   0.0   0.0   0.0  15.4   0.0 11.4 12220.4 5895.2  0.0  0.0  0.0  74.63    0.00  21.76  15.00  36.74  69.78  69.74  20.00  47.68  69.77  70.21  49.05   0.00
  StdDev  35.4   0.0   0.4  35.5   0.0 11.3 20182.0 7876.4 18.1  8.7 10.5  27.85    0.00   8.20   6.63  13.05   6.22   6.18   0.00   0.48   6.13   3.37   0.00   0.00
-------- ----- ----- ----- ----- ----- ---- ------ ------ ---- ---- ---- ------  ------ ------ ------ ------ ------ ------ ------ ------ ------ ------ ------ ------
 Minimum   0.0   0.0   0.0   1.3   0.0  1.0  177.0   98.0  0.0  0.0  0.0   2.06    0.00   0.56   0.09   1.41  58.05  58.00  20.00  47.05  58.00  65.00  49.05   0.00
 Maximum  98.4   0.0   1.9 100.0   0.0 33.0 92735.0 41835.0 83.0 42.0 41.0 111.55    0.00  33.08  26.56  51.91  85.05  85.00  20.00  48.05  85.00  79.00  49.05   0.00
-------- ----- ----- ----- ----- ----- ---- ------ ------ ---- ---- ---- ------  ------ ------ ------ ------ ------ ------ ------ ------ ------ ------ ------ ------
Summary:
CPU:  92.44 Watts on average with standard deviation 27.85 
Note: power read from RAPL domains: uncore, pkg-0, core, psys.
These readings do not cover all the hardware in this device.

Histogram (of 35 power measurements)

  Range (Watts)   Count
  2.056 -  13.004     3 #####
 13.005 -  23.953     0 
 23.954 -  34.902     0 
 34.903 -  45.851     0 
 45.852 -  56.800     0 
 56.801 -  67.749     0 
 67.750 -  78.699     1 #
 78.700 -  89.648     0 
 89.649 - 100.597    10 ###################
100.598 - 111.546    21 ########################################

Histogram (of 35 CPU utilization measurements)

 Range (%CPU)   Count
 0.000 -  9.869     3 ########
 9.870 - 19.739     5 #############
19.740 - 29.609     2 #####
29.610 - 39.478     1 ##
39.479 - 49.348     0 
49.349 - 59.218     0 
59.219 - 69.088     4 ##########
69.089 - 78.958     4 ##########
78.959 - 88.828     1 ##
88.829 - 98.698    15 ########################################

Histogram (of 35 thermal zone TCPU readings)

 Range (°C)    Count
58.050 - 60.749     2 #####
60.750 - 63.449     2 #####
63.450 - 66.149     3 ########
66.150 - 68.849    14 ########################################
68.850 - 71.549     4 ###########
71.550 - 74.249     3 ########
74.250 - 76.949     2 #####
76.950 - 79.649     0 
79.650 - 82.349     3 ########
82.350 - 85.049     2 #####

Histogram (of 35 thermal zone x86_pkg_temp readings)

 Range (°C)    Count
58.000 - 60.699     2 #####
60.700 - 63.399     2 #####
63.400 - 66.099     3 ########
66.100 - 68.799    14 ########################################
68.800 - 71.499     4 ###########
71.500 - 74.199     3 ########
74.200 - 76.899     2 #####
76.900 - 79.599     0 
79.600 - 82.299     3 ########
82.300 - 84.999     2 #####

Range is zero, cannot produce histogram of thermal zone INT3400 Thermal

Histogram (of 35 thermal zone SEN3 readings)

 Range (°C)    Count
47.050 - 47.149    13 #######################
47.150 - 47.249     0 
47.250 - 47.349     0 
47.350 - 47.449     0 
47.450 - 47.549     0 
47.550 - 47.649     0 
47.650 - 47.749     0 
47.750 - 47.849     0 
47.850 - 47.949     0 
47.950 - 48.049    22 ########################################

Histogram (of 35 thermal zone TCPU_PCI readings)

 Range (°C)    Count
58.000 - 60.699     1 ##
60.700 - 63.399     3 ########
63.400 - 66.099     3 ########
66.100 - 68.799    14 ########################################
68.800 - 71.499     4 ###########
71.500 - 74.199     3 ########
74.200 - 76.899     2 #####
76.900 - 79.599     0 
79.600 - 82.299     3 ########
82.300 - 84.999     2 #####

Histogram (of 35 thermal zone iwlwifi_1 readings)

 Range (°C)    Count
65.000 - 66.399     2 ###
66.400 - 67.799     0 
67.800 - 69.199    22 ########################################
69.200 - 70.599     3 #####
70.600 - 71.999     1 #
72.000 - 73.399     0 
73.400 - 74.799     0 
74.800 - 76.199     5 #########
76.200 - 77.599     0 
77.600 - 78.999     2 ###

Range is zero, cannot produce histogram of thermal zone acpitz

Range is zero, cannot produce histogram of thermal zone SEN2
