Running for 86400.0 seconds (86400 samples at 1.0 second intervals).
Power measurements will start in 0 seconds time.

  Time    User  Nice   Sys  Idle    IO  Run Ctxt/s  IRQ/s Fork Exec Exit  Watts  uncore  pkg-0   core   psys   TCPU x86_pk INT340   SEN3 TCPU_P iwlwif acpitz   SEN2
21:22:39   0.0   0.0   0.0 100.0   0.0    1    257    360    0    0    0   8.86    0.00   2.03   0.17   6.66  58.05  58.00  20.00  46.05  58.00  73.00  48.05   0.00
21:22:40   0.0   0.0   0.0 100.0   0.0    1    264    138    0    0    0   7.54    0.00   1.69   0.08   5.76  58.05  58.00  20.00  46.05  58.00  63.00  48.05   0.00
21:22:41   0.1   0.0   0.1  99.8   0.0    2    650    178   14    6    8   8.30    0.00   1.90   0.20   6.19  58.05  58.00  20.00  46.05  58.00  63.00  48.05   0.00
21:22:42  17.9   0.0   1.2  81.0   0.0    5  42166   5949   43    4    4 105.03    0.00  29.69  23.32  52.02  70.05  70.00  20.00  46.05  70.00  60.00  48.05   0.00
21:22:43  11.6   0.0   1.0  87.4   0.0    6  27647   5843   86    5   44  75.50    0.00  20.22  13.66  41.62  75.05  75.00  20.00  46.05  75.00  60.00  48.05   0.00
21:22:44  22.6   0.0   1.6  75.7   0.0    6  66173  14042   18    0    9  97.11    0.00  27.48  21.13  48.50  82.05  82.00  20.00  46.05  82.00  60.00  48.05   0.00
21:22:45  16.2   0.0   1.2  82.7   0.0    5  66356  11461   56   74   55 102.70    0.00  28.81  21.77  52.12  87.05  87.00  20.00  46.05  87.00  71.00  48.05   0.00
21:22:46  56.0   0.0   1.9  42.1   0.0   20  68107  10169   33    0    0 115.17    0.00  33.24  26.59  55.34  68.05  68.00  20.00  46.05  68.00  73.00  48.05   0.00
21:22:47  73.3   0.0   1.3  25.4   0.0   18  35936  13842    0    0    0 103.75    0.00  29.70  22.97  51.07  66.05  66.00  20.00  46.05  66.00  73.00  48.05   0.00
21:22:48  73.3   0.0   0.8  25.9   0.0   21  21269   7388    0    0    1 106.32    0.00  30.46  23.59  52.28  64.05  64.00  20.00  46.05  64.00  67.00  48.05   0.00
21:22:49  74.5   0.0   1.0  24.5   0.0   17  23248   7754    0    0    2 103.89    0.00  29.69  22.85  51.35  64.05  64.00  20.00  46.05  64.00  67.00  48.05   0.00
21:22:50  69.2   0.0   0.5  30.3   0.0   20  16070   6674    0    0    0 104.00    0.00  29.61  22.59  51.81  66.05  66.00  20.00  46.05  66.00  67.00  48.05   0.00
21:22:51  40.1   0.0   0.3  59.6   0.0    5  16642   4781    1    0    1 104.78    0.00  29.85  23.39  51.53  71.05  71.00  20.00  46.05  72.00  67.00  48.05   0.00
21:22:52  22.8   0.0   0.5  76.7   0.0    5  10632   3164    2    0    2  86.88    0.00  24.36  18.14  44.39  66.05  66.00  20.00  46.05  66.00  71.00  48.05   0.00
21:22:53  16.8   0.0   0.5  82.7   0.0    5   9115   2636    0    0    2  73.33    0.00  19.53  13.13  40.67  75.05  75.00  20.00  46.05  75.00  71.00  48.05   0.00
21:22:54  51.7   0.0   0.7  47.6   0.0    5  20853   6245    6    0    0 101.72    0.00  28.91  22.40  50.42  73.05  73.00  20.00  46.05  73.00  71.00  48.05   0.00
21:22:55  73.4   0.0   0.8  25.9   0.0   30  15480   7300   24    0    0 111.46    0.00  32.07  25.56  53.83  65.05  65.00  20.00  46.05  64.00  75.00  48.05   0.00
21:22:56  97.8   0.0   0.5   1.8   0.0   27   5649   7241    0    0    1 110.79    0.00  31.28  24.69  54.83  67.05  67.00  20.00  46.05  67.00  67.00  48.05   0.00
21:22:57  79.7   0.0   1.4  18.9   0.0    5  24157  46817    0    0    1 102.85    0.00  29.36  22.60  50.88  66.05  66.00  20.00  46.05  66.00  67.00  48.05   0.00
21:22:58  65.6   0.0   0.9  33.5   0.0   26  33000   8282    1    0    1 100.86    0.00  28.94  22.46  49.45  65.05  65.00  20.00  46.05  65.00  67.00  48.05   0.00
21:22:59  93.8   0.0   0.6   5.6   0.0   24  12070   6988    0    0    0 104.49    0.00  29.95  23.21  51.34  66.05  65.00  20.00  46.05  65.00  67.00  48.05   0.00
21:23:00  83.7   0.0   0.5  15.8   0.1   27  12157   6830    2    0    2 101.13    0.00  28.85  21.96  50.31  65.05  65.00  20.00  46.05  65.00  66.00  48.05   0.00
21:23:01  96.4   0.0   0.7   2.9   0.0   31  10586   7369    0    0    0 108.13    0.00  31.09  24.25  52.79  66.05  66.00  20.00  46.05  66.00  66.00  48.05   0.00
21:23:02  96.4   0.0   0.6   3.0   0.0   37  11175   7751    0    0    0 103.77    0.00  29.71  22.88  51.19  65.05  65.00  20.00  46.05  65.00  66.00  48.05   0.00
21:23:03  96.4   0.0   0.8   2.8   0.0   28  11867   7942    0    0    0 104.29    0.00  29.85  22.99  51.45  66.05  66.00  20.00  46.05  66.00  66.00  48.05   0.00
21:23:04  96.4   0.0   0.5   3.1   0.0   28  11331   7712    1    0    0 104.43    0.00  29.85  22.93  51.64  66.05  66.00  20.00  46.05  66.00  66.00  49.05   0.00
21:23:05  95.2   0.0   0.8   4.0   0.0   29  16365   8070    0    0    0 104.27    0.00  29.75  22.77  51.75  68.05  68.00  20.00  46.05  68.00  67.00  49.05   0.00
21:23:06  95.4   0.0   0.5   4.1   0.0   28  10924   7213    0    0    0 104.53    0.00  29.91  23.02  51.61  66.05  66.00  20.00  46.05  66.00  67.00  49.05   0.00
21:23:07  95.8   0.0   0.6   3.6   0.0   28  10059   7326    0    0    0 106.13    0.00  30.40  23.46  52.28  66.05  66.00  20.00  46.05  66.00  67.00  49.05   0.00
21:23:08  95.3   0.0   0.7   4.0   0.0   27  10721   7193    0    0    0 106.69    0.00  30.43  23.30  52.96  66.05  66.00  20.00  46.05  66.00  67.00  49.05   0.00
21:23:09  95.3   0.0   0.8   3.8   0.0   29   9149   7295    0    0    0 105.86    0.00  30.31  23.37  52.18  66.05  66.00  20.00  46.05  66.00  67.00  49.05   0.00
21:23:10  82.0   0.0   0.4  17.6   0.0   28  15302  15117    0    0    0  96.72    0.00  27.58  20.83  48.32  65.05  65.00  20.00  46.05  65.00  66.00  49.05   0.00
21:23:11  95.2   0.0   0.7   4.1   0.0   33  11311   7501    0    0    0 104.57    0.00  29.80  22.75  52.01  66.05  66.00  20.00  46.05  66.00  66.00  49.05   0.00
21:23:12  74.9   0.0   0.4  24.6   0.0    6   9417   6149    0    0    0  99.03    0.00  27.96  21.05  50.02  77.05  77.00  20.00  46.05  77.00  66.00  49.05   0.00
21:23:13  17.3   0.0   0.1  82.5   0.0    9   7179   1980    0    0    1 101.60    0.00  28.71  22.46  50.43  77.05  77.00  20.00  46.05  77.00  66.00  49.05   0.00
21:23:14  14.9   0.0   0.4  84.6   0.0    4  10880   2475    0    0    0  91.44    0.00  25.61  19.45  46.38  76.05  76.00  20.00  46.05  76.00  66.00  49.05   0.00
21:23:15  10.4   0.0   0.1  89.5   0.0    3   7198   2724    2    0    4  74.01    0.00  20.59  14.79  38.63  68.05  68.00  20.00  46.05  68.00  78.00  49.05   0.00
-------- ----- ----- ----- ----- ----- ---- ------ ------ ---- ---- ---- ------  ------ ------ ------ ------ ------ ------ ------ ------ ------ ------ ------ ------
 Average  59.4   0.0   0.7  39.9   0.0 17.0 18685.5 7781.1  7.8  2.4  3.7  93.30    0.00  26.46  20.18  46.65  68.13  68.05  20.00  46.05  68.05  67.38  48.37   0.00
 GeoMean   0.0   0.0   0.0  20.4   0.0 11.5 11748.4 5259.3  0.0  0.0  0.0  81.86    0.00  22.81  14.42  42.26  67.88  67.80  20.00  46.05  67.80  67.27  48.37   0.00
  StdDev  35.3   0.0   0.4  35.4   0.0 11.5 16924.8 7362.4 18.3 12.0 11.2  26.91    0.00   7.88   6.58  12.53   6.04   6.05   0.00   0.00   6.08   3.82   0.47   0.00
-------- ----- ----- ----- ----- ----- ---- ------ ------ ---- ---- ---- ------  ------ ------ ------ ------ ------ ------ ------ ------ ------ ------ ------ ------
 Minimum   0.0   0.0   0.0   1.8   0.0  1.0  257.0  138.0  0.0  0.0  0.0   7.54    0.00   1.69   0.08   5.76  58.05  58.00  20.00  46.05  58.00  60.00  48.05   0.00
 Maximum  97.8   0.0   1.9 100.0   0.1 37.0 68107.0 46817.0 86.0 74.0 55.0 115.17    0.00  33.24  26.59  55.34  87.05  87.00  20.00  46.05  87.00  78.00  49.05   0.00
-------- ----- ----- ----- ----- ----- ---- ------ ------ ---- ---- ---- ------  ------ ------ ------ ------ ------ ------ ------ ------ ------ ------ ------ ------
Summary:
CPU:  93.30 Watts on average with standard deviation 26.91 
Note: power read from RAPL domains: uncore, pkg-0, core, psys.
These readings do not cover all the hardware in this device.

Histogram (of 37 power measurements)

  Range (Watts)   Count
  7.537 -  18.299     3 ########
 18.300 -  29.062     0 
 29.063 -  39.825     0 
 39.826 -  50.589     0 
 50.590 -  61.352     0 
 61.353 -  72.115     0 
 72.116 -  82.878     3 ########
 82.879 -  93.642     2 #####
 93.643 - 104.405    15 ########################################
104.406 - 115.168    14 #####################################

Histogram (of 37 CPU utilization measurements)

 Range (%CPU)   Count
 0.000 -  9.823     3 ##########
 9.824 - 19.648     7 #######################
19.649 - 29.472     2 ######
29.473 - 39.297     0 
39.298 - 49.121     1 ###
49.122 - 58.946     2 ######
58.947 - 68.770     1 ###
68.771 - 78.594     6 ####################
78.595 - 88.419     3 ##########
88.420 - 98.243    12 ########################################

Histogram (of 37 thermal zone TCPU readings)

 Range (°C)    Count
58.050 - 60.949     3 ######
60.950 - 63.849     0 
63.850 - 66.749    20 ########################################
66.750 - 69.649     4 ########
69.650 - 72.549     2 ####
72.550 - 75.449     3 ######
75.450 - 78.349     3 ######
78.350 - 81.249     0 
81.250 - 84.149     1 ##
84.150 - 87.049     1 ##

Histogram (of 37 thermal zone x86_pkg_temp readings)

 Range (°C)    Count
58.000 - 60.899     3 ######
60.900 - 63.799     0 
63.800 - 66.699    20 ########################################
66.700 - 69.599     4 ########
69.600 - 72.499     2 ####
72.500 - 75.399     3 ######
75.400 - 78.299     3 ######
78.300 - 81.199     0 
81.200 - 84.099     1 ##
84.100 - 86.999     1 ##

Range is zero, cannot produce histogram of thermal zone INT3400 Thermal

Range is zero, cannot produce histogram of thermal zone SEN3

Histogram (of 37 thermal zone TCPU_PCI readings)

 Range (°C)    Count
58.000 - 60.899     3 ######
60.900 - 63.799     0 
63.800 - 66.699    20 ########################################
66.700 - 69.599     4 ########
69.600 - 72.499     2 ####
72.500 - 75.399     3 ######
75.400 - 78.299     3 ######
78.300 - 81.199     0 
81.200 - 84.099     1 ##
84.100 - 86.999     1 ##

Histogram (of 37 thermal zone iwlwifi_1 readings)

 Range (°C)    Count
60.000 - 61.799     3 #####
61.800 - 63.599     2 ###
63.600 - 65.399     0 
65.400 - 67.199    23 ########################################
67.200 - 68.999     0 
69.000 - 70.799     0 
70.800 - 72.599     4 ######
72.600 - 74.399     3 #####
74.400 - 76.199     1 #
76.200 - 77.999     1 #

Histogram (of 37 thermal zone acpitz readings)

 Range (°C)    Count
48.050 - 48.149    25 ########################################
48.150 - 48.249     0 
48.250 - 48.349     0 
48.350 - 48.449     0 
48.450 - 48.549     0 
48.550 - 48.649     0 
48.650 - 48.749     0 
48.750 - 48.849     0 
48.850 - 48.949     0 
48.950 - 49.049    12 ###################

Range is zero, cannot produce histogram of thermal zone SEN2
