Running for 86400.0 seconds (86400 samples at 1.0 second intervals).
Power measurements will start in 0 seconds time.

  Time    User  Nice   Sys  Idle    IO  Run Ctxt/s  IRQ/s Fork Exec Exit  Watts  uncore  pkg-0   core   psys   TCPU x86_pk   SEN2 INT340 TCPU_P iwlwif acpitz   SEN3
00:29:48   0.0   0.0   0.0  99.9   0.0    1    483    332    0    0    0   5.94    0.00   1.51   0.26   4.18  60.05  60.00  50.05  20.00  60.00  72.00  48.05   0.00
00:29:49   0.0   0.0   0.1  99.8   0.0    1    390    261    0    0    0   5.42    0.00   1.38   0.23   3.82  60.05  60.00  50.05  20.00  60.00  65.00  48.05   0.00
00:29:50   0.0   0.0   0.1  99.9   0.0    2    316    167    8    6    8   3.89    0.00   0.95   0.20   2.74  58.05  58.00  50.05  20.00  58.00  65.00  48.05   0.00
00:29:51  13.7   0.0   0.5  85.8   0.0    5  35374   4996   40    0    1  67.46    0.00  18.05  12.16  37.25  68.05  68.00  50.05  20.00  68.00  62.00  48.05   0.00
00:29:52  17.0   0.0   0.9  82.1   0.0    5  32774   4600    5    0    1  75.00    0.00  20.39  14.19  40.42  69.05  69.00  50.05  20.00  69.00  62.00  48.05   0.00
00:29:53  18.3   0.0   0.5  81.2   0.0    5  26047   4555   29    4   28  77.15    0.00  21.46  15.20  40.49  66.05  66.00  49.05  20.00  66.00  62.00  48.05   0.00
00:29:54  20.9   0.0   1.4  77.7   0.0    2  65581  14778   95    5   42  93.05    0.00  26.67  20.31  46.06  69.05  69.00  49.05  20.00  69.00  69.00  48.05   0.00
00:29:55  19.0   0.0   1.3  79.7   0.0    5  62546  11923   38   45   39  88.99    0.00  25.36  19.03  44.60  66.05  66.00  49.05  20.00  66.00  73.00  48.05   0.00
00:29:56  17.3   0.0   0.6  82.2   0.0    5  44128   5750   44   45   36  96.35    0.00  27.52  20.85  47.98  75.05  75.00  49.05  20.00  75.00  73.00  47.05   0.00
00:29:57  71.8   0.0   1.5  26.7   0.0   19  64118  15187   18    0    0 111.51    0.00  32.80  26.33  52.38  65.05  65.00  49.05  20.00  65.00  75.00  47.05   0.00
00:29:58  69.3   0.0   1.1  29.6   0.0   27  36391   9350    0    0    0 107.94    0.00  31.48  24.76  51.71  68.05  68.00  49.05  20.00  68.00  75.00  47.05   0.00
00:29:59  77.1   0.0   0.8  22.1   0.0   18  19435   7393    0    0    2 102.83    0.00  30.03  23.34  49.45  68.05  68.00  49.05  20.00  68.00  68.00  47.05   0.00
00:30:00  74.3   0.0   0.8  24.9   0.0   19  16837   7020    0    0    1 102.92    0.00  30.06  23.37  49.48  70.05  69.00  49.05  20.00  69.00  68.00  47.05   0.00
00:30:01  52.3   0.0   0.5  47.2   0.0   20  19190   5871    1    0    1  94.76    0.00  27.36  20.85  46.55  75.05  75.00  49.05  20.00  75.00  69.00  47.05   0.00
00:30:02  38.3   0.0   0.2  61.4   0.1    5  15613   4607    0    0    0  99.69    0.00  28.54  21.94  49.21  71.05  71.00  49.05  20.00  71.00  69.00  47.05   0.00
00:30:03  31.5   0.0   0.5  68.0   0.0   28  21274   4735   13    0    0  91.56    0.00  26.02  19.59  45.96  69.05  69.00  49.05  20.00  69.00  69.00  47.05   0.00
00:30:04  82.8   0.0   0.8  16.3   0.0   28  17464   8514   24    0    2 102.24    0.00  29.92  23.65  48.68  67.05  67.00  49.05  20.00  67.00  72.00  47.05   0.00
00:30:05  94.3   0.0   0.4   5.3   0.0    5   6634   7276    0    0    1  99.53    0.00  29.11  22.91  47.51  68.05  68.00  49.05  20.00  68.00  68.00  47.05   0.00
00:30:06  58.6   0.0   0.8  40.6   0.0    5  33290  45418    0    0    0 100.75    0.00  29.45  23.20  48.10  77.05  77.00  49.05  20.00  77.00  68.00  47.05   0.00
00:30:07  17.8   0.0   0.5  81.7   0.0    5  15296   2952    0    0    0 103.00    0.00  29.87  23.89  49.23  82.05  82.00  49.05  20.00  82.00  79.00  47.05   0.00
00:30:08  18.8   0.0   0.5  80.7   0.0    6  41251   5295    0    0    0 106.37    0.00  30.77  24.53  51.08  77.05  77.00  49.05  20.00  77.00  79.00  47.05   0.00
00:30:09  61.3   0.0   0.7  38.1   0.0   19  30179   8172    0    0    0 105.97    0.00  31.07  24.67  50.23  68.05  68.00  49.05  20.00  68.00  75.00  47.05   0.00
00:30:10  96.5   0.0   0.9   2.6   0.0   27  13652   8952    0    0    0 103.84    0.00  30.25  23.66  49.93  66.05  66.00  49.05  20.00  66.00  75.00  47.05   0.00
00:30:11  97.1   0.0   0.8   2.1   0.0   32  13103   8774    0    0    0 104.41    0.00  29.93  23.40  51.08  66.05  66.00  49.05  20.00  66.00  68.00  47.05   0.00
00:30:12  96.2   0.0   0.7   3.1   0.0   31  11670   8329    0    0    0 102.98    0.00  29.85  23.25  49.89  66.05  66.00  49.05  20.00  66.00  68.00  47.05   0.00
00:30:13  95.9   0.0   0.7   3.4   0.0    3  11666   7903    0    0    0 102.67    0.00  29.79  23.21  49.68  66.05  66.00  49.05  20.00  66.00  68.00  47.05   0.00
00:30:14  95.2   0.0   0.8   4.0   0.0   28  14585   8358    0    0    0 103.03    0.00  29.85  23.24  49.94  66.05  66.00  49.05  20.00  66.00  68.00  47.05   0.00
00:30:15  84.9   0.0   0.5  14.7   0.0   26  13945  13683    0    0    0 102.23    0.00  29.72  23.16  49.36  66.05  66.00  49.05  20.00  66.00  68.00  47.05   0.00
00:30:16  95.6   0.0   0.4   4.0   0.0   28  11675   7563    0    0    0 102.43    0.00  29.85  23.24  49.34  66.05  66.00  49.05  20.00  66.00  68.00  47.05   0.00
00:30:17  86.0   0.0   0.5  13.4   0.0   26  12791   7350    0    0    0 101.71    0.00  29.49  22.73  49.49  68.05  68.00  49.05  20.00  68.00  67.00  47.05   0.00
00:30:18  47.1   0.0   0.3  52.6   0.0    5  11241   4968    0    0    0  81.46    0.00  23.08  16.65  41.73  68.05  68.00  49.05  20.00  68.00  67.00  47.05   0.00
00:30:19  18.0   0.0   0.2  81.8   0.0    5   9242   2291    0    0    1  69.83    0.00  19.25  13.11  37.47  68.05  68.00  49.05  20.00  68.00  68.00  47.05   0.00
00:30:20  14.7   0.0   0.1  85.1   0.0    5   7290   2082    0    0    0  63.14    0.00  17.68  11.79  33.67  68.05  68.00  49.05  20.00  68.00  68.00  47.05   0.00
00:30:21   8.7   0.0   0.8  90.5   0.0    1   5940   2551    6    4   48  48.02    0.00  13.49   8.32  26.20  60.05  60.00  49.05  20.00  60.00  68.00  47.05   0.00
-------- ----- ----- ----- ----- ----- ---- ------ ------ ---- ---- ---- ------  ------ ------ ------ ------ ------ ------ ------ ------ ------ ------ ------ ------
 Average  49.7   0.0   0.6  49.7   0.0 13.3 21806.2 7704.6  9.4  3.2  6.2  86.12    0.00  24.76  18.86  42.50  67.99  67.91  49.20  20.00  67.91  69.35  47.29   0.00
 GeoMean  23.1   0.0   0.5  29.8   0.0  8.2 13643.7 5085.3  0.0  0.0  0.0  71.50    0.00  20.26  13.47  36.53  67.82  67.74  49.20  20.00  67.74  69.23  47.28   0.00
  StdDev  34.7   0.0   0.3  34.8   0.0 11.0 17235.1 7538.8 19.6 10.6 13.8  29.03    0.00   8.60   7.23  13.35   4.88   4.87   0.35   0.00   4.87   4.16   0.42   0.00
-------- ----- ----- ----- ----- ----- ---- ------ ------ ---- ---- ---- ------  ------ ------ ------ ------ ------ ------ ------ ------ ------ ------ ------ ------
 Minimum   0.0   0.0   0.0   2.1   0.0  1.0  316.0  167.0  0.0  0.0  0.0   3.89    0.00   0.95   0.20   2.74  58.05  58.00  49.05  20.00  58.00  62.00  47.05   0.00
 Maximum  97.1   0.0   1.5  99.9   0.1 32.0 65581.0 45418.0 95.0 45.0 48.0 111.51    0.00  32.80  26.33  52.38  82.05  82.00  50.05  20.00  82.00  79.00  48.05   0.00
-------- ----- ----- ----- ----- ----- ---- ------ ------ ---- ---- ---- ------  ------ ------ ------ ------ ------ ------ ------ ------ ------ ------ ------ ------
Summary:
CPU:  86.12 Watts on average with standard deviation 29.03 
Note: power read from RAPL domains: uncore, pkg-0, core, psys.
These readings do not cover all the hardware in this device.

Histogram (of 34 power measurements)

  Range (Watts)   Count
  3.893 -  14.653     3 #######
 14.654 -  25.414     0 
 25.415 -  36.176     0 
 36.177 -  46.937     0 
 46.938 -  57.699     1 ##
 57.700 -  68.460     2 ####
 68.461 -  79.221     3 #######
 79.222 -  89.983     2 ####
 89.984 - 100.744     6 ##############
100.745 - 111.506    17 ########################################

Histogram (of 34 CPU utilization measurements)

 Range (%CPU)   Count
 0.083 -  9.862     4 ####################
 9.863 - 19.642     8 ########################################
19.643 - 29.422     2 ##########
29.423 - 39.202     2 ##########
39.203 - 48.982     1 #####
48.983 - 58.762     1 #####
58.763 - 68.542     2 ##########
68.543 - 78.321     4 ####################
78.322 - 88.101     3 ###############
88.102 - 97.881     7 ###################################

Histogram (of 34 thermal zone TCPU readings)

 Range (°C)    Count
58.050 - 60.449     4 ############
60.450 - 62.849     0 
62.850 - 65.249     1 ###
65.250 - 67.649    10 ##############################
67.650 - 70.049    13 ########################################
70.050 - 72.449     1 ###
72.450 - 74.849     0 
74.850 - 77.249     4 ############
77.250 - 79.649     0 
79.650 - 82.049     1 ###

Histogram (of 34 thermal zone x86_pkg_temp readings)

 Range (°C)    Count
58.000 - 60.399     4 ############
60.400 - 62.799     0 
62.800 - 65.199     1 ###
65.200 - 67.599    10 ##############################
67.600 - 69.999    13 ########################################
70.000 - 72.399     1 ###
72.400 - 74.799     0 
74.800 - 77.199     4 ############
77.200 - 79.599     0 
79.600 - 81.999     1 ###

Histogram (of 34 thermal zone SEN2 readings)

 Range (°C)    Count
49.050 - 49.149    29 ########################################
49.150 - 49.249     0 
49.250 - 49.349     0 
49.350 - 49.449     0 
49.450 - 49.549     0 
49.550 - 49.649     0 
49.650 - 49.749     0 
49.750 - 49.849     0 
49.850 - 49.949     0 
49.950 - 50.049     5 ######

Range is zero, cannot produce histogram of thermal zone INT3400 Thermal

Histogram (of 34 thermal zone TCPU_PCI readings)

 Range (°C)    Count
58.000 - 60.399     4 ############
60.400 - 62.799     0 
62.800 - 65.199     1 ###
65.200 - 67.599    10 ##############################
67.600 - 69.999    13 ########################################
70.000 - 72.399     1 ###
72.400 - 74.799     0 
74.800 - 77.199     4 ############
77.200 - 79.599     0 
79.600 - 81.999     1 ###

Histogram (of 34 thermal zone iwlwifi_1 readings)

 Range (°C)    Count
62.000 - 63.699     3 #########
63.700 - 65.399     2 ######
65.400 - 67.099     2 ######
67.100 - 68.799    13 ########################################
68.800 - 70.499     4 ############
70.500 - 72.199     2 ######
72.200 - 73.899     2 ######
73.900 - 75.599     4 ############
75.600 - 77.299     0 
77.300 - 78.999     2 ######

Histogram (of 34 thermal zone acpitz readings)

 Range (°C)    Count
47.050 - 47.149    26 ########################################
47.150 - 47.249     0 
47.250 - 47.349     0 
47.350 - 47.449     0 
47.450 - 47.549     0 
47.550 - 47.649     0 
47.650 - 47.749     0 
47.750 - 47.849     0 
47.850 - 47.949     0 
47.950 - 48.049     8 ############

Range is zero, cannot produce histogram of thermal zone SEN3
