Running for 86400.0 seconds (86400 samples at 1.0 second intervals).
Power measurements will start in 0 seconds time.

  Time    User  Nice   Sys  Idle    IO  Run Ctxt/s  IRQ/s Fork Exec Exit  Watts  uncore  pkg-0   core   psys   TCPU x86_pk INT340   SEN3 TCPU_P iwlwif acpitz   SEN2
16:03:10   0.0   0.0   0.1  99.9   0.0    1    257    335    0    0    0  23.12    0.00   5.19   0.14  17.79  47.05  47.00  20.00  39.05  48.00  48.00  37.05   0.00
16:03:11   0.0   0.0   0.0  99.9   0.0    1    271    154    0    0    0  22.35    0.00   5.03   0.05  17.26  48.05  48.00  20.00  39.05  47.00  48.00  37.05   0.00
16:03:12   0.1   0.0   0.2  99.7   0.0    2    353    237   10    5    9  22.91    0.00   5.21   0.12  17.58  48.05  48.00  20.00  39.05  48.00  48.00  37.05   0.00
16:03:13  15.3   0.0   1.1  83.5   0.0    8  19915   4196   39    0    0  43.50    0.00  11.13   4.87  27.50  48.05  48.00  20.00  38.05  48.00  48.00  37.05   0.00
16:03:14  20.5   0.0   0.9  78.6   0.0    7  18813   3303    0    0    0  47.98    0.00  12.35   5.92  29.71  48.05  48.00  20.00  38.05  47.00  48.00  37.05   0.00
16:03:15  17.9   0.0   0.9  81.1   0.1    7  16666   4097    5    0    0  46.44    0.00  11.92   5.51  29.02  49.05  49.00  20.00  38.05  49.00  48.00  37.05   0.00
16:03:16  19.6   0.0   0.9  79.5   0.0    9  18637   3310    1    0    1  48.37    0.00  12.39   5.84  30.14  49.05  49.00  20.00  38.05  49.00  48.00  37.05   0.00
16:03:17  18.7   0.0   1.2  80.1   0.0    5  10977   2906    0    0    0  50.26    0.00  13.36   5.92  30.97  49.05  49.00  20.00  38.05  49.00  49.00  37.05   0.00
16:03:18  29.5   0.0   1.7  68.8   0.0    5  32770   5961   55    0    0  55.15    0.00  14.43   6.98  33.74  49.05  49.00  20.00  39.05  49.00  49.00  37.05   0.00
16:03:19  26.5   0.0   1.1  72.4   0.0    7  30034   5006   26    0    0  53.73    0.00  14.24   6.83  32.67  49.05  49.00  20.00  39.05  49.00  50.00  37.05   0.00
16:03:20  24.5   0.0   1.5  73.9   0.1    3  25837   4154    0    0    0  52.04    0.00  13.57   6.19  32.28  49.05  49.00  20.00  39.05  49.00  50.00  37.05   0.00
16:03:21   8.0   0.0   2.3  89.7   0.0    2   4446   2208   39    9   27  40.49    0.00  10.46   3.87  26.16  48.05  48.00  20.00  39.05  48.00  50.00  37.05   0.00
16:03:22   9.4   0.0   1.0  89.5   0.0    6  13418   3602   33    1   21  37.57    0.00   9.42   2.91  25.25  48.05  48.00  20.00  39.05  48.00  50.00  37.05   0.00
16:03:23  36.0   0.0   1.6  62.4   0.0   35  34473   9913   55    0    0  48.05    0.00  12.28   5.79  29.99  48.05  48.00  20.00  38.05  48.00  49.00  37.05   0.00
16:03:24  92.2   0.0   2.2   5.6   0.0   20  12374  12118    0    0    0  62.69    0.00  16.30   9.55  36.84  48.05  48.00  20.00  38.05  48.00  49.00  37.05   0.00
16:03:25  50.9   0.0   2.3  46.8   0.0   11  38885  13373    0    0    1  57.87    0.00  14.52   7.36  35.99  49.05  49.00  20.00  38.05  49.00  49.00  37.05   0.00
16:03:26  45.2   0.0   1.6  53.2   0.1   11  25081   6418    0    0   10  56.76    0.00  14.01   6.65  36.10  49.05  49.00  20.00  38.05  49.00  49.00  37.05   0.00
16:03:27  47.1   0.0   2.9  50.0   0.0   11  80599  19545    0    0    3  54.91    0.00  13.77   6.79  34.36  48.05  48.00  20.00  38.05  48.00  49.00  37.05   0.00
16:03:28  13.5   0.0   0.7  85.8   0.0    4   8031   2824    3    0   10  38.68    0.00   9.97   3.56  25.14  48.05  48.00  20.00  38.05  48.00  50.00  37.05   0.00
16:03:29  14.9   0.0   0.4  84.6   0.0    3   3735   2156    3    2    1  36.86    0.00   9.55   3.01  24.30  49.05  49.00  20.00  39.05  49.00  50.00  37.05   0.00
16:03:30  13.0   0.0   0.9  86.1   0.0    5   4075   2773   44   59   42  41.39    0.00  10.43   3.10  27.86  49.05  49.00  20.00  39.05  49.00  49.00  37.05   0.00
16:03:31  14.4   0.0   0.6  85.0   0.0    5  11215   3047   24   29   25  41.61    0.00  10.56   3.25  27.80  49.05  49.00  20.00  39.05  49.00  49.00  37.05   0.00
16:03:32  21.9   0.0   0.6  77.5   0.0    5  12531   3162    0    0    0  43.37    0.00  11.37   3.92  28.08  49.05  49.00  20.00  39.05  49.00  50.00  37.05   0.00
16:03:33  20.9   0.0   0.5  78.5   0.0   16  15312   3508   16    0    0  43.95    0.00  11.45   4.02  28.48  49.05  49.00  20.00  39.05  49.00  50.00  37.05   0.00
16:03:34  67.0   0.0   2.4  30.6   0.0   15  35836  17066    3    0    0  69.71    0.00  18.51  10.87  40.33  49.05  49.00  20.00  39.05  49.00  50.00  37.05   0.00
16:03:35  71.8   0.0   1.5  26.7   0.0   17  28832   7740    0    0    0  74.30    0.00  19.70  11.88  42.72  50.05  50.00  20.00  39.05  50.00  50.00  37.05   0.00
16:03:36  75.3   0.0   0.8  23.9   0.0   19  13506   6761    0    0    2  75.70    0.00  20.28  12.35  43.07  49.05  49.00  20.00  39.05  49.00  50.00  37.05   0.00
16:03:37  80.0   0.0   0.8  19.2   0.0   20  10547   6674    0    0    0  78.68    0.00  20.76  12.73  45.19  50.05  50.00  20.00  39.05  50.00  50.00  37.05   0.00
16:03:38  77.0   0.0   2.8  20.2   0.0   23  16694   7235    0    0    0  76.45    0.00  20.45  12.44  43.56  49.05  49.00  20.00  39.05  49.00  51.00  37.05   0.00
16:03:39  79.7   0.0   0.4  19.8   0.0   19   8871   6323    0    0    0  76.50    0.00  20.48  12.51  43.51  50.05  50.00  20.00  38.05  50.00  51.00  37.05   0.00
16:03:40  76.6   0.0   1.6  21.8   0.0   21  23824   8660    0    0    0  71.50    0.00  18.95  10.95  41.60  50.05  50.00  20.00  38.05  50.00  51.00  37.05   0.00
16:03:41  65.7   0.0   0.8  33.5   0.0   15  12953   6363    0    0    1  70.04    0.00  18.43  10.52  41.09  50.05  50.00  20.00  38.05  50.00  51.00  37.05   0.00
16:03:42  70.9   0.0   3.3  25.7   0.1   20  13435   7346    0    0    0  74.27    0.00  19.60  11.60  43.07  52.05  52.00  20.00  38.05  52.00  51.00  37.05   0.00
16:03:43  72.8   0.0   3.5  23.7   0.0   19  29060   9549    0    0    0  75.21    0.00  19.59  11.52  44.10  50.05  50.00  20.00  38.05  52.00  51.00  37.05   0.00
16:03:44  77.6   0.0   1.5  20.9   0.0   20  31335  11755    0    0    0  73.21    0.00  19.52  11.43  42.27  52.05  52.00  20.00  39.05  52.00  52.00  37.05   0.00
16:03:45  72.4   0.0   0.5  27.1   0.0   20   9918   6509    0    0    0  71.16    0.00  18.81  10.83  41.52  50.05  50.00  20.00  39.05  50.00  52.00  37.05   0.00
16:03:46  69.0   0.0   2.0  28.9   0.0   19  12557   6618    0    0    0  69.49    0.00  18.22  10.09  41.18  52.05  52.00  20.00  39.05  52.00  52.00  37.05   0.00
16:03:47  61.7   0.0   1.0  37.3   0.0   20   9180  46015    0    0    1  64.54    0.00  16.97   9.20  38.36  52.05  52.00  20.00  39.05  52.00  52.00  37.05   0.00
16:03:48  73.2   0.0   0.8  26.0   0.0   18  11596   6802    0    0    0  71.97    0.00  19.09  10.99  41.88  52.05  52.00  20.00  39.05  52.00  52.00  37.05   0.00
16:03:49  71.3   0.0   1.0  27.7   0.0   19   4530 148146    0    0   53  68.77    0.00  18.16  10.16  40.45  52.05  52.00  20.00  39.05  52.00  52.00  37.05   0.00
16:03:50  73.1   0.0   0.4  26.5   0.0   20   5896   5825    0    0   19  74.55    0.00  20.01  12.04  42.50  52.05  52.00  20.00  39.05  52.00  52.00  37.05   0.00
16:03:51  76.0   0.0   0.8  23.2   0.0   19  12167   6454    0    0    0  76.97    0.00  20.66  12.50  43.82  52.05  52.00  20.00  39.05  52.00  52.00  38.05   0.00
16:03:52  77.8   0.0   0.8  21.4   0.0   20  11074   6912    0    0    0  77.96    0.00  21.00  12.85  44.11  52.05  52.00  20.00  39.05  52.00  52.00  38.05   0.00
16:03:53  73.9   0.0   1.6  24.5   0.0   18  26865   9921    0    0    0  74.13    0.00  19.77  11.65  42.71  52.05  52.00  20.00  39.05  52.00  52.00  38.05   0.00
16:03:54  71.2   0.0   5.9  22.8   0.1   12 111491  33437    0    0    0  74.92    0.00  19.84  11.81  43.27  52.05  52.00  20.00  39.05  52.00  52.00  38.05   0.00
16:03:55  71.1   0.0   5.1  23.8   0.0   19  91200  27898    0    0    0  73.45    0.00  19.55  11.46  42.43  52.05  52.00  20.00  39.05  52.00  52.00  38.05   0.00
16:03:56  77.2   0.0   0.8  22.0   0.0   17  13812   8416    0    0    0  73.02    0.00  19.44  11.50  42.08  52.05  52.00  20.00  39.05  52.00  52.00  38.05   0.00
16:03:57  70.2   0.0   7.1  22.6   0.0   19 121054  36774    0    0    0  73.69    0.00  19.54  11.49  42.66  52.05  52.00  20.00  39.05  52.00  52.00  38.05   0.00
16:03:58  73.8   0.0   1.1  25.1   0.0   21  24401  10751    0    0    0  70.77    0.00  18.69  10.74  41.34  52.05  52.00  20.00  39.05  52.00  53.00  38.05   0.00
16:03:59  78.6   0.0   0.9  20.5   0.0   18  12313   8053    0    0    0  69.90    0.01  18.39  10.55  40.95  52.05  52.00  20.00  39.05  52.00  53.00  38.05   0.00
16:04:00  71.6   0.0   6.5  21.9   0.0   19 153275  44283    0    0    0  73.74    0.00  19.61  11.60  42.53  52.05  52.00  20.00  39.05  52.00  53.00  38.05   0.00
16:04:01  59.4   0.0  15.5  25.1   0.0   19 272606  75631    0    0    0  66.08    0.01  17.16   9.88  39.03  52.05  52.00  20.00  39.05  52.00  53.00  38.05   0.00
16:04:02  67.7   0.0   3.9  28.3   0.0   17  80260  23251    1    1    1  69.48    0.01  18.23  11.08  40.16  52.05  52.00  20.00  39.05  52.00  53.00  38.05   0.00
16:04:03  68.2   0.0   7.3  24.5   0.0   19 105398  97453    5    0    4  69.67    0.00  18.22  10.63  40.82  53.05  52.00  20.00  39.05  52.00  53.00  38.05   0.00
16:04:04  63.4   0.0   0.1  36.5   0.0    3   4900   4805    2    0    2  64.93    0.01  17.09   9.38  38.46  53.05  53.00  20.00  39.05  53.00  53.00  38.05   0.00
16:04:05  59.9   0.0  13.2  27.0   0.0   20 235293  66345    1    1    2  68.88    0.00  18.13  10.24  40.51  52.05  52.00  20.00  39.05  52.00  53.00  38.05   0.00
16:04:06  48.4   0.0  28.4  23.2   0.0   19 420503 106386    0    0    1  61.80    0.00  15.90   8.97  36.93  52.05  52.00  20.00  39.05  52.00  53.00  38.05   0.00
16:04:07  48.6   0.0  26.3  25.1   0.0   18 390868 105519    0    0    0  62.65    0.00  16.15   9.05  37.45  52.05  52.00  20.00  39.05  52.00  53.00  38.05   0.00
16:04:08  68.1   0.0  10.2  21.7   0.0   20 158905  45719    0    0    0  67.03    0.00  17.46  10.17  39.40  52.05  52.00  20.00  39.05  52.00  52.00  38.05   0.00
16:04:09  51.9   0.0  24.1  24.1   0.0   19 359954  94911    1    1    1  64.01    0.00  16.53   9.35  38.13  52.05  52.00  20.00  39.05  52.00  52.00  38.05   0.00
16:04:10  43.5   0.0  33.4  23.1   0.0   20 431540 113160    1    1    1  60.39    0.01  15.49   8.59  36.30  52.05  52.00  20.00  39.05  52.00  53.00  38.05   0.00
16:04:11  34.4   0.0  39.7  25.8   0.0   18 428930 107840    0    0    0  54.50    0.00  13.62   6.82  34.06  52.05  52.00  20.00  39.05  52.00  53.00  39.05   0.00
16:04:12  42.9   0.0  33.6  23.5   0.0   19 428057 108626    1    0    0  57.76    0.00  14.65   7.40  35.72  52.05  52.00  20.00  39.05  52.00  52.00  39.05   0.00
16:04:13  39.6   0.0  36.7  23.7   0.0   18 418159 110250    0    0    1  59.08    0.00  14.93   7.34  36.80  50.05  50.00  20.00  39.05  50.00  52.00  39.05   0.00
16:04:14  55.3   0.0  20.6  24.1   0.0   18 350199  96649    1    0    0  65.17    0.00  16.93   9.07  39.17  52.05  52.00  20.00  40.05  52.00  53.00  39.05   0.00
16:04:15  53.7   0.0  22.4  23.9   0.0   17 314229  85143    0    0    0  65.79    0.00  16.97   9.05  39.78  52.05  52.00  20.00  40.05  52.00  53.00  39.05   0.00
16:04:16  56.3   0.0  21.0  22.7   0.0   19 327164  89483    1    1    1  66.02    0.01  17.19   9.29  39.54  53.05  53.00  20.00  40.05  52.00  53.00  39.05   0.00
16:04:17  28.3   0.0   3.9  67.8   0.0    2  79444  22622    0    0    0  48.87    0.01  12.73   5.53  30.60  52.05  52.00  20.00  40.05  52.00  53.00  39.05   0.00
16:04:18   4.8   0.0   0.0  95.1   0.0    2   1228    932    0    0    3  33.79    0.00   8.43   2.16  23.20  52.05  52.00  20.00  40.05  52.00  53.00  39.05   0.00
16:04:19  13.2   0.0   0.4  86.5   0.0    5   3182   2021    4    0    1  40.51    0.01  10.60   3.83  26.07  52.05  52.00  20.00  40.05  52.00  53.00  39.05   0.00
16:04:20  19.2   0.0   0.5  80.3   0.0    2   4414   2435    0    0    3  43.91    0.00  11.50   4.02  28.38  53.05  53.00  20.00  40.05  52.00  52.00  39.05   0.00
16:04:21   8.6   0.0   0.2  91.2   0.0    2   1233   1377    2    0    1  38.84    0.00  10.10   2.78  25.96  52.05  52.00  20.00  40.05  52.00  52.00  39.05   0.00
16:04:22  55.8   0.0   0.4  43.8   0.0    5   7667   6501    7    0    2  58.79    0.00  15.39   7.92  35.48  53.05  53.00  20.00  40.05  52.00  53.00  39.05   0.00
16:04:23  31.7   0.0   1.0  67.3   0.0    2  10343   3550    1    1    1  49.88    0.01  12.79   5.10  31.98  52.05  52.00  20.00  40.05  52.00  53.00  39.05   0.00
16:04:24   9.2   0.0   0.2  90.6   0.0    3   1167   1297    2    1    7  38.19    0.01   9.92   2.52  25.74  52.05  52.00  20.00  40.05  52.00  53.00  39.05   0.00
16:04:25  33.4   0.0   0.7  65.9   0.0    4  12581   3657    7    2    2  54.16    0.01  14.26   6.78  33.11  52.05  52.00  20.00  40.05  52.00  53.00  39.05   0.00
16:04:26  15.4   0.0   0.4  84.2   0.0    3   3835   2340    2    1    3  45.56    0.01  12.21   4.63  28.70  54.05  53.00  20.00  40.05  53.00  53.00  39.05   0.00
16:04:27   5.9   0.0   0.2  93.9   0.0    2   2538   1219    1    0    5  37.44    0.00   9.62   2.31  25.50  52.05  52.00  20.00  40.05  53.00  53.00  39.05   0.00
16:04:28  11.1   0.0   0.5  88.4   0.0    5   3189   1946    3    0    1  44.14    0.01  11.63   4.23  28.27  52.05  52.00  20.00  40.05  52.00  53.00  39.05   0.00
16:04:29  16.7   0.0   0.2  83.1   0.0    4   2588   1778    1    1    2  50.00    0.01  13.59   6.13  30.28  53.05  53.00  20.00  40.05  52.00  53.00  39.05   0.00
16:04:30  88.5   0.0   0.9  10.6   0.0   21  17302   8716    7    1    1  74.56    0.01  20.02  12.14  42.40  53.05  53.00  20.00  40.05  53.00  53.00  39.05   0.00
16:04:31  57.6   0.0   2.4  40.0   0.0   17  18099   5457    0    0    2  67.19    0.00  17.36   9.43  40.40  52.05  52.00  20.00  40.05  52.00  53.00  39.05   0.00
16:04:32  61.1   0.0   0.6  38.3   0.0    8  20730   6007    0    0    0  65.99    0.00  17.04   9.35  39.59  53.05  53.00  20.00  40.05  53.00  53.00  39.05   0.00
16:04:33  32.8   0.0   0.4  66.8   0.0    7  16840   3852    0    0    1  54.88    0.00  14.08   6.54  34.27  53.05  53.00  20.00  40.05  53.00  54.00  39.05   0.00
16:04:34  23.8   0.0   0.4  75.9   0.0   11  14925   3140    0    0    0  49.60    0.00  12.92   5.52  31.17  54.05  54.00  20.00  40.05  54.00  54.00  39.05   0.00
16:04:35  14.7   0.0   0.2  85.0   0.0    4   6496   1827    0    0    8  41.07    0.00  10.76   3.32  26.99  51.05  51.00  20.00  40.05  51.00  54.00  39.05   0.00
16:04:36  34.1   0.0   2.1  63.8   0.0   19   4877  67509   36    2    2  53.43    0.01  14.03   6.24  33.16  54.05  54.00  20.00  40.05  54.00  54.00  39.05   0.00
16:04:37  63.3   0.0   0.3  36.5   0.0   27   4342   4892    1    1    1  66.48    0.01  17.55   9.71  39.21  53.05  53.00  20.00  40.05  53.00  54.00  39.05   0.00
16:04:38  99.3   0.0   0.5   0.2   0.0   30   4696   7242    1    1    1  72.57    0.01  19.35  11.68  41.53  54.05  54.00  20.00  40.05  54.00  53.00  39.05   0.00
16:04:39  99.8   0.0   0.2   0.0   0.0   28   2616   6833    0    0    0  73.61    0.00  19.66  11.99  41.96  53.05  53.00  20.00  40.05  53.00  53.00  39.05   0.00
16:04:40  99.7   0.0   0.2   0.1   0.0   28   2061   6526    0    0    3  74.25    0.00  19.86  12.17  42.22  53.05  53.00  20.00  40.05  53.00  53.00  39.05   0.00
16:04:41  99.8   0.0   0.2   0.0   0.0   28   1120   6412    0    0    3  75.25    0.00  20.16  12.46  42.63  54.05  54.00  20.00  40.05  54.00  53.00  39.05   0.00
16:04:42  99.3   0.0   0.2   0.6   0.0   28   1805   6465    0    0    0  74.12    0.00  19.68  11.98  42.46  54.05  54.00  20.00  40.05  54.00  53.00  39.05   0.00
16:04:43  97.2   0.0   0.1   2.7   0.0   25   1990   6483    0    0    1  84.63    0.00  22.98  15.03  46.61  54.05  54.00  20.00  40.05  54.00  55.00  39.05   0.00
16:04:44  91.1   0.0   0.2   8.7   0.0   24   2769   6152    0    0    0  89.43    0.00  24.56  16.40  48.47  55.05  55.00  20.00  40.05  55.00  55.00  39.05   0.00
16:04:45  89.7   0.0   0.7   9.6   0.0   21   2864   6044    0    0    1  88.90    0.00  24.37  16.19  48.34  55.05  55.00  20.00  40.05  55.00  55.00  39.05   0.00
16:04:46  95.8   0.0   0.5   3.7   0.0   19   2679   6442    0    0    1  90.12    0.00  24.79  16.67  48.66  54.05  54.00  20.00  40.05  54.00  55.00  39.05   0.00
16:04:47  98.2   0.0   0.3   1.4   0.0   25   2536   6401    0    0    0  91.63    0.00  25.27  17.14  49.22  55.05  55.00  20.00  40.05  55.00  55.00  40.05   0.00
16:04:48  93.5   0.0   3.4   3.0   0.0   25   2519   6491    0    0    1  90.50    0.00  24.78  16.63  49.08  55.05  55.00  20.00  40.05  55.00  55.00  40.05   0.00
16:04:49  98.0   0.0   0.2   1.8   0.0   25   1991   6267    0    0    0  93.60    0.00  25.76  17.58  50.25  55.05  55.00  20.00  40.05  55.00  55.00  40.05   0.00
16:04:50  28.7   0.0   0.1  71.2   0.0    3   1356   2481    2    0    0  49.80    0.00  13.26   5.75  30.80  53.05  53.00  20.00  40.05  53.00  55.00  40.05   0.00
16:04:51  59.0   0.0   4.4  36.6   0.0   28   4298   5906    9    0    2  65.71    0.00  17.52   9.60  38.59  54.05  54.00  20.00  40.05  54.00  55.00  40.05   0.00
16:04:52  86.5   0.0   0.5  13.0   0.0   23   7376   6722    0    0    1  82.35    0.00  22.48  14.40  45.47  54.05  54.00  20.00  40.05  54.00  55.00  40.05   0.00
16:04:53  66.1   0.0   1.4  32.5   0.0   24  31997   8675    2    0    0  65.94    0.00  17.31   9.69  38.94  54.05  54.00  20.00  40.05  54.00  55.00  40.05   0.00
16:04:54  92.2   0.0   0.6   7.2   0.0   29  10502   6916    0    0    0  79.75    0.00  21.51  13.43  44.81  54.05  54.00  20.00  40.05  54.00  55.00  40.05   0.00
16:04:55  66.0   0.0   2.6  31.4   0.0   19   2314  72585    0    0    0  68.85    0.00  18.10  10.05  40.69  56.05  56.00  20.00  41.05  56.00  55.00  40.05   0.00
16:04:56  85.4   0.0   0.6  14.0   0.0   25   6708   6042    0    0    0  75.07    0.00  20.06  12.06  42.95  54.05  54.00  20.00  41.05  54.00  55.00  40.05   0.00
16:04:57  97.7   0.0   0.8   1.6   0.0   28   7534   7198    0    0    0  79.44    0.00  21.48  13.36  44.60  54.05  54.00  20.00  41.05  54.00  55.00  40.05   0.00
16:04:58  98.2   0.0   0.6   1.2   0.0   32   8294   8192    0    0    0  79.98    0.00  21.55  13.44  44.99  54.05  54.00  20.00  41.05  54.00  55.00  40.05   0.00
16:04:59  98.0   0.0   0.5   1.5   0.0   30   6735   7598    0    0    0  79.02    0.00  21.34  13.28  44.40  53.05  53.00  20.00  41.05  53.00  55.00  40.05   0.00
16:05:00  98.6   0.0   0.4   1.0   0.0   19   6513   7893    0    0    0  79.87    0.00  21.60  13.49  44.78  54.05  54.00  20.00  41.05  54.00  55.00  40.05   0.00
16:05:01  76.4   0.0   0.2  23.4   0.0   28   3871   5826    3    2    3  71.31    0.00  19.00  10.96  41.35  54.05  54.00  20.00  41.05  54.00  55.00  40.05   0.00
16:05:02  99.3   0.0   0.6   0.2   0.0   30   6011   8247    0    0    0  78.32    0.00  21.12  13.07  44.13  54.05  54.00  20.00  41.05  56.00  55.00  40.05   0.00
16:05:03  99.5   0.0   0.4   0.0   0.0   28   4677   7452    0    0    0  77.87    0.00  20.97  12.92  43.97  54.05  54.00  20.00  41.05  54.00  55.00  40.05   0.00
16:05:04  99.7   0.0   0.2   0.1   0.0   29   4203   7328    0    0    0  79.55    0.00  21.28  13.17  45.10  54.05  56.00  20.00  41.05  56.00  55.00  40.05   0.00
16:05:05  99.2   0.0   0.3   0.5   0.0   28   3611   6670    0    0    0  78.28    0.00  21.10  13.01  44.17  54.05  54.00  20.00  41.05  54.00  55.00  40.05   0.00
16:05:06  99.4   0.0   0.3   0.3   0.0   28   3508   6990    0    0    0  78.37    0.00  21.13  13.03  44.20  54.05  56.00  20.00  41.05  56.00  55.00  40.05   0.00
16:05:07  99.5   0.0   0.4   0.0   0.0   28   3319   7094    0    0    0  76.66    0.00  20.58  12.50  43.58  56.05  56.00  20.00  41.05  56.00  55.00  40.05   0.00
16:05:08  99.1   0.0   0.4   0.5   0.0   28   5220   7265    0    0    0  82.25    0.00  22.33  14.06  45.87  56.05  56.00  20.00  41.05  56.00  56.00  40.05   0.00
16:05:09  99.7   0.0   0.3   0.0   0.0   28   3204   6801    0    0    0  82.00    0.00  22.25  14.01  45.74  56.05  56.00  20.00  41.05  56.00  56.00  40.05   0.00
16:05:10  99.2   0.0   0.2   0.6   0.0   28   3529   6828    0    0    0  83.08    0.00  22.57  14.25  46.26  56.05  56.00  20.00  41.05  56.00  56.00  40.05   0.00
16:05:11  99.5   0.0   0.4   0.0   0.0   28   3962   7538    0    0    0  83.93    0.00  22.83  14.48  46.61  56.05  56.00  20.00  41.05  56.00  56.00  40.05   0.00
16:05:12  98.2   0.0   0.4   1.4   0.0   28   7725   7487    0    0    0  83.00    0.00  22.54  14.20  46.26  56.05  56.00  20.00  41.05  56.00  56.00  40.05   0.00
16:05:13  99.6   0.0   0.2   0.1   0.0   28   2730   6978    0    0    0  81.60    0.00  22.00  13.76  45.84  56.05  56.00  20.00  41.05  56.00  56.00  40.05   0.00
16:05:14  99.7   0.0   0.2   0.0   0.0   28   2351   6939    0    0    1  79.31    0.00  21.40  13.25  44.66  56.05  56.00  20.00  41.05  56.00  56.00  40.05   0.00
16:05:15  98.4   0.0   0.4   1.2   0.0   28   8637   7265    0    0    0  79.37    0.00  21.40  13.22  44.75  56.05  56.00  20.00  41.05  56.00  56.00  40.05   0.00
16:05:16  99.5   0.0   0.4   0.1   0.0   28   2045   6618    0    0    1  77.81    0.00  20.83  12.68  44.30  56.05  56.00  20.00  41.05  56.00  56.00  40.05   0.00
16:05:17  99.7   0.0   0.3   0.0   0.0   28   1927   6601    0    0    0  80.40    0.00  21.71  13.47  45.22  56.05  56.00  20.00  41.05  56.00  56.00  41.05   0.00
16:05:18  98.3   0.0   0.5   1.3   0.0   28   4293   7196    0    0    0  85.23    0.00  23.09  14.69  47.45  56.05  56.00  20.00  41.05  56.00  56.00  41.05   0.00
16:05:19  99.6   0.0   0.3   0.0   0.0   33   3386   7146    0    0    0  85.12    0.00  23.19  14.83  47.10  56.05  56.00  20.00  41.05  56.00  56.00  41.05   0.00
16:05:20  98.0   0.0   0.5   1.5   0.0   28  14181   7683    0    0    0  84.23    0.00  22.89  14.52  46.82  55.05  55.00  20.00  41.05  55.00  56.00  41.05   0.00
16:05:21  97.9   0.0   0.6   1.5   0.0   28   7047   6973    0    0    0  85.82    0.00  23.35  14.92  47.55  56.05  56.00  20.00  41.05  56.00  56.00  41.05   0.00
16:05:22  99.6   0.0   0.4   0.0   0.0   30   2064   6683    0    0    0  86.31    0.00  23.54  15.10  47.67  55.05  55.00  20.00  41.05  55.00  56.00  41.05   0.00
16:05:23  97.9   0.0   0.4   1.7   0.0   28   8266   7190    0    0    1  85.57    0.00  23.29  14.86  47.42  55.05  55.00  20.00  41.05  55.00  56.00  41.05   0.00
16:05:24  99.7   0.0   0.2   0.1   0.0   28   1906   6490    0    0    0  87.11    0.00  23.77  15.30  48.04  56.05  56.00  20.00  41.05  56.00  56.00  41.05   0.00
16:05:25  97.4   0.0   0.8   1.7   0.0   28   5397   6691    0    0    4  86.18    0.00  23.46  14.99  47.74  56.05  56.00  20.00  42.05  56.00  56.00  41.05   0.00
16:05:26  99.7   0.0   0.2   0.1   0.0   28   1728   6484    0    0    1  83.53    0.00  22.66  14.30  46.57  56.05  56.00  20.00  42.05  56.00  56.00  41.05   0.00
16:05:27  98.1   0.0   0.4   1.5   0.0   28   8055   7009    0    0    0  78.04    0.00  20.98  12.80  44.26  56.05  56.00  20.00  42.05  56.00  56.00  41.05   0.00
16:05:28  99.6   0.0   0.3   0.0   0.0   28   1860   6848    1    1    1  78.40    0.01  20.98  12.79  44.62  56.05  56.00  20.00  42.05  56.00  56.00  41.05   0.00
16:05:29  99.8   0.0   0.2   0.0   0.0   28   1631   6529    1    1    2  80.00    0.01  21.58  13.38  45.02  56.05  56.00  20.00  42.05  56.00  56.00  41.05   0.00
16:05:30  97.0   0.0   1.0   1.9   0.0   28  10054   7645    1    1    1  83.83    0.01  22.69  14.28  46.84  56.05  56.00  20.00  42.05  56.00  56.00  41.05   0.00
16:05:31  99.5   0.0   0.5   0.0   0.0   27   1205   6524    1    1    1  87.92    0.01  23.99  15.51  48.42  56.05  56.00  20.00  42.05  56.00  57.00  41.05   0.00
16:05:32  98.0   0.0   0.4   1.6   0.0   28   7800   7155    1    0    0  87.10    0.00  23.70  15.21  48.19  56.05  56.00  20.00  42.05  56.00  57.00  41.05   0.00
16:05:33  96.5   0.0   1.5   2.0   0.0   29   6682   6929    0    0    0  87.14    0.00  23.61  15.11  48.42  57.05  57.00  20.00  42.05  57.00  57.00  41.05   0.00
16:05:34  99.5   0.0   0.4   0.0   0.0   28   1214   6411    0    0    0  88.84    0.00  24.14  15.59  49.11  57.05  57.00  20.00  42.05  57.00  57.00  41.05   0.00
16:05:35  98.0   0.0   0.3   1.7   0.0   28   2477   6426    0    0    3  87.47    0.00  23.79  15.29  48.39  57.05  57.00  20.00  42.05  57.00  57.00  41.05   0.00
16:05:36  74.3   0.0   1.3  24.5   0.0   19   6279  38836    0    0    0  73.61    0.00  19.62  11.39  42.59  56.05  56.00  20.00  42.05  56.00  57.00  41.05   0.00
16:05:37  93.4   0.0   0.3   6.3   0.0   28   1166   6025    0    0    0  87.63    0.00  23.88  15.44  48.31  56.05  56.00  20.00  42.05  56.00  57.00  41.05   0.00
16:05:38  99.2   0.0   0.3   0.5   0.0   29   1242   6263    0    0    0  88.63    0.00  24.17  15.67  48.79  56.05  56.00  20.00  42.05  56.00  57.00  42.05   0.00
16:05:39  99.7   0.0   0.3   0.0   0.0   28    950   6322    0    0    0  88.93    0.00  24.26  15.74  48.93  56.05  56.00  20.00  42.05  56.00  57.00  42.05   0.00
16:05:40  97.8   0.0   0.6   1.6   0.0   28   8617   7467    0    0    0  87.41    0.00  23.78  15.28  48.36  56.05  56.00  20.00  42.05  56.00  57.00  42.05   0.00
16:05:41  98.0   0.0   0.5   1.6   0.0   28   8320   7070    0    0    0  87.77    0.00  23.87  15.36  48.53  56.05  56.00  20.00  42.05  56.00  57.00  42.05   0.00
16:05:42  99.5   0.0   0.5   0.0   0.0   28   1082   6283    0    0    0  88.94    0.00  24.24  15.71  48.99  56.05  56.00  20.00  42.05  56.00  57.00  42.05   0.00
16:05:43  97.4   0.0   0.8   1.8   0.0   27   9553   7451    0    0    0  88.00    0.00  23.76  15.30  48.94  56.05  56.00  20.00  42.05  56.00  57.00  42.05   0.00
16:05:44  99.7   0.0   0.3   0.0   0.0   28   1041   6345    0    0    0  88.62    0.00  24.16  15.66  48.79  58.05  58.00  20.00  42.05  58.00  57.00  42.05   0.00
16:05:45  97.5   0.0   0.8   1.8   0.0   28   7728   7090    0    0    0  87.79    0.00  23.89  15.41  48.50  57.05  57.00  20.00  42.05  57.00  57.00  42.05   0.00
16:05:46  96.5   0.0   1.1   2.4   0.0   27  17414   7867    0    0    0  87.51    0.00  23.80  15.33  48.37  56.05  56.00  20.00  42.05  56.00  57.00  42.05   0.00
16:05:47  99.8   0.0   0.2   0.0   0.0   28   1090   6265    0    0    1  88.26    0.00  24.07  15.59  48.60  57.05  57.00  20.00  42.05  57.00  57.00  42.05   0.00
16:05:48  97.4   0.0   0.5   2.1   0.0   28  13462   7417    0    0    0  87.03    0.00  23.68  15.23  48.13  56.05  56.00  20.00  42.05  56.00  57.00  42.05   0.00
16:05:49  99.6   0.0   0.3   0.1   0.0   28   1077   6410    0    0    0  89.56    0.00  24.25  15.75  49.56  57.05  57.00  20.00  42.05  56.00  57.00  42.05   0.00
16:05:50  95.5   0.0   1.7   2.8   0.0   28  19648   7946    0    0    0  86.76    0.00  23.57  15.12  48.07  57.05  57.00  20.00  42.05  58.00  57.00  42.05   0.00
16:05:51  99.6   0.0   0.4   0.0   0.0   27   1086   6257    0    0    1  89.53    0.00  24.45  15.94  49.14  57.05  57.00  20.00  42.05  56.00  57.00  42.05   0.00
16:05:52  96.0   0.0   1.2   2.8   0.0   28  20882   8092    0    0    0  87.40    0.00  23.76  15.29  48.35  57.05  57.00  20.00  42.05  57.00  58.00  42.05   0.00
16:05:53  96.4   0.0   1.8   1.8   0.0   28   1141   6138    0    0    0  88.57    0.00  24.11  15.60  48.86  58.05  58.00  20.00  42.05  57.00  58.00  42.05   0.00
16:05:54  99.6   0.0   0.3   0.0   0.0   29   1399   6351    1    1    1  90.56    0.01  24.69  16.08  49.79  56.05  56.00  20.00  42.05  56.00  58.00  42.05   0.00
16:05:55  98.1   0.0   0.4   1.5   0.0   28   1330   6299    1    1    1  89.78    0.01  24.43  15.76  49.58  57.05  57.00  20.00  42.05  57.00  58.00  42.05   0.00
16:05:56  99.5   0.0   0.4   0.0   0.0   28   1599   6429    1    1    1  89.91    0.01  24.50  15.88  49.53  57.05  57.00  20.00  42.05  57.00  57.00  42.05   0.00
16:05:57  95.7   0.0   2.2   2.1   0.0   27   1250   6214    0    0    0  89.06    0.01  24.23  15.68  49.15  58.05  58.00  20.00  42.05  57.00  57.00  42.05   0.00
16:05:58  97.8   0.0   0.5   1.8   0.0   28   1380   6341    1    1    1  90.15    0.01  24.48  15.92  49.75  57.05  57.00  20.00  42.05  57.00  57.00  42.05   0.00
16:05:59  99.5   0.0   0.4   0.0   0.0   29   1172   6478    0    0    0  90.56    0.01  24.71  16.13  49.71  58.05  58.00  20.00  42.05  58.00  58.00  42.05   0.00
16:06:00  95.0   0.0   2.5   2.5   0.0   29   1284   6157    1    1    0  90.01    0.00  24.53  15.94  49.53  58.05  58.00  20.00  42.05  58.00  58.00  42.05   0.00
16:06:01  98.2   0.0   0.2   1.6   0.0   28   1451   6355    0    0    1  92.92    0.00  25.39  16.85  50.68  58.05  58.00  20.00  43.05  58.00  58.00  42.05   0.00
16:06:02  36.0   0.0   0.2  63.9   0.0    5   3381   3624    2    1    1  58.93    0.01  15.77   7.82  35.33  57.05  57.00  20.00  43.05  57.00  58.00  42.05   0.00
16:06:03  14.0   0.0   0.0  86.0   0.0    5    901   1256    1    0    1  45.86    0.00  12.32   4.75  28.80  56.05  56.00  20.00  43.05  56.00  58.00  43.05   0.00
16:06:04  16.4   0.0   0.2  83.5   0.0    2   1533   1503    0    0    0  48.19    0.00  12.99   5.40  29.80  56.05  56.00  20.00  43.05  56.00  57.00  43.05   0.00
16:06:05   5.5   0.0   0.0  94.5   0.0    2    662    750    0    0    2  42.91    0.00  11.38   4.10  27.43  56.05  56.00  20.00  43.05  56.00  57.00  43.05   0.00
16:06:06   4.4   0.0   0.0  95.5   0.0    3    583    714    0    0    1  42.71    0.00  11.19   3.95  27.56  56.05  57.00  20.00  43.05  57.00  57.00  43.05   0.00
16:06:07   6.2   0.0   0.0  93.8   0.0    2    658    796    1    1    1  43.67    0.01  11.62   4.29  27.76  56.05  56.00  20.00  43.05  56.00  57.00  43.05   0.00
16:06:08   4.5   0.0   0.1  95.4   0.0    2    938    772    2    2    3  42.24    0.01  11.17   3.91  27.14  56.05  56.00  20.00  43.05  56.00  57.00  43.05   0.00
16:06:09  14.4   0.0   0.5  85.1   0.0    4   2450   2015    6    2    2  46.54    0.01  12.43   4.82  29.28  56.05  56.00  20.00  43.05  56.00  57.00  43.05   0.00
16:06:10   7.3   0.0   0.0  92.7   0.0    2    826   1006    0    0    3  42.09    0.00  10.99   3.63  27.47  56.05  56.00  20.00  43.05  56.00  57.00  43.05   0.00
16:06:11   8.0   0.0   0.0  92.0   0.0    3    587    949    0    0    0  41.75    0.00  10.99   3.50  27.25  56.05  56.00  20.00  43.05  56.00  57.00  43.05   0.00
16:06:12  10.9   0.0   0.3  88.8   0.0    5   1746   1531    3    0    0  43.77    0.00  11.56   3.97  28.24  56.05  56.00  20.00  43.05  56.00  56.00  43.05   0.00
16:06:13  16.7   0.0   0.2  83.1   0.0    2   2293   1704    0    0    0  47.87    0.00  12.77   5.26  29.84  56.05  56.00  20.00  43.05  56.00  56.00  43.05   0.00
16:06:14   9.2   0.0   0.0  90.8   0.0    2   1006   1114    0    0    2  44.54    0.00  11.93   4.61  28.00  56.05  56.00  20.00  43.05  56.00  56.00  43.05   0.00
16:06:15   6.2   0.0   0.2  93.6   0.0    5    728   1163    4    0    2  43.43    0.00  11.53   4.27  27.62  56.05  56.00  20.00  43.05  56.00  56.00  43.05   0.00
16:06:16  15.2   0.0   0.0  84.8   0.0    4   1056   1553    0    0    0  46.20    0.00  12.24   4.67  29.29  56.05  56.00  20.00  43.05  56.00  57.00  43.05   0.00
16:06:17  12.9   0.0   0.2  86.8   0.0    3   1475   1564    3    1    3  46.55    0.01  12.46   4.96  29.13  56.05  56.00  20.00  43.05  56.00  57.00  43.05   0.00
16:06:18   5.3   0.0   0.0  94.7   0.0    2   1117    806    1    1    2  42.66    0.00  11.32   4.10  27.24  55.05  55.00  20.00  43.05  55.00  57.00  43.05   0.00
16:06:19   4.5   0.0   0.1  95.3   0.1    2    777    729    0    0    1  42.90    0.01  11.27   4.06  27.57  56.05  56.00  20.00  43.05  56.00  57.00  43.05   0.00
16:06:20  29.1   0.0   3.1  67.8   0.0   19   1799  25273    4    1    2  53.78    0.00  14.14   6.39  33.25  56.05  56.00  20.00  43.05  56.00  56.00  43.05   0.00
16:06:21  65.8   0.0   0.7  33.5   0.0   19   4208  46656    0    0    0  69.13    0.00  18.24  10.26  40.63  56.05  56.00  20.00  43.05  56.00  56.00  43.05   0.00
16:06:22  25.9   0.0   0.2  74.0   0.0    5   2243   2374    2    1    1  51.69    0.02  13.77   6.14  31.75  56.05  56.00  20.00  43.05  56.00  57.00  43.05   0.00
16:06:23   5.5   0.0   2.5  92.0   0.0    2   2832   2470    7    4  104  42.31    0.01  10.82   3.42  28.06  56.05  56.00  20.00  43.05  56.00  57.00  43.05   0.00
16:06:24   1.8   0.0   4.0  94.1   0.2    4   2060   1705    3    2   16  40.29    0.01  10.15   2.73  27.40  55.05  55.00  20.00  43.05  55.00  56.00  43.05   0.00
-------- ----- ----- ----- ----- ----- ---- ------ ------ ---- ---- ---- ------  ------ ------ ------ ------ ------ ------ ------ ------ ------ ------ ------ ------
 Average  63.3   0.0   2.6  34.1   0.0 18.0 34412.6 14774.0  2.6  0.8  2.4  67.57    0.00  18.01  10.23  39.32  53.58  53.55  20.00  40.53  53.53  54.04  39.73   0.00
 GeoMean   0.0   0.0   0.0   0.0   0.0 13.2 6584.0 6494.4  0.0  0.0  0.0  64.85    0.00  17.18   8.60  38.34  53.51  53.47  20.00  40.50  53.46  53.97  39.68   0.00
  StdDev  35.3   0.0   6.5  35.2   0.0 10.2 89211.0 26298.2  8.5  4.7  9.4  17.75    0.00   5.05   4.50   8.24   2.79   2.81   0.00   1.53   2.80   2.74   2.01   0.00
-------- ----- ----- ----- ----- ----- ---- ------ ------ ---- ---- ---- ------  ------ ------ ------ ------ ------ ------ ------ ------ ------ ------ ------ ------
 Minimum   0.0   0.0   0.0   0.0   0.0  1.0  257.0  154.0  0.0  0.0  0.0  22.35    0.00   5.03   0.05  17.26  47.05  47.00  20.00  38.05  47.00  48.00  37.05   0.00
 Maximum  99.8   0.0  39.7  99.9   0.2 35.0 431540.0 148146.0 55.0 59.0 104.0  93.60    0.02  25.76  17.58  50.68  58.05  58.00  20.00  43.05  58.00  58.00  43.05   0.00
-------- ----- ----- ----- ----- ----- ---- ------ ------ ---- ---- ---- ------  ------ ------ ------ ------ ------ ------ ------ ------ ------ ------ ------ ------
Summary:
CPU:  67.57 Watts on average with standard deviation 17.75 
Note: power read from RAPL domains: uncore, pkg-0, core, psys.
These readings do not cover all the hardware in this device.

Histogram (of 195 power measurements)

 Range (Watts)  Count
22.351 - 29.474     3 ###
29.475 - 36.599     1 #
36.600 - 43.724    24 #########################
43.725 - 50.848    22 #######################
50.849 - 57.973    13 ##############
57.974 - 65.097    10 ##########
65.098 - 72.222    25 ###########################
72.223 - 79.347    35 #####################################
79.348 - 86.471    25 ###########################
86.472 - 93.596    37 ########################################

Histogram (of 195 CPU utilization measurements)

  Range (%CPU)    Count
  0.083 -  10.074    19 #########
 10.075 -  20.066    22 ###########
 20.067 -  30.057     9 ####
 30.058 -  40.049     9 ####
 40.050 -  50.041     2 #
 50.042 -  60.032     3 #
 60.033 -  70.024    10 #####
 70.025 -  80.016    39 ####################
 80.017 -  90.007     5 ##
 90.008 -  99.999    77 ########################################

Histogram (of 195 thermal zone TCPU readings)

 Range (°C)    Count
47.050 - 48.149    11 ########
48.150 - 49.249    16 ###########
49.250 - 50.349     8 #####
50.350 - 51.449     1 
51.450 - 52.549    39 ############################
52.550 - 53.649    14 ##########
53.650 - 54.749    22 ################
54.750 - 55.849    10 #######
55.850 - 56.949    55 ########################################
56.950 - 58.049    19 #############

Histogram (of 195 thermal zone x86_pkg_temp readings)

 Range (°C)    Count
47.000 - 48.099    11 #######
48.100 - 49.199    16 ###########
49.200 - 50.299     8 #####
50.300 - 51.399     1 
51.400 - 52.499    40 ############################
52.500 - 53.599    14 ##########
53.600 - 54.699    19 #############
54.700 - 55.799    10 #######
55.800 - 56.899    56 ########################################
56.900 - 57.999    20 ##############

Range is zero, cannot produce histogram of thermal zone INT3400 Thermal

Histogram (of 195 thermal zone SEN3 readings)

 Range (°C)    Count
38.050 - 38.549    16 #############
38.550 - 39.049    48 ########################################
39.050 - 39.549     0 
39.550 - 40.049    41 ##################################
40.050 - 40.549     0 
40.550 - 41.049    30 #########################
41.050 - 41.549     0 
41.550 - 42.049    36 ##############################
42.050 - 42.549     0 
42.550 - 43.049    24 ####################

Histogram (of 195 thermal zone TCPU_PCI readings)

 Range (°C)    Count
47.000 - 48.099    11 #######
48.100 - 49.199    16 ##########
49.200 - 50.299     7 ####
50.300 - 51.399     1 
51.400 - 52.499    44 #############################
52.500 - 53.599    11 #######
53.600 - 54.699    18 ############
54.700 - 55.799    10 ######
55.800 - 56.899    59 ########################################
56.900 - 57.999    18 ############

Histogram (of 195 thermal zone iwlwifi_1 readings)

 Range (°C)    Count
48.000 - 48.999    16 ################
49.000 - 49.999    12 ############
50.000 - 50.999     6 ######
51.000 - 51.999    20 #####################
52.000 - 52.999    34 ###################################
53.000 - 53.999     5 #####
54.000 - 54.999    25 ##########################
55.000 - 55.999    30 ###############################
56.000 - 56.999    38 ########################################
57.000 - 57.999     9 #########

Histogram (of 195 thermal zone acpitz readings)

 Range (°C)    Count
37.050 - 37.649    41 ########################################
37.650 - 38.249    20 ###################
38.250 - 38.849     0 
38.850 - 39.449    36 ###################################
39.450 - 40.049    30 #############################
40.050 - 40.649     0 
40.650 - 41.249    21 ####################
41.250 - 41.849     0 
41.850 - 42.449    25 ########################
42.450 - 43.049    22 #####################

Range is zero, cannot produce histogram of thermal zone SEN2
