Running for 86400.0 seconds (86400 samples at 1.0 second intervals).
Power measurements will start in 0 seconds time.

  Time    User  Nice   Sys  Idle    IO  Run Ctxt/s  IRQ/s Fork Exec Exit  Watts  uncore  pkg-0   core   psys   TCPU x86_pk INT340   SEN3 TCPU_P iwlwif acpitz   SEN2
05:28:44   0.0   0.0   0.0 100.0   0.0    1    234    255    0    0    0  13.08    0.00   3.19   0.10   9.79  42.05  39.00  20.00  29.05  39.00  41.00  29.05   0.00
05:28:45   0.0   0.0   0.0 100.0   0.0    1    284    160    0    0    2  13.40    0.00   3.27   0.03  10.09  40.05  40.00  20.00  29.05  40.00  41.00  29.05   0.00
05:28:46   0.2   0.0   0.1  99.7   0.0    3    335    186    9    6    8  12.52    0.00   3.10   0.10   9.32  40.05  40.00  20.00  29.05  39.00  41.00  29.05   0.00
05:28:47  14.0   0.0   1.3  84.7   0.0    5  20902   4112   24    0    0  33.48    0.00   8.86   3.94  20.68  42.05  42.00  20.00  29.05  42.00  41.00  29.05   0.00
05:28:48  12.7   0.0   0.5  86.7   0.0    5  24987   3679   17    0    0  32.25    0.00   8.43   3.52  20.30  40.05  40.00  20.00  29.05  40.00  41.00  29.05   0.00
05:28:49  19.6   0.0   0.8  79.5   0.1    5  20779   3850    0    0    1  35.77    0.00   9.45   4.19  22.13  40.05  40.00  20.00  29.05  40.00  41.00  29.05   0.00
05:28:50  16.3   0.0   1.0  82.7   0.0    7   9660   3000    4    0    0  32.95    0.00   8.89   3.80  20.25  40.05  40.00  20.00  29.05  40.00  41.00  29.05   0.00
05:28:51  18.3   0.0   0.8  80.9   0.0    5  15611   3161    0    0    0  38.90    0.00  10.61   4.73  23.55  42.05  42.00  20.00  29.05  42.00  41.00  29.05   0.00
05:28:52  17.8   0.0   0.4  81.8   0.0    3  11648   2870    0    0    0  39.18    0.00  10.69   4.56  23.93  42.05  42.00  20.00  29.05  42.00  42.00  29.05   0.00
05:28:53  16.5   0.0   0.6  82.9   0.0    5  14046   3057    7    4    4  37.70    0.00  10.34   4.37  22.99  42.05  42.00  20.00  29.05  42.00  42.00  29.05   0.00
05:28:54  16.3   0.0   0.5  83.1   0.0    5  13308   2807    0    0    0  37.76    0.00  10.24   4.15  23.37  42.05  42.00  20.00  29.05  42.00  42.00  29.05   0.00
05:28:55  18.9   0.0   0.8  80.2   0.0    5  19599   3390    1    0    1  40.04    0.00  10.82   4.69  24.52  42.05  42.00  20.00  29.05  42.00  43.00  29.05   0.00
05:28:56  14.9   0.0   1.1  84.0   0.0    3  15900   3791   25    2    0  35.09    0.00   9.38   3.35  22.37  42.05  42.00  20.00  29.05  43.00  43.00  29.05   0.00
05:28:57  20.6   0.0   0.9  78.5   0.0    3  16315   3862   22    0    2  37.90    0.00  10.35   4.23  23.33  42.05  42.00  20.00  29.05  42.00  43.00  29.05   0.00
05:28:58  16.5   0.0   0.5  83.0   0.0    5   9721   2604    0    0    0  37.05    0.00  10.28   4.21  22.56  42.05  42.00  20.00  29.05  42.00  43.00  29.05   0.00
05:28:59  17.5   0.0   0.8  81.7   0.0    5   8706   2506    0    0    0  38.89    0.00  10.73   4.49  23.67  43.05  43.00  20.00  29.05  42.00  43.00  29.05   0.00
05:29:00  17.9   0.0   0.2  81.8   0.1    5   5903   2319    0    0    0  39.11    0.00  10.86   4.57  23.69  42.05  42.00  20.00  29.05  42.00  43.00  29.05   0.00
05:29:01  18.8   0.0   0.5  80.6   0.0    5  11028   2741    0    0    3  38.40    0.00  10.67   4.60  23.13  44.05  44.00  20.00  29.05  44.00  43.00  29.05   0.00
05:29:02  18.1   0.0   0.9  80.9   0.0    5  12228   2954    3    0    2  38.76    0.00  10.74   4.64  23.38  42.05  42.00  20.00  29.05  42.00  43.00  29.05   0.00
05:29:03  15.9   0.0   1.2  82.9   0.0    6   6612   3140    4    0   51  36.61    0.00   9.94   3.64  23.03  43.05  43.00  20.00  29.05  43.00  43.00  29.05   0.00
05:29:04  19.9   0.0   0.7  79.4   0.0    5   6931   2722    0    0    0  36.05    0.00   9.96   3.88  22.20  42.05  42.00  20.00  29.05  42.00  43.00  29.05   0.00
05:29:05  17.9   0.0   0.5  81.5   0.1    5   3747   2033    0    0    0  35.31    0.00   9.70   3.50  22.11  43.05  43.00  20.00  29.05  43.00  43.00  29.05   0.00
05:29:06  18.0   0.0   0.8  81.2   0.0    6   7165   2841   26    0   24  35.76    0.00   9.85   3.82  22.09  44.05  44.00  20.00  29.05  44.00  43.00  29.05   0.00
05:29:07  16.2   0.0   0.9  82.9   0.0    5   8600   2270    9    2    0  40.01    0.00  10.81   4.45  24.75  44.05  44.00  20.00  29.05  44.00  44.00  29.05   0.00
05:29:08  13.5   0.0   1.1  85.4   0.0    4  29914   4791   20    0    0  36.68    0.00   9.70   3.95  23.03  42.05  42.00  20.00  29.05  42.00  44.00  29.05   0.00
05:29:09  20.7   0.0   1.5  77.8   0.0    5  28347   5073   22    0    2  42.81    0.00  11.57   5.58  25.67  44.05  44.00  20.00  29.05  44.00  44.00  29.05   0.00
05:29:10  16.9   0.0   0.6  82.5   0.0    5  17248   3378    0    0    0  40.80    0.00  11.25   5.25  24.30  43.05  43.00  20.00  29.05  43.00  44.00  30.05   0.00
05:29:11  18.0   0.0   0.8  81.2   0.0    5  14753   3071    0    0    0  42.26    0.00  11.60   5.44  25.22  44.05  44.00  20.00  29.05  44.00  44.00  30.05   0.00
05:29:12  18.2   0.0   0.3  81.6   0.0   11  11474   2701    0    0    1  41.38    0.00  11.52   5.46  24.40  44.05  44.00  20.00  29.05  44.00  44.00  30.05   0.00
05:29:13  19.1   0.0   0.8  80.1   0.0    5  20576   3706    0    0    0  42.72    0.00  11.76   5.76  25.20  44.05  44.00  20.00  29.05  43.00  45.00  30.05   0.00
05:29:14  18.3   0.0   0.7  81.0   0.0    2  17667   3466    2    0   52  43.38    0.00  11.83   5.64  25.91  44.05  44.00  20.00  29.05  44.00  45.00  30.05   0.00
05:29:15  16.0   0.0   0.7  83.3   0.0    5   4126   2643    6    0    4  39.23    0.00  10.22   3.46  25.54  43.05  43.00  20.00  29.05  44.00  45.00  30.05   0.00
05:29:16  17.3   0.0   0.6  82.1   0.0    5   4351   2445   26    0   24  41.67    0.00  10.63   3.48  27.56  44.05  44.00  20.00  29.05  44.00  44.00  30.05   0.00
05:29:17  14.9   0.0   1.0  84.1   0.0    3   6596   2228   26    5    3  34.40    0.00   9.39   3.35  21.66  44.05  44.00  20.00  29.05  44.00  45.00  30.05   0.00
05:29:18  10.9   0.0   1.3  87.7   0.0    4  25023   6060   63    2   42  38.00    0.00  10.01   4.32  23.68  44.05  44.00  20.00  30.05  44.00  45.00  30.05   0.00
05:29:19  71.4   0.0   1.6  27.0   0.0   30  23249  10139   32    0    0  51.07    0.00  13.49   8.29  29.29  44.05  44.00  20.00  30.05  44.00  45.00  30.05   0.00
05:29:20  92.1   0.0   2.3   5.5   0.0   21  10181  11858    0    0    0  55.39    0.00  14.60   9.09  31.70  44.05  44.00  20.00  30.05  44.00  45.00  30.05   0.00
05:29:21  45.7   0.0   3.5  50.8   0.0   11 107221  18042    0    0    3  51.01    0.00  13.32   7.52  30.18  42.05  42.00  20.00  30.05  42.00  44.00  30.05   0.00
05:29:22  43.9   0.0   1.9  54.2   0.0   12  26138   6530    0    0    1  48.84    0.00  12.49   7.02  29.33  44.05  44.00  20.00  30.05  44.00  44.00  30.05   0.00
05:29:23  42.8   0.0   2.1  55.1   0.0   10  18925  10233    0    0    2  47.30    0.00  12.15   6.73  28.42  44.05  44.00  20.00  29.05  44.00  45.00  30.05   0.00
05:29:24  28.0   0.0   1.4  70.6   0.0    4  25796   6311    2    0   12  41.72    0.00  10.99   4.85  25.87  44.05  44.00  20.00  29.05  44.00  45.00  30.05   0.00
05:29:25  14.7   0.0   0.4  84.9   0.0    5   4834   2061    7    2    1  36.32    0.00  10.12   4.04  22.15  44.05  44.00  20.00  29.05  44.00  45.00  30.05   0.00
05:29:26  13.0   0.0   1.0  86.0   0.0    5   4061   2952   40   52   38  38.80    0.00  10.25   3.63  24.92  44.05  44.00  20.00  29.05  45.00  45.00  30.05   0.00
05:29:27  16.3   0.0   0.8  83.0   0.0    7  13563   3570   30   36   31  40.85    0.00  10.76   4.18  25.90  44.05  44.00  20.00  29.05  44.00  45.00  30.05   0.00
05:29:28  20.7   0.0   0.4  78.9   0.0    5  19871   3565    0    0    1  40.63    0.00  10.99   4.87  24.77  44.05  44.00  20.00  29.05  44.00  45.00  30.05   0.00
05:29:29  52.2   0.0   1.8  46.0   0.0   21  41209   9353   19    0    0  55.13    0.01  14.85   8.46  31.80  45.05  45.00  20.00  29.05  45.00  45.00  30.05   0.00
05:29:30  60.9   0.0   2.9  36.2   0.0   19  41222  19780    0    0    0  58.49    0.00  15.60   9.40  33.49  44.05  44.00  20.00  29.05  44.00  45.00  30.05   0.00
05:29:31  75.7   0.0   1.6  22.7   0.0   19  23753   7786    0    0    0  68.38    0.00  18.60  11.93  37.84  44.05  44.00  20.00  29.05  44.00  45.00  30.05   0.00
05:29:32  80.0   0.0   0.8  19.2   0.0   20  13913   6987    0    0    3  68.41    0.01  18.75  12.09  37.56  45.05  45.00  20.00  29.05  45.00  45.00  30.05   0.00
05:29:33  75.7   0.0   0.9  23.5   0.0   18  13290   6975    7    0    6  66.15    0.01  18.03  11.35  36.76  44.05  44.00  20.00  30.05  44.00  46.00  30.05   0.00
05:29:34  63.9   0.0   0.8  35.2   0.0   15  14647   6612    2    0    2  61.45    0.00  16.48   9.90  35.07  45.05  45.00  20.00  30.05  45.00  46.00  30.05   0.00
05:29:35  74.3   0.0   0.8  24.9   0.0   19  10241   6544    0    0    0  68.40    0.00  18.79  12.14  37.47  45.05  45.00  20.00  30.05  45.00  46.00  31.05   0.00
05:29:36  79.0   0.0   0.9  20.1   0.0   21  15890   7208    2    0    2  66.83    0.00  18.29  11.60  36.93  45.05  45.00  20.00  30.05  45.00  46.00  31.05   0.00
05:29:37  75.7   0.0   1.2  23.0   0.0   17  22957   8099    0    0    0  67.73    0.00  18.44  11.67  37.62  45.05  45.00  20.00  30.05  45.00  46.00  31.05   0.00
05:29:38  54.3   0.0   0.9  44.9   0.0   20  16938   6244    3    1    3  57.56    0.01  15.21   8.64  33.71  45.05  45.00  20.00  30.05  45.00  46.00  31.05   0.00
05:29:39  76.1   0.0   1.6  22.3   0.0   20  34847   9733    0    0    0  63.34    0.00  17.16  10.51  35.67  45.05  45.00  20.00  30.05  45.00  46.00  31.05   0.00
05:29:40  75.7   0.0   2.1  22.2   0.0   13  50821  13231    0    0    0  62.73    0.00  16.97  10.85  34.90  45.05  45.00  20.00  30.05  45.00  46.00  31.05   0.00
05:29:41  47.3   0.0   1.4  51.3   0.0    7  26982  10068    0    0    0  53.23    0.00  14.36   7.94  30.93  47.05  47.00  20.00  30.05  47.00  46.00  31.05   0.00
05:29:42  57.6   0.0   3.2  39.2   0.0   20  56805  20371    0    0    0  56.39    0.00  15.31   8.80  32.29  45.05  45.00  20.00  30.05  45.00  46.00  31.05   0.00
05:29:43  65.0   0.0   3.7  31.3   0.0   19  63782  56627    0    0    1  59.46    0.00  16.04   9.54  33.88  45.05  45.00  20.00  30.05  45.00  46.00  31.05   0.00
05:29:44  66.3   0.0   7.2  26.4   0.0   18 128047  45446    1    1    5  62.42    0.00  16.84  10.17  35.41  45.05  45.00  20.00  30.05  45.00  46.00  31.05   0.00
05:29:45  76.0   0.0   3.3  20.8   0.0   21  59915  23006    0    0    0  64.34    0.00  17.44  10.68  36.22  45.05  45.00  20.00  30.05  45.00  46.00  31.05   0.00
05:29:46  52.8   0.0   0.7  46.5   0.0    7  12587   5942    0    0    0  54.46    0.00  14.54   7.81  32.11  45.05  45.00  20.00  30.05  45.00  46.00  31.05   0.00
05:29:47  67.6   0.0   1.6  30.8   0.0   20  23238  10652    0    0    2  59.58    0.00  16.15   9.50  33.93  45.05  45.00  20.00  30.05  45.00  46.00  31.05   0.00
05:29:48  77.2   0.0   1.7  21.1   0.0   21  15388   8852    0    0    0  64.51    0.00  17.48  10.72  36.30  45.05  45.00  20.00  30.05  45.00  46.00  31.05   0.00
05:29:49  76.4   0.0   2.7  20.8   0.0   20  34729  15124    0    0    0  64.80    0.00  17.64  10.86  36.30  45.05  45.00  20.00  30.05  45.00  46.00  31.05   0.00
05:29:50  76.6   0.0   1.1  22.3   0.0   20   9626   7153    0    0    0  65.54    0.00  17.73  10.82  36.98  45.05  45.00  20.00  30.05  45.00  46.00  32.05   0.00
05:29:51  66.7   0.0   0.9  32.4   0.0   19   3543  32226    2    0    1  62.85    0.00  17.11  10.52  35.22  45.05  45.00  20.00  30.05  45.00  46.00  32.05   0.00
05:29:52  75.6   0.0   1.6  22.8   0.0   21  24702  11623    0    0    1  68.65    0.00  18.83  12.09  37.73  45.05  45.00  20.00  30.05  45.00  46.00  32.05   0.00
05:29:53  76.9   0.0   1.8  21.3   0.0   19  15291   9089    0    0    0  65.13    0.00  17.67  10.93  36.52  47.05  47.00  20.00  31.05  45.00  47.00  32.05   0.00
05:29:54  75.3   0.0   2.9  21.8   0.0   20  54378  19219    0    0    0  65.01    0.00  17.54  10.83  36.64  45.05  45.00  20.00  31.05  46.00  47.00  32.05   0.00
05:29:55  78.7   0.0   0.6  20.7   0.0   20   8835   7660    0    0    1  60.24    0.00  16.15   9.79  34.30  47.05  47.00  20.00  31.05  45.00  47.00  31.05   0.00
05:29:56  67.6   0.0  11.9  20.5   0.0   20 190099  66623    0    0    0  63.50    0.00  17.20  10.82  35.49  46.05  46.00  20.00  31.05  45.00  47.00  31.05   0.00
05:29:57  68.8   0.0   2.5  28.7   0.0   15  39412  15566    0    0    0  64.75    0.00  17.54  10.93  36.28  48.05  48.00  20.00  31.05  48.00  47.00  31.05   0.00
05:29:58  54.0   0.0   2.1  43.9   0.0   13  23963   9997    0    0    0  56.34    0.00  14.80   8.28  33.27  46.05  46.00  20.00  31.05  46.00  47.00  31.05   0.00
05:29:59  67.1   0.0   2.9  30.0   0.0   20  48400  17937    0    0    0  63.10    0.00  16.86  10.07  36.17  47.05  47.00  20.00  31.05  47.00  47.00  31.05   0.00
05:30:00  76.6   0.0   1.9  21.6   0.0   20  14649   8724    0    0    0  65.45    0.00  17.78  10.98  36.69  47.05  47.00  20.00  31.05  47.00  47.00  32.05   0.00
05:30:01  76.1   0.0   2.1  21.8   0.0   20  31097  13306    0    0    0  66.25    0.00  17.88  10.86  37.51  48.05  48.00  20.00  31.05  48.00  47.00  32.05   0.00
05:30:02  74.7   0.0   2.1  23.2   0.0   20  16219   8731    0    0    0  65.61    0.00  17.83  10.94  36.84  47.05  47.00  20.00  31.05  47.00  47.00  32.05   0.00
05:30:03  67.2   0.0   2.0  30.8   0.0   19  17717   8827    0    0    0  61.38    0.00  16.42   9.60  35.36  47.05  47.00  20.00  31.05  47.00  48.00  32.05   0.00
05:30:04  75.5   0.0   1.5  23.0   0.0   15  21550   9941    0    0    0  64.61    0.00  17.51  10.60  36.49  47.05  47.00  20.00  31.05  47.00  48.00  32.05   0.00
05:30:05  55.9   0.0   2.0  42.0   0.0   19  10842  56923    0    0    0  55.57    0.00  14.95   8.38  32.24  47.05  47.00  20.00  31.05  47.00  48.00  32.05   0.00
05:30:06  70.1   0.0   0.3  29.5   0.0   17   4425   5488    0    0    1  66.09    0.00  18.02  11.37  36.70  47.05  47.00  20.00  31.05  47.00  47.00  32.05   0.00
05:30:07  73.6   0.0   1.5  24.9   0.0   19  20640  10021    0    0    0  67.15    0.00  18.32  11.46  37.37  47.05  47.00  20.00  31.05  47.00  48.00  32.05   0.00
05:30:08  72.2   0.0   1.2  26.6   0.0   19  17360   8835    0    0    0  65.70    0.00  17.83  10.96  36.91  47.05  47.00  20.00  31.05  47.00  48.00  32.05   0.00
05:30:09  71.6   0.0   3.2  25.2   0.0   20  28005  11727    1    0    0  64.39    0.00  17.42  10.57  36.40  47.05  47.00  20.00  31.05  47.00  48.00  32.05   0.00
05:30:10  76.8   0.0   1.5  21.7   0.0   20  23067  10624    0    0    0  65.22    0.00  17.69  10.72  36.80  47.05  47.00  20.00  31.05  47.00  48.00  33.05   0.00
05:30:11  68.8   0.0   2.2  29.0   0.0   19  44821  10617    0    0    0  60.19    0.00  16.11   9.88  34.20  47.05  47.00  20.00  31.05  47.00  48.00  33.05   0.00
05:30:12  66.7   0.0   1.8  31.4   0.0   20  49589  11294    0    0    0  59.20    0.00  15.54   9.30  34.36  47.05  47.00  20.00  31.05  47.00  48.00  33.05   0.00
05:30:13  73.7   0.0   2.9  23.4   0.0   19  31373  13241    0    0    0  60.29    0.00  16.00   9.93  34.36  47.05  47.00  20.00  32.05  47.00  48.00  33.05   0.00
05:30:14  58.8   0.0   0.8  40.4   0.0    8  14304   6923    1    0    1  56.36    0.00  14.86   8.59  32.90  47.05  47.00  20.00  32.05  47.00  48.00  33.05   0.00
05:30:15  70.6   0.0   3.8  25.6   0.0   20  61501  20186    0    0    0  65.17    0.00  17.66  10.82  36.69  48.05  48.00  20.00  32.05  48.00  48.00  33.05   0.00
05:30:16  69.1   0.0   7.2  23.7   0.0   20 113032  38772    0    0    0  65.87    0.00  17.77  10.84  37.26  48.05  48.00  20.00  32.05  48.00  48.00  33.05   0.00
05:30:17  67.0   0.0   9.3  23.6   0.0   19 156685 118063    0    0    0  63.94    0.00  17.24  10.39  36.31  48.05  48.00  20.00  32.05  48.00  48.00  33.05   0.00
05:30:18  63.9   0.0   0.1  36.1   0.0   19    827  10029    0    0    0  61.56    0.00  16.76  10.10  34.70  48.05  48.00  20.00  32.05  48.00  48.00  33.05   0.00
05:30:19  67.9   0.0   2.4  29.6   0.0   19  44582  18749    0    0    0  65.11    0.00  17.79  11.14  36.17  49.05  49.00  20.00  32.05  49.00  48.00  33.05   0.00
05:30:20  60.8   0.0  16.8  22.5   0.0   18 258799  86662    0    0    0  60.04    0.00  16.03   9.78  34.23  48.05  48.00  20.00  32.05  48.00  48.00  33.05   0.00
05:30:21  53.6   0.0   6.9  39.5   0.0   20  98902  32609    0    0    0  56.37    0.00  14.95   8.78  32.64  48.05  48.00  20.00  32.05  48.00  48.00  33.05   0.00
05:30:22  67.6   0.0  10.4  22.0   0.0   19 158107  54636    0    0    0  64.42    0.00  17.29  10.31  36.82  48.05  48.00  20.00  32.05  48.00  48.00  33.05   0.00
05:30:23  67.2   0.0   6.4  26.4   0.0   19 101123  35818    0    0    0  63.78    0.00  17.20  10.35  36.22  48.05  48.00  20.00  32.05  48.00  48.00  33.05   0.00
05:30:24  71.4   0.0   6.2  22.4   0.0   20  78420  29015    0    0    0  66.14    0.00  17.94  10.99  37.20  48.05  48.00  20.00  32.05  47.00  48.00  33.05   0.00
05:30:25  60.7   0.0  16.6  22.8   0.0   18 252874  84522    0    0    0  61.80    0.00  16.57   9.90  35.33  48.05  48.00  20.00  32.05  48.00  48.00  33.05   0.00
05:30:26  56.0   0.0  20.2  23.8   0.0   20 218151  73153    0    0    0  55.10    0.00  14.43   8.32  32.34  47.05  47.00  20.00  32.05  47.00  48.00  34.05   0.00
05:30:27  45.7   0.0  31.6  22.7   0.0   19 353321 110316    0    0    2  49.76    0.00  12.82   7.21  29.72  48.05  48.00  20.00  32.05  48.00  49.00  34.05   0.00
05:30:28  40.1   0.0  36.2  23.8   0.0   20 356061 106800    0    0    0  49.48    0.00  12.76   6.65  30.08  48.05  48.00  20.00  32.05  48.00  48.00  34.05   0.00
05:30:29  36.1   0.0  36.3  27.7   0.0   18 360906 108670    0    0    0  49.70    0.00  12.83   6.59  30.28  48.05  48.00  20.00  33.05  48.00  48.00  34.05   0.00
05:30:30  38.8   0.0  35.6  25.6   0.0   19 358353 111704    0    0    0  50.73    0.00  13.15   6.83  30.75  48.05  48.00  20.00  33.05  48.00  48.00  34.05   0.00
05:30:31  36.0   0.0  39.3  24.6   0.0   19 357228 111130    0    0    0  50.14    0.00  12.87   6.49  30.78  48.05  48.00  20.00  33.05  48.00  48.00  34.05   0.00
05:30:32  36.6   0.0  33.6  29.8   0.0   15 280920  89404    0    0    0  50.99    0.00  13.20   6.95  30.83  48.05  48.00  20.00  33.05  48.00  48.00  34.05   0.00
05:30:33  27.3   0.0  42.0  30.7   0.0   18 361817 114620    1    0    1  46.98    0.00  12.03   6.08  28.87  48.05  48.00  20.00  33.05  48.00  48.00  34.05   0.00
05:30:34  27.2   0.0  43.5  29.4   0.0   16 358184 114480    0    0    1  47.42    0.00  12.14   6.11  29.17  48.05  48.00  20.00  33.05  48.00  48.00  34.05   0.00
05:30:35  23.7   0.0  41.8  34.4   0.0   15 356920 112602    0    0    0  46.68    0.00  11.91   6.00  28.77  48.05  48.00  20.00  33.05  48.00  48.00  34.05   0.00
05:30:36  29.3   0.0  41.5  29.2   0.0   16 357245 112775    1    0    1  48.75    0.00  12.57   6.43  29.75  48.05  48.00  20.00  33.05  48.00  48.00  34.05   0.00
05:30:37  27.0   0.0  41.0  32.0   0.0   15 361293 113912    1    0    1  48.52    0.00  12.37   6.16  29.99  48.05  48.00  20.00  33.05  48.00  49.00  34.05   0.00
05:30:38  31.8   0.0  37.9  30.3   0.0   17 359530 113580    1    0    2  47.57    0.00  12.17   6.02  29.38  48.05  48.00  20.00  33.05  48.00  49.00  34.05   0.00
05:30:39  27.5   0.0  39.2  33.3   0.0   19 359000 111879    2    0    0  45.52    0.00  11.52   5.45  28.55  48.05  48.00  20.00  33.05  48.00  49.00  34.05   0.00
05:30:40  28.5   0.0  40.1  31.4   0.0   15 359893 112025    0    0    1  46.77    0.00  11.92   5.85  29.00  48.05  48.00  20.00  33.05  48.00  49.00  34.05   0.00
05:30:41  21.8   0.0  42.8  35.4   0.0   17 362868 111894    0    0    1  42.71    0.00  10.68   4.91  27.12  48.05  48.00  20.00  33.05  48.00  49.00  34.05   0.00
05:30:42  29.5   0.0  38.6  31.9   0.0   17 334621 105865    2    0    1  46.44    0.00  11.81   5.71  28.92  48.05  48.00  20.00  33.05  48.00  49.00  34.05   0.00
05:30:43  30.5   0.0  37.9  31.6   0.0   17 358974 113003    1    0    2  46.97    0.00  11.98   5.86  29.13  48.05  48.00  20.00  33.05  48.00  49.00  34.05   0.00
05:30:44  26.6   0.0  39.8  33.6   0.0   18 361828 110207    1    0    0  44.66    0.00  11.26   5.24  28.15  48.05  48.00  20.00  33.05  48.00  49.00  34.05   0.00
05:30:45  21.4   0.0  43.6  35.0   0.0   17 371682 108730    0    0    0  42.09    0.00  10.48   4.67  26.94  48.05  48.00  20.00  33.05  48.00  49.00  34.05   0.00
05:30:46  23.0   0.0  42.0  35.0   0.0   15 368201 109445    0    0    1  42.71    0.00  10.56   4.61  27.54  48.05  48.00  20.00  33.05  48.00  49.00  34.05   0.00
05:30:47  26.6   0.0  38.3  35.1   0.0   16 379243 111847    0    0    1  44.89    0.00  11.32   5.24  28.32  48.05  48.00  20.00  33.05  48.00  49.00  34.05   0.00
05:30:48  35.4   0.0  31.9  32.7   0.0   17 440397 118823    2    0    0  49.03    0.00  12.64   6.60  29.79  48.05  48.00  20.00  33.05  48.00  49.00  34.05   0.00
05:30:49  41.7   0.0  25.7  32.6   0.0   17 395136 104904    0    0    0  52.01    0.00  13.52   7.23  31.26  49.05  49.00  20.00  34.05  49.00  49.00  34.05   0.00
05:30:50  39.4   0.0  28.2  32.4   0.0   18 397847 104527    0    0    2  53.20    0.00  13.87   7.40  31.93  48.05  48.00  20.00  34.05  48.00  49.00  34.05   0.00
05:30:51  24.3   0.0  39.3  36.4   0.0   16 448212 111421    0    0    0  44.87    0.00  11.36   5.66  27.85  48.05  48.00  20.00  34.05  48.00  49.00  35.05   0.00
05:30:52  24.4   0.0  39.7  35.9   0.0   17 449621 110540    0    0    0  44.46    0.00  11.13   5.40  27.94  48.05  48.00  20.00  34.05  48.00  49.00  35.05   0.00
05:30:53  31.6   0.0  32.7  35.7   0.0   16 437518 107874    0    0    0  48.22    0.00  12.34   6.09  29.79  49.05  49.00  20.00  34.05  49.00  49.00  35.05   0.00
05:30:54  26.6   0.0  38.0  35.4   0.0   16 447034 110125    0    0    0  45.53    0.00  11.55   5.54  28.45  48.05  48.00  20.00  34.05  49.00  49.00  35.05   0.00
05:30:55  21.9   0.0  41.7  36.4   0.0   16 450721 109265    0    0    0  43.13    0.00  10.82   5.05  27.25  48.05  48.00  20.00  34.05  48.00  49.00  35.05   0.00
05:30:56  24.1   0.0  39.4  36.5   0.0   14 456476 108801    0    0    0  44.65    0.00  11.25   5.29  28.10  49.05  49.00  20.00  34.05  49.00  49.00  35.05   0.00
05:30:57  28.2   0.0  36.3  35.5   0.0   15 389114  99901    0    0    0  46.13    0.00  11.69   5.57  28.87  49.05  49.00  20.00  34.05  49.00  49.00  35.05   0.00
05:30:58  27.9   0.0  36.6  35.5   0.0   18 425059 111519    0    0    0  46.79    0.00  11.92   5.84  29.02  49.05  49.00  20.00  34.05  49.00  49.00  35.05   0.00
05:30:59  22.3   0.0   2.6  75.1   0.0    2  46594  15171    2    0    1  39.64    0.00  10.64   4.99  24.00  48.05  48.00  20.00  34.05  48.00  49.00  35.05   0.00
05:31:00   5.4   0.0   0.0  94.6   0.0    2    455    735    0    0    1  28.73    0.00   7.70   2.71  18.31  48.05  48.00  20.00  34.05  48.00  50.00  35.05   0.00
05:31:01   7.3   0.0   0.2  92.4   0.1    7    902   1428    5    0    1  33.31    0.00   9.04   3.92  20.36  48.05  48.00  20.00  34.05  48.00  50.00  35.05   0.00
05:31:02  23.1   0.0   0.2  76.7   0.0    5   2072   1958    1    0    0  51.65    0.00  14.43   7.84  29.38  49.05  49.00  20.00  34.05  49.00  49.00  35.05   0.00
05:31:03  27.9   0.0   2.5  69.7   0.0   20  11779   5063    1    0    2  50.32    0.00  13.81   7.27  29.25  49.05  49.00  20.00  34.05  49.00  49.00  35.05   0.00
05:31:04  17.3   0.0   0.1  82.6   0.0   19   1113   1802    0    0    0  37.83    0.00  10.30   4.05  23.48  49.05  49.00  20.00  34.05  49.00  50.00  35.05   0.00
05:31:05  17.2   0.0   0.3  82.5   0.0    2   1718   1948    2    0    3  38.77    0.00  10.59   4.33  23.85  49.05  49.00  20.00  34.05  49.00  50.00  35.05   0.00
05:31:06   7.1   0.0   0.0  92.9   0.0    2    445    774    0    0    1  33.32    0.00   9.09   3.06  21.16  50.05  50.00  20.00  34.05  49.00  50.00  36.05   0.00
05:31:07  56.9   0.0   0.4  42.6   0.0   20   7090   4764    6    0    0  52.66    0.00  14.08   7.64  30.94  49.05  49.00  20.00  34.05  49.00  50.00  36.05   0.00
05:31:08  32.0   0.0   0.2  67.8   0.0    2  10809   3146    0    0    0  43.58    0.00  11.76   5.59  26.23  50.05  50.00  20.00  34.05  50.00  50.00  36.05   0.00
05:31:09   5.0   0.0   0.0  95.0   0.0    2    781    635    0    0    1  30.03    0.00   8.05   2.05  19.94  49.05  49.00  20.00  34.05  49.00  50.00  36.05   0.00
05:31:10  34.9   0.0   0.3  64.7   0.0    5  13726   3638    4    0    7  46.53    0.00  12.39   6.35  27.78  49.05  49.00  20.00  34.05  49.00  50.00  36.05   0.00
05:31:11  16.0   0.0   0.3  83.7   0.0    5   1154   1586    0    0    0  37.94    0.00  10.63   4.40  22.92  49.05  49.00  20.00  34.05  50.00  50.00  36.05   0.00
05:31:12   9.9   0.0   0.1  90.0   0.0    5   1521   1400    4    0    2  34.01    0.00   9.34   3.22  21.45  49.05  49.00  20.00  34.05  49.00  50.00  36.05   0.00
05:31:13  21.8   0.0   3.0  75.2   0.0    2   1592   2238    1    0    1  42.56    0.00  11.66   5.15  25.75  49.05  49.00  20.00  34.05  49.00  50.00  36.05   0.00
05:31:14   9.6   0.0   0.2  90.2   0.0    5   3101   1320    1    0    1  35.56    0.00   9.77   3.67  22.12  49.05  49.00  20.00  35.05  49.00  50.00  36.05   0.00
05:31:15  17.0   0.0   0.0  83.0   0.0    5   2737   1576    0    0    0  36.66    0.00  10.21   4.00  22.45  49.05  49.00  20.00  35.05  49.00  50.00  36.05   0.00
05:31:16   6.1   0.0   0.0  93.7   0.1    2    601    684    0    0    1  35.40    0.00   9.57   3.35  22.47  49.05  49.00  20.00  35.05  49.00  50.00  36.05   0.00
05:31:17   4.4   0.0   0.0  95.6   0.0    2    328    483    0    0    0  32.70    0.00   8.90   3.00  20.80  49.05  49.00  20.00  35.05  49.00  50.00  36.05   0.00
05:31:18   6.9   0.0   0.3  92.8   0.0    6   1004   1288    4    0    5  33.66    0.00   9.22   3.27  21.17  49.05  49.00  20.00  35.05  49.00  49.00  36.05   0.00
05:31:19  16.3   0.0   0.1  83.5   0.0    5   1231   1468    0    0    0  36.66    0.00  10.25   4.05  22.37  49.05  49.00  20.00  35.05  49.00  49.00  36.05   0.00
05:31:20  23.5   0.0   0.2  76.3   0.0   17   6111   2632    7    0    0  40.75    0.00  11.38   5.15  24.22  49.05  49.00  20.00  35.05  50.00  50.00  36.05   0.00
05:31:21  82.0   0.0   0.7  17.2   0.0   19  17099   7264    0    0    0  69.33    0.00  18.89  12.04  38.40  49.05  49.00  20.00  35.05  49.00  50.00  35.05   0.00
05:31:22  70.8   0.0   1.0  28.2   0.0   19  17707   6168    0    0    0  62.18    0.00  16.53   9.86  35.78  49.05  49.00  20.00  35.05  49.00  50.00  35.05   0.00
05:31:23  71.5   0.0   3.4  25.1   0.0   19   3881 115727    0    0    0  62.31    0.00  16.61   9.39  36.31  50.05  50.00  20.00  35.05  50.00  50.00  35.05   0.00
05:31:24  68.6   0.0   0.3  31.2   0.0   19    848   4439    0    0    0  59.74    0.00  16.06   9.62  34.06  49.05  49.00  20.00  35.05  49.00  50.00  35.05   0.00
05:31:25  75.0   0.0   0.0  24.9   0.0   19    278   4739    0    0    0  64.52    0.00  17.47  11.00  36.05  49.05  49.00  20.00  35.05  49.00  50.00  35.05   0.00
05:31:26  60.8   0.0   0.5  38.7   0.0   12  14107   5275    0    0    5  58.16    0.00  15.63   9.25  33.29  49.05  49.00  20.00  35.05  49.00  50.00  36.05   0.00
05:31:27  40.1   0.0   0.5  59.3   0.0   11  16187   4008    0    0    0  50.79    0.00  13.47   7.05  30.27  49.05  49.00  20.00  35.05  49.00  50.00  36.05   0.00
05:31:28  33.8   0.0   0.5  65.8   0.0    4  12796   3494    0    0    1  48.12    0.00  12.89   6.58  28.65  49.05  49.00  20.00  35.05  49.00  50.00  36.05   0.00
05:31:29  19.4   0.0   0.5  80.1   0.0    4  11219   2376    0    0    4  39.78    0.00  10.86   4.79  24.13  50.05  50.00  20.00  35.05  50.00  50.00  36.05   0.00
05:31:30  16.2   0.0   0.2  83.5   0.0    6  10468   1984    0    0    0  37.60    0.00  10.25   4.25  23.10  50.05  50.00  20.00  35.05  50.00  50.00  36.05   0.00
05:31:31  60.4   0.0   1.2  38.4   0.0   19   2384 250667    0    0    0  58.62    0.00  15.70   8.63  34.28  50.05  50.00  20.00  35.05  50.00  50.00  36.05   0.00
05:31:32  73.3   0.0   0.0  26.6   0.0   19    353   4694    0    0    0  66.60    0.00  18.18  11.61  36.81  50.05  50.00  20.00  35.05  50.00  50.00  36.05   0.00
05:31:33  57.3   0.0   0.1  42.6   0.0   10   2551   4084    0    0    0  55.57    0.00  14.40   7.93  33.24  50.05  50.00  20.00  35.05  50.00  51.00  36.05   0.00
05:31:34  19.2   0.0   0.6  80.2   0.0    3  10485   2584    1    0    1  39.60    0.00  10.75   4.67  24.18  49.05  49.00  20.00  35.05  49.00  51.00  36.05   0.00
05:31:35  15.4   0.0   0.2  84.4   0.0    7   9875   1709    0    0    0  37.30    0.00  10.11   4.14  23.06  49.05  49.00  20.00  35.05  49.00  51.00  36.05   0.00
05:31:36  17.6   0.0   0.4  82.1   0.0    6   9592   1915    0    0    0  38.21    0.00  10.39   4.34  23.48  49.05  49.00  20.00  35.05  49.00  51.00  36.05   0.00
05:31:37  14.7   0.0   0.3  85.0   0.0    7   9109   1945    1    0    1  36.98    0.00   9.92   3.78  23.29  49.05  49.00  20.00  35.05  49.00  51.00  36.05   0.00
05:31:38  12.1   0.0   0.2  87.7   0.0    3   7150   1596    0    0    0  35.63    0.00   9.71   3.72  22.20  49.05  49.00  20.00  35.05  49.00  50.00  36.05   0.00
05:31:39  11.8   0.0   0.1  88.1   0.0    5   1034   1598    3    0    0  31.26    0.00   8.43   2.25  20.58  49.05  49.00  20.00  35.05  49.00  50.00  36.05   0.00
05:31:40  57.1   0.0   0.5  42.4   0.0   29   7713   5625   31    0    0  52.18    0.00  14.33   7.97  29.87  49.05  49.00  20.00  35.05  49.00  50.00  36.05   0.00
05:31:41  93.7   0.0   0.4   5.9   0.0   28   7969   7216    0    0    1  69.12    0.00  18.93  12.24  37.96  50.05  50.00  20.00  35.05  50.00  50.00  36.05   0.00
05:31:42  99.8   0.0   0.1   0.1   0.0   28   2699   6895    0    0    1  66.72    0.00  18.23  11.79  36.70  50.05  50.00  20.00  35.05  50.00  50.00  36.05   0.00
05:31:43  99.6   0.0   0.2   0.2   0.0   28   1993   6481    0    0    0  67.12    0.00  18.31  11.77  37.03  51.05  51.00  20.00  35.05  51.00  51.00  36.05   0.00
05:31:44  97.7   0.0   0.1   2.2   0.0   28   2711   6528    0    0    3  78.76    0.00  21.85  14.74  42.18  50.05  50.00  20.00  35.05  50.00  51.00  36.05   0.00
05:31:45  96.0   0.0   0.2   3.8   0.0   28   2205   6276    0    0    0  80.08    0.00  22.09  14.78  43.20  50.05  50.00  20.00  35.05  50.00  51.00  36.05   0.00
05:31:46  96.3   0.0   0.1   3.6   0.0   28   2274   6308    0    0    0  80.07    0.00  22.11  14.84  43.12  52.05  52.00  20.00  35.05  52.00  51.00  36.05   0.00
05:31:47  85.7   0.0   6.8   7.5   0.0   28   2775   6048    0    0    1  76.21    0.00  20.91  13.63  41.67  51.05  51.00  20.00  35.05  51.00  51.00  36.05   0.00
05:31:48  43.3   0.0   0.0  56.6   0.0    3   1422   3084    0    0    0  49.06    0.00  13.44   7.02  28.60  50.05  50.00  20.00  35.05  49.00  51.00  36.05   0.00
05:31:49   8.4   0.0   0.0  91.5   0.0    4    477    875    0    0    1  29.36    0.00   7.80   1.77  19.78  49.05  49.00  20.00  35.05  49.00  51.00  36.05   0.00
05:31:50  92.9   0.0   0.4   6.7   0.0   19   5220   8214    3    0    0  74.12    0.00  20.56  13.75  39.80  51.05  51.00  20.00  36.05  51.00  51.00  36.05   0.00
05:31:51  94.1   0.0   0.5   5.4   0.0   28   3055   6224    0    0    1  80.52    0.00  22.38  15.26  42.88  51.05  51.00  20.00  36.05  51.00  50.00  36.05   0.00
05:31:52  73.0   0.0   6.1  20.9   0.0   25   3798   5498    0    0    4  70.02    0.00  19.12  12.00  38.91  51.05  51.00  20.00  36.05  51.00  50.00  37.05   0.00
05:31:53  70.8   0.0   1.0  28.2   0.0    5  33477   9267    3    0    2  53.86    0.00  14.32   8.02  31.52  51.05  51.00  20.00  36.05  50.00  52.00  37.05   0.00
05:31:54  17.9   0.0   0.4  81.7   0.0    6  12298   4461    2    0    0  39.18    0.00  10.77   4.99  23.42  50.05  50.00  20.00  36.05  50.00  52.00  37.05   0.00
05:31:55  19.0   0.0   0.5  80.5   0.0    6  10384   4016    0    0    0  40.94    0.00  11.28   5.09  24.56  51.05  51.00  20.00  36.05  51.00  51.00  37.05   0.00
05:31:56  54.0   0.0   0.6  45.4   0.0   19   9874 105057    1    0    0  58.68    0.00  15.76   8.87  34.05  51.05  51.00  20.00  36.05  51.00  51.00  37.05   0.00
05:31:57  62.1   0.0   0.2  37.7   0.0   19   2638   4320    0    0    0  56.94    0.00  15.21   8.59  33.15  50.05  50.00  20.00  36.05  51.00  51.00  37.05   0.00
05:31:58  57.1   0.0   0.0  42.9   0.0   10   3974   4325    0    0    0  56.67    0.00  15.19   8.67  32.81  50.05  50.00  20.00  36.05  50.00  51.00  37.05   0.00
05:31:59  79.7   0.0   0.5  19.8   0.0   25  10394   6772    4    0    0  62.14    0.00  16.83  10.20  35.11  50.05  50.00  20.00  36.05  50.00  51.00  37.05   0.00
05:32:00  96.9   0.0   0.8   2.3   0.0   28   7551   7254    0    0    0  68.77    0.00  18.83  12.09  37.86  50.05  50.00  20.00  36.05  50.00  51.00  37.05   0.00
05:32:01  97.4   0.0   0.6   2.0   0.0   28   8549   8228    0    0    0  67.32    0.00  18.36  11.65  37.31  50.05  50.00  20.00  36.05  50.00  51.00  37.05   0.00
05:32:02  72.5   0.0   0.0  27.4   0.0   19   2882   9137    0    0    0  61.74    0.00  16.54   9.63  35.57  49.05  49.00  20.00  36.05  49.00  51.00  37.05   0.00
05:32:03  84.6   0.0   0.2  15.1   0.0   29   3848   6151    0    0    0  72.15    0.00  19.79  12.83  39.54  51.05  51.00  20.00  36.05  51.00  52.00  37.05   0.00
05:32:04  98.2   0.0   0.3   1.6   0.0   30   8016   8199    0    0    0  68.30    0.00  18.68  11.94  37.68  51.05  51.00  20.00  36.05  51.00  52.00  37.05   0.00
05:32:05  98.3   0.0   0.5   1.2   0.0   28   5953   7148    0    0    0  69.13    0.00  18.94  12.18  38.00  50.05  50.00  20.00  36.05  50.00  51.00  37.05   0.00
05:32:06  99.0   0.0   0.4   0.6   0.0   28   4776   7276    0    0    0  69.56    0.00  18.94  12.04  38.58  50.05  51.00  20.00  36.05  51.00  51.00  37.05   0.00
05:32:07  98.5   0.0   0.2   1.3   0.0   28   5590   7382    0    0    0  73.48    0.00  20.32  13.35  39.81  50.05  50.00  20.00  36.05  51.00  51.00  37.05   0.00
05:32:08  99.4   0.0   0.4   0.2   0.0   29   6059   8047    0    0    0  73.16    0.00  20.22  13.27  39.68  50.05  50.00  20.00  36.05  50.00  52.00  37.05   0.00
05:32:09  98.8   0.0   0.5   0.7   0.0   28   6357   8277    0    0    0  72.53    0.00  20.01  13.07  39.45  52.05  52.00  20.00  36.05  52.00  52.00  37.05   0.00
05:32:10  99.6   0.0   0.3   0.1   0.0   28   4073   7067    0    0    1  73.77    0.00  20.39  13.43  39.95  51.05  51.00  20.00  36.05  52.00  52.00  37.05   0.00
05:32:11  99.6   0.0   0.2   0.2   0.0   29   3984   6978    0    0    0  73.74    0.00  20.39  13.40  39.96  51.05  51.00  20.00  36.05  51.00  52.00  37.05   0.00
05:32:12  98.9   0.0   0.4   0.7   0.0   28   5175   7643    0    0    0  74.15    0.00  20.49  13.46  40.19  52.05  52.00  20.00  36.05  52.00  52.00  37.05   0.00
05:32:13  99.5   0.0   0.5   0.1   0.0   37   3958   7020    0    0    0  74.91    0.00  20.76  13.73  40.43  52.05  52.00  20.00  36.05  51.00  52.00  37.05   0.00
05:32:14  98.8   0.0   0.2   1.0   0.0   27   4049   6985    0    0    0  70.91    0.00  19.46  12.53  38.92  51.05  51.00  20.00  36.05  51.00  52.00  37.05   0.00
05:32:15  99.7   0.0   0.2   0.1   0.0   28   2875   6649    0    0    1  70.73    0.00  19.42  12.55  38.76  51.05  51.00  20.00  36.05  51.00  52.00  37.05   0.00
05:32:16  99.3   0.0   0.6   0.1   0.0   28   3344   7117    0    0    0  71.00    0.00  19.50  12.64  38.86  51.05  51.00  20.00  36.05  51.00  52.00  37.05   0.00
05:32:17  98.5   0.0   0.2   1.3   0.0   28   2868   6845    0    0    0  71.65    0.00  19.59  12.55  39.52  52.05  51.00  20.00  36.05  51.00  52.00  37.05   0.00
05:32:18  99.8   0.0   0.2   0.1   0.0   27   2564   6603    0    0    0  69.77    0.00  19.17  12.42  38.18  51.05  51.00  20.00  36.05  51.00  52.00  37.05   0.00
05:32:19  90.8   0.0   0.1   9.1   0.0   19   1823   9063    0    0    0  68.55    0.00  18.71  11.86  37.98  50.05  50.00  20.00  36.05  50.00  52.00  37.05   0.00
05:32:20  72.1   0.0   0.1  27.8   0.0   28   1558  27671    0    0    2  66.42    0.00  18.21  11.42  36.78  51.05  51.00  20.00  37.05  51.00  52.00  37.05   0.00
05:32:21  99.8   0.0   0.2   0.1   0.0   28   1998   6551    0    0    0  68.77    0.00  18.85  12.15  37.76  52.05  52.00  20.00  37.05  52.00  52.00  37.05   0.00
05:32:22  99.8   0.0   0.2   0.0   0.0   28   1870   6433    0    0    1  74.53    0.00  20.52  13.42  40.59  51.05  52.00  20.00  37.05  52.00  52.00  38.05   0.00
05:32:23  99.1   0.0   0.5   0.4   0.0   28   1666   6611    0    0    2  72.78    0.00  20.05  13.10  39.63  52.05  51.00  20.00  37.05  51.00  52.00  38.05   0.00
05:32:24  99.8   0.0   0.1   0.1   0.0   29   1726   6588    0    0    0  76.06    0.00  21.11  14.03  40.92  52.05  52.00  20.00  37.05  52.00  52.00  38.05   0.00
05:32:25  99.2   0.0   0.1   0.6   0.0   28   1783   6343    0    0    1  78.64    0.00  21.89  14.69  42.06  52.05  52.00  20.00  36.05  52.00  52.00  38.05   0.00
05:32:26  99.8   0.0   0.1   0.1   0.0   28   1766   6513    0    0    0  79.88    0.00  22.27  15.06  42.54  52.05  52.00  20.00  36.05  52.00  52.00  38.05   0.00
05:32:27  99.1   0.0   0.0   0.8   0.0   28   1861   6382    0    0    0  80.38    0.00  22.39  15.12  42.86  52.05  52.00  20.00  36.05  52.00  52.00  38.05   0.00
05:32:28  99.9   0.0   0.1   0.0   0.0   28   1511   6644    0    0    0  80.36    0.00  22.42  15.20  42.75  52.05  52.00  20.00  36.05  52.00  53.00  38.05   0.00
05:32:29  98.8   0.0   0.2   1.0   0.0   29   1979   6877    0    0    0  77.35    0.00  21.46  14.30  41.59  52.05  52.00  20.00  36.05  52.00  53.00  38.05   0.00
05:32:30  99.9   0.0   0.0   0.1   0.0   28   1468   6489    0    0    0  71.53    0.00  19.69  12.78  39.07  52.05  52.00  20.00  37.05  52.00  53.00  38.05   0.00
05:32:31  98.6   0.0   0.1   1.2   0.0   28   1514   6706    0    0    0  72.85    0.00  19.94  12.82  40.09  52.05  52.00  20.00  37.05  52.00  53.00  38.05   0.00
05:32:32  99.9   0.0   0.1   0.0   0.0   28   1434   6760    0    0    0  75.50    0.00  20.79  13.65  41.06  52.05  52.00  20.00  37.05  52.00  53.00  38.05   0.00
05:32:33  99.8   0.0   0.2   0.0   0.0   28   1360   6647    0    0    0  76.11    0.00  21.09  14.03  40.99  54.05  54.00  20.00  37.05  54.00  53.00  38.05   0.00
05:32:34  98.1   0.0   0.2   1.8   0.0   27   1716   6390    0    0    0  80.78    0.00  22.49  15.17  43.12  52.05  52.00  20.00  37.05  52.00  53.00  38.05   0.00
05:32:35  98.0   0.0   0.1   1.9   0.0   28   1928   6431    0    0    0  81.42    0.00  22.68  15.36  43.37  52.05  52.00  20.00  37.05  52.00  53.00  38.05   0.00
05:32:36  99.8   0.0   0.2   0.0   0.0   28   1572   6383    0    0    0  81.89    0.00  22.85  15.60  43.44  52.05  52.00  20.00  37.05  52.00  53.00  38.05   0.00
05:32:37  97.2   0.0   0.1   2.7   0.0   28   1252   6123    0    0    0  81.18    0.00  22.61  15.33  43.25  52.05  52.00  20.00  37.05  52.00  53.00  38.05   0.00
05:32:38  97.7   0.0   0.2   2.1   0.0   28   1568   6240    0    0    1  82.53    0.00  22.88  15.44  44.21  52.05  52.00  20.00  37.05  52.00  53.00  38.05   0.00
05:32:39  99.1   0.0   0.1   0.8   0.0   19   1140   6243    0    0    1  81.88    0.00  22.82  15.54  43.52  52.05  52.00  20.00  37.05  52.00  54.00  38.05   0.00
05:32:40  98.6   0.0   0.0   1.4   0.0   28   1255   6196    0    0    0  81.71    0.00  22.74  15.45  43.53  52.05  52.00  20.00  37.05  52.00  54.00  38.05   0.00
05:32:41  97.5   0.0   0.0   2.4   0.0   28   1198   6128    0    0    0  81.53    0.00  22.67  15.36  43.50  52.05  52.00  20.00  37.05  52.00  53.00  38.05   0.00
05:32:42  99.8   0.0   0.1   0.0   0.0   28   1325   6333    0    0    0  82.14    0.00  22.90  15.62  43.62  53.05  53.00  20.00  37.05  53.00  53.00  38.05   0.00
05:32:43  97.5   0.0   0.0   2.5   0.0   28   1438   6255    0    0    0  82.32    0.00  22.90  15.54  43.89  53.05  53.00  20.00  37.05  53.00  54.00  38.05   0.00
05:32:44  97.1   0.0   0.1   2.8   0.0   28   1441   6168    0    0    0  82.06    0.00  22.82  15.45  43.80  52.05  52.00  20.00  37.05  52.00  54.00  38.05   0.00
05:32:45  99.9   0.0   0.0   0.1   0.0   28   1424   6348    2    0    2  78.75    0.00  21.77  14.50  42.47  54.05  54.00  20.00  37.05  54.00  54.00  38.05   0.00
05:32:46  94.5   0.0   2.1   3.4   0.0   28   1170   6077    0    0    0  81.25    0.00  22.57  15.22  43.46  53.05  53.00  20.00  37.05  53.00  54.00  38.05   0.00
05:32:47  99.8   0.0   0.2   0.0   0.0   29   1373   6400   25   18   21  84.03    0.00  23.19  15.58  45.27  54.05  54.00  20.00  37.05  54.00  54.00  38.05   0.00
05:32:48  96.8   0.0   0.1   3.0   0.0   28   1499   6231    6    7   11  82.00    0.00  22.73  15.28  43.99  54.05  54.00  20.00  37.05  54.00  54.00  39.05   0.00
05:32:49  92.3   0.0   2.7   4.9   0.0   28   1206   6084    0    0    0  80.72    0.00  22.39  15.04  43.29  53.05  53.00  20.00  37.05  53.00  54.00  39.05   0.00
05:32:50  99.8   0.0   0.2   0.0   0.0   28   1196   6254    0    0    1  82.48    0.00  22.99  15.69  43.80  54.05  54.00  20.00  37.05  54.00  54.00  39.05   0.00
05:32:51  96.5   0.0   0.2   3.3   0.0   28   1272   6065    0    0    0  82.14    0.00  22.82  15.42  43.90  53.05  53.00  20.00  37.05  53.00  54.00  39.05   0.00
05:32:52  99.9   0.0   0.0   0.0   0.0   28   1242   6256    0    0    0  82.48    0.00  23.01  15.70  43.77  53.05  53.00  20.00  37.05  53.00  54.00  39.05   0.00
05:32:53  93.4   0.0   2.5   4.1   0.0   28   1180   6012    0    0    0  81.98    0.00  22.65  15.14  44.19  54.05  54.00  20.00  37.05  54.00  54.00  39.05   0.00
05:32:54  96.5   0.0   0.0   3.5   0.0   28   1271   6059    0    0    0  82.33    0.00  22.88  15.47  43.98  54.05  54.00  20.00  37.05  54.00  54.00  39.05   0.00
05:32:55  99.8   0.0   0.2   0.0   0.0   28   1080   6232    0    0    0  82.51    0.00  23.02  15.74  43.75  53.05  53.00  20.00  37.05  53.00  54.00  39.05   0.00
05:32:56  92.8   0.0   2.9   4.2   0.0   28   1110   6091    0    0    0  81.06    0.00  22.49  15.15  43.42  53.05  53.00  20.00  37.05  53.00  54.00  39.05   0.00
05:32:57  99.9   0.0   0.1   0.0   0.0   28   1020   6214    0    0    0  82.36    0.00  22.97  15.69  43.71  54.05  54.00  20.00  37.05  54.00  54.00  39.05   0.00
05:32:58  96.4   0.0   0.0   3.6   0.0   28   1510   6228    0    0  112  82.14    0.00  22.83  15.44  43.87  54.05  54.00  20.00  37.05  54.00  54.00  39.05   0.00
05:32:59  99.8   0.0   0.2   0.0   0.0   28   1069   6253    0    0    0  82.91    0.00  23.14  15.83  43.94  54.05  54.00  20.00  37.05  54.00  54.00  39.05   0.00
05:33:00  92.6   0.0   2.9   4.5   0.0   28   1295   6155    0    0    0  81.79    0.00  22.59  15.09  44.11  54.05  54.00  20.00  37.05  54.00  54.00  39.05   0.00
05:33:01  99.9   0.0   0.1   0.0   0.0   27    954   6221    1    0    1  82.96    0.00  23.02  15.59  44.35  54.05  54.00  20.00  38.05  54.00  54.00  39.05   0.00
05:33:02  96.3   0.0   0.0   3.7   0.0   28    982   6170    0    0    0  83.26    0.00  23.05  15.54  44.68  54.05  54.00  20.00  38.05  54.00  54.00  39.05   0.00
05:33:03 100.0   0.0   0.0   0.0   0.0   28    941   6165    0    0    0  82.83    0.00  23.11  15.78  43.94  54.05  54.00  20.00  38.05  54.00  54.00  39.05   0.00
05:33:04  92.5   0.0   3.0   4.5   0.0   28    998   5934    0    0    0  81.26    0.00  22.53  15.12  43.62  54.05  54.00  20.00  38.05  54.00  54.00  39.05   0.00
05:33:05  99.8   0.0   0.1   0.0   0.0   28    891   6182    0    0    0  82.79    0.00  23.08  15.76  43.95  54.05  54.00  20.00  38.05  54.00  54.00  39.05   0.00
05:33:06  95.8   0.0   0.1   4.1   0.0   28   1021   5968    0    0    0  83.14    0.00  22.99  15.43  44.73  54.05  54.00  20.00  38.05  54.00  55.00  39.05   0.00
05:33:07  73.1   0.0   3.0  23.9   0.0   19    522  93386    0    0    0  64.07    0.00  17.08   9.96  37.03  54.05  54.00  20.00  38.05  54.00  55.00  39.05   0.00
05:33:08  62.6   0.0   2.4  34.9   0.0    2   2534  26515    0    0    0  69.70    0.00  19.19  12.42  38.10  53.05  53.00  20.00  38.05  53.00  55.00  39.05   0.00
05:33:09  94.0   0.0   0.2   5.7   0.0   28    934   5866    0    0    0  80.31    0.00  22.39  15.15  42.77  54.05  54.00  20.00  38.05  54.00  55.00  39.05   0.00
05:33:10  99.0   0.0   0.1   0.8   0.0   28   1400   6290    0    0    1  82.85    0.00  23.08  15.74  44.04  54.05  54.00  20.00  38.05  54.00  54.00  39.05   0.00
05:33:11  99.9   0.0   0.0   0.0   0.0   28    949   6155    0    0    0  82.91    0.00  23.12  15.82  43.97  54.05  54.00  20.00  38.05  54.00  54.00  39.05   0.00
05:33:12  99.0   0.0   0.1   0.9   0.0   28   1115   6136    0    0    0  82.44    0.00  22.98  15.65  43.81  54.05  54.00  20.00  38.05  54.00  55.00  39.05   0.00
05:33:13  99.8   0.0   0.1   0.0   0.0   28    911   6138    0    0    0  82.92    0.00  23.14  15.85  43.93  54.05  54.00  20.00  38.05  54.00  55.00  40.05   0.00
05:33:14  99.1   0.0   0.4   0.5   0.0   19   1048   6169    0    0    0  82.77    0.00  23.07  15.77  43.93  54.05  54.00  20.00  38.05  54.00  55.00  40.05   0.00
05:33:15  99.0   0.0   0.1   0.9   0.0   28   1032   6105    0    0    0  82.50    0.00  23.00  15.67  43.83  54.05  54.00  20.00  38.05  54.00  55.00  40.05   0.00
05:33:16  98.9   0.0   0.4   0.7   0.0   19    930   6115    0    0    2  83.28    0.00  23.20  15.85  44.23  54.05  54.00  20.00  38.05  54.00  55.00  40.05   0.00
05:33:17  96.8   0.0   1.6   1.5   0.0   28   1086   6172    0    0    0  82.96    0.00  23.01  15.57  44.39  54.05  54.00  20.00  38.05  54.00  55.00  40.05   0.00
05:33:18  99.9   0.0   0.0   0.0   0.0   28    930   6168    0    0    0  84.44    0.00  23.48  16.02  44.94  54.05  54.00  20.00  38.05  54.00  55.00  40.05   0.00
05:33:19  98.1   0.0   0.1   1.8   0.0   28   1123   6043    0    0    0  83.54    0.00  23.27  15.88  44.38  55.05  55.00  20.00  38.05  55.00  55.00  40.05   0.00
05:33:20  99.8   0.0   0.2   0.1   0.0   28    942   6177    0    0    0  83.37    0.00  23.27  15.95  44.15  54.05  54.00  20.00  38.05  54.00  55.00  40.05   0.00
05:33:21  94.7   0.0   2.4   3.0   0.0   29   1184   6030    0    0    0  82.74    0.00  22.91  15.44  44.39  54.05  54.00  20.00  38.05  54.00  55.00  40.05   0.00
05:33:22  99.9   0.0   0.0   0.0   0.0   28    929   6158    0    0    0  83.75    0.00  23.38  16.05  44.33  54.05  54.00  20.00  38.05  54.00  55.00  40.05   0.00
05:33:23  97.4   0.0   0.3   2.3   0.0   28   1120   6171    0    0    0  83.06    0.00  23.11  15.73  44.22  54.05  54.00  20.00  38.05  54.00  55.00  40.05   0.00
05:33:24  60.0   0.0   0.1  39.9   0.0    5   1746   4468    0    0    0  60.69    0.00  16.85   9.98  33.86  54.05  54.00  20.00  38.05  54.00  55.00  40.05   0.00
05:33:25  97.0   0.0   0.3   2.7   0.0   28   1645   6261    5    0    0  80.77    0.00  22.50  15.21  43.06  54.05  54.00  20.00  38.05  54.00  55.00  40.05   0.00
05:33:26  93.5   0.0   2.6   3.9   0.0   28   1390   6176    0    0    1  81.12    0.00  22.48  15.10  43.54  54.05  54.00  20.00  39.05  54.00  55.00  40.05   0.00
05:33:27  99.9   0.0   0.1   0.0   0.0   28   1168   6388    0    0    0  83.28    0.00  23.21  15.85  44.22  54.05  54.00  20.00  39.05  54.00  55.00  40.05   0.00
05:33:28  96.7   0.0   0.0   3.3   0.0   28   1538   6150    0    0    0  84.49    0.00  23.57  16.17  44.75  55.05  55.00  20.00  39.05  55.00  55.00  40.05   0.00
05:33:29  85.2   0.0   0.1  14.7   0.0    6   2144   5805    0    0    0  76.70    0.00  21.39  14.26  41.06  54.05  54.00  20.00  39.05  54.00  55.00  40.05   0.00
05:33:30  16.9   0.0   0.0  83.1   0.0    5   2306   1699    0    0    0  38.04    0.00  10.55   4.14  23.35  53.05  54.00  20.00  39.05  54.00  55.00  40.05   0.00
05:33:31   6.1   0.0   0.0  93.8   0.0    2    822    732    0    0    1  37.23    0.00  10.29   4.42  22.52  52.05  52.00  20.00  39.05  53.00  55.00  40.05   0.00
05:33:32   4.2   0.0   0.0  95.8   0.0    2    366    672    0    0    3  36.50    0.00   9.98   4.39  22.12  52.05  52.00  20.00  39.05  52.00  54.00  40.05   0.00
05:33:33  11.2   0.0   0.4  88.4   0.0    5   1834   1705    2    0    1  36.53    0.00  10.11   4.23  22.19  52.05  52.00  20.00  39.05  52.00  54.00  40.05   0.00
05:33:34  15.9   0.0   0.1  84.0   0.0    2   1082   1525    0    0    0  38.07    0.00  10.58   4.38  23.11  52.05  52.00  20.00  39.05  52.00  53.00  40.05   0.00
05:33:35   7.3   0.0   0.0  92.7   0.0    2    496    852    0    0    3  37.50    0.00  10.27   4.07  23.16  52.05  52.00  20.00  39.05  52.00  53.00  40.05   0.00
05:33:36   4.2   0.0   0.0  95.8   0.0    2    301    600    0    0    1  35.90    0.00   9.90   3.93  22.07  52.05  52.00  20.00  39.05  52.00  53.00  40.05   0.00
05:33:37   5.8   0.0   0.0  94.2   0.0    3    293    669    0    0    0  35.14    0.00   9.65   3.58  21.92  52.05  52.00  20.00  39.05  52.00  53.00  40.05   0.00
05:33:38   8.3   0.0   0.0  91.6   0.0    3    404    875    0    0    1  36.97    0.00  10.25   4.09  22.63  52.05  52.00  20.00  39.05  52.00  53.00  40.05   0.00
05:33:39   5.5   0.0   0.0  94.5   0.0    3    258    558    0    0    0  35.44    0.00   9.75   3.71  21.98  52.05  52.00  20.00  39.05  52.00  53.00  40.05   0.00
05:33:40   5.0   0.0   0.0  95.0   0.0    2    316    632    0    0    0  35.23    0.00   9.69   3.64  21.91  52.05  52.00  20.00  39.05  52.00  53.00  40.05   0.00
05:33:41  13.4   0.0   0.3  86.2   0.0    5   2272   1919    4    0    0  38.58    0.00  10.55   4.22  23.82  54.05  52.00  20.00  39.05  52.00  53.00  40.05   0.00
05:33:42  11.6   0.0   0.0  88.4   0.0    3    874   1190    0    0    1  36.15    0.00   9.97   3.77  22.40  52.05  52.00  20.00  39.05  52.00  54.00  40.05   0.00
05:33:43   6.0   0.0   0.1  93.9   0.0    2    554    941    1    0    1  36.15    0.00   9.98   3.96  22.21  52.05  52.00  20.00  39.05  52.00  54.00  40.05   0.00
05:33:44   5.4   0.0   0.0  94.6   0.0    3    517    660    0    0    0  32.21    0.00   8.64   2.61  20.96  52.05  52.00  20.00  39.05  52.00  53.00  40.05   0.00
05:33:45   8.5   0.0   0.1  91.5   0.0    3    410   1002    1    0    2  35.64    0.00   9.77   3.49  22.38  52.05  52.00  20.00  39.05  52.00  53.00  40.05   0.00
05:33:46  10.0   0.0   0.2  89.8   0.0    2    700   1275    1    0    0  36.22    0.00   9.93   3.53  22.76  52.05  52.00  20.00  39.05  52.00  53.00  40.05   0.00
05:33:47  15.8   0.0   0.2  83.9   0.1    5   2440   1689    2    0    0  39.04    0.00  10.56   4.01  24.47  52.05  52.00  20.00  39.05  52.00  53.00  40.05   0.00
05:33:48  16.6   0.0   0.2  83.3   0.0    5   1543   1617    0    0    0  38.24    0.00  10.62   4.42  23.20  52.05  52.00  20.00  39.05  52.00  53.00  41.05   0.00
05:33:49   9.8   0.0   0.0  90.2   0.0    3    680   1080    0    0    3  37.55    0.00  10.42   4.36  22.78  52.05  52.00  20.00  39.05  52.00  53.00  41.05   0.00
05:33:50   9.7   0.0   0.2  90.2   0.0    2    629   1305    2    0    0  38.17    0.00  10.63   4.61  22.93  52.05  52.00  20.00  39.05  52.00  52.00  41.05   0.00
05:33:51   6.5   0.0   0.1  93.4   0.0    2    499    892    2    0    3  36.82    0.00  10.18   4.19  22.45  52.05  52.00  20.00  39.05  52.00  52.00  41.05   0.00
05:33:52   7.7   0.0   0.1  92.2   0.0    5    605    993    1    0    1  35.79    0.00   9.84   3.81  22.14  52.05  52.00  20.00  39.05  52.00  52.00  41.05   0.00
05:33:53   9.2   0.0   0.0  90.7   0.0    3    622    937    3    0    2  35.87    0.00   9.73   3.48  22.66  52.05  52.00  20.00  39.05  52.00  52.00  40.05   0.00
05:33:54  13.2   0.0   0.3  86.5   0.0    3   1011   1549    2    0    0  37.69    0.00  10.46   4.22  23.01  51.05  51.00  20.00  39.05  51.00  53.00  40.05   0.00
05:33:55  28.4   0.0   6.3  65.3   0.0    5    925   2463    1    0    3  47.69    0.00  12.91   6.21  28.57  52.05  52.00  20.00  39.05  52.00  53.00  40.05   0.00
05:33:56   7.6   0.0   0.0  92.4   0.0    2    656    819    0    0    1  37.24    0.00  10.20   4.10  22.95  51.05  51.00  20.00  39.05  51.00  52.00  40.05   0.00
05:33:57   4.4   0.0   0.0  95.6   0.0    2    371    527    0    0    2  35.73    0.00   9.85   3.95  21.93  51.05  51.00  20.00  39.05  51.00  52.00  40.05   0.00
05:33:58   4.5   0.0   0.0  95.4   0.0    2    396    543    0    0    0  36.49    0.00  10.09   4.20  22.20  51.05  51.00  20.00  39.05  51.00  52.00  40.05   0.00
05:33:59   5.0   0.0   0.0  95.0   0.0    3    576    565    2    0    0  36.10    0.00   9.95   4.04  22.11  51.05  51.00  20.00  39.05  51.00  52.00  40.05   0.00
05:34:00  13.7   0.0   0.3  86.0   0.0    5   1210   1656    2    0    0  37.01    0.00  10.20   3.99  22.82  52.05  52.00  20.00  39.05  52.00  52.00  40.05   0.00
05:34:01  39.6   0.0   0.2  60.3   0.0   19   1078  24959    1    0    0  50.74    0.00  13.77   7.05  29.92  51.05  51.00  20.00  39.05  51.00  52.00  40.05   0.00
05:34:02  57.5   0.0   0.5  42.0   0.0    5   1710 148088    0    0    0  60.66    0.00  16.28   9.33  35.05  53.05  53.00  20.00  39.05  53.00  52.00  40.05   0.00
05:34:03   8.6   0.0   2.3  89.0   0.2    2   1523   1723    4    4    0  38.51    0.00  10.16   3.47  24.88  52.05  52.00  20.00  39.05  52.00  52.00  40.05   0.00
05:34:04   3.5   0.0   1.3  95.2   0.0    1   1833   2514   15   12   58  32.45    0.00   8.59   2.74  21.12  51.05  51.00  20.00  39.05  51.00  52.00  40.05   0.00
-------- ----- ----- ----- ----- ----- ---- ------ ------ ---- ---- ---- ------  ------ ------ ------ ------ ------ ------ ------ ------ ------ ------ ------ ------
 Average  54.6   0.0   4.8  40.5   0.0 16.1 51596.9 20597.0  2.0  0.5  2.1  56.83    0.00  15.46   8.94  32.44  49.07  49.00  20.00  34.29  49.00  49.70  35.30   0.00
 GeoMean   0.0   0.0   0.0   0.0   0.0 11.7 6570.1 6898.5  0.0  0.0  0.0  53.90    0.00  14.60   7.54  31.31  48.93  48.87  20.00  34.12  48.86  49.57  35.11   0.00
  StdDev  35.2   0.0  11.3  34.5   0.0  9.8 115178.0 36953.2  6.6  3.8  9.1  17.51    0.00   4.98   4.42   8.16   3.59   3.61   0.00   3.36   3.63   3.64   3.63   0.00
-------- ----- ----- ----- ----- ----- ---- ------ ------ ---- ---- ---- ------  ------ ------ ------ ------ ------ ------ ------ ------ ------ ------ ------ ------
 Minimum   0.0   0.0   0.0   0.0   0.0  1.0  234.0  160.0  0.0  0.0  0.0  12.52    0.00   3.10   0.03   9.32  40.05  39.00  20.00  29.05  39.00  41.00  29.05   0.00
 Maximum 100.0   0.0  43.6 100.0   0.2 37.0 456476.0 250667.0 63.0 52.0 112.0  84.49    0.01  23.57  16.17  45.27  55.05  55.00  20.00  39.05  55.00  55.00  41.05   0.00
-------- ----- ----- ----- ----- ----- ---- ------ ------ ---- ---- ---- ------  ------ ------ ------ ------ ------ ------ ------ ------ ------ ------ ------ ------
Summary:
CPU:  56.83 Watts on average with standard deviation 17.51 
Note: power read from RAPL domains: uncore, pkg-0, core, psys.
These readings do not cover all the hardware in this device.

Histogram (of 321 power measurements)

 Range (Watts)  Count
12.518 - 19.714     3 #
19.715 - 26.911     0 
26.912 - 34.108    14 #######
34.109 - 41.305    75 ########################################
41.306 - 48.502    34 ##################
48.503 - 55.699    29 ###############
55.700 - 62.896    32 #################
62.897 - 70.093    51 ###########################
70.094 - 77.290    22 ###########
77.291 - 84.487    61 ################################

Histogram (of 321 CPU utilization measurements)

  Range (%CPU)    Count
  0.000 -   9.999    34 ##############
 10.000 -  19.999    57 ########################
 20.000 -  29.999    10 ####
 30.000 -  39.999     6 ##
 40.000 -  49.999     6 ##
 50.000 -  59.999    12 #####
 60.000 -  69.999    40 #################
 70.000 -  79.999    58 ########################
 80.000 -  89.999     5 ##
 90.000 -  99.999    93 ########################################

Histogram (of 321 thermal zone TCPU readings)

 Range (C)    Count
40.050 - 41.549     5 ##
41.550 - 43.049    20 #########
43.050 - 44.549    23 ###########
44.550 - 46.049    23 ###########
46.050 - 47.549    19 #########
47.550 - 49.049    81 ########################################
49.050 - 50.549    24 ###########
50.550 - 52.049    75 #####################################
52.050 - 53.549    11 #####
53.550 - 55.049    40 ###################

Histogram (of 321 thermal zone x86_pkg_temp readings)

 Range (C)    Count
39.000 - 40.599     6 ###
40.600 - 42.199    14 #########
42.200 - 43.799     5 ###
43.800 - 45.399    44 ############################
45.400 - 46.999    21 #############
47.000 - 48.599    42 ###########################
48.600 - 50.199    62 ########################################
50.200 - 51.799    27 #################
51.800 - 53.399    60 ######################################
53.400 - 54.999    40 #########################

Range is zero, cannot produce histogram of thermal zone INT3400 Thermal

Histogram (of 321 thermal zone SEN3 readings)

 Range (C)    Count
29.050 - 30.049    69 ########################################
30.050 - 31.049    20 ###########
31.050 - 32.049    16 #########
32.050 - 33.049    20 ###########
33.050 - 34.049    25 ##############
34.050 - 35.049    36 ####################
35.050 - 36.049    35 ####################
36.050 - 37.049    36 ####################
37.050 - 38.049    25 ##############
38.050 - 39.049    39 ######################

Histogram (of 321 thermal zone TCPU_PCI readings)

 Range (C)    Count
39.000 - 40.599     6 ###
40.600 - 42.199    14 #########
42.200 - 43.799     5 ###
43.800 - 45.399    46 #############################
45.400 - 46.999    20 ############
47.000 - 48.599    40 #########################
48.600 - 50.199    62 ########################################
50.200 - 51.799    28 ##################
51.800 - 53.399    60 ######################################
53.400 - 54.999    40 #########################

Histogram (of 321 thermal zone iwlwifi_1 readings)

 Range (C)    Count
41.000 - 42.399    11 #######
42.400 - 43.799    12 #######
43.800 - 45.199    26 #################
45.200 - 46.599    20 #############
46.600 - 47.999    43 ############################
48.000 - 49.399    28 ##################
49.400 - 50.799    36 #######################
50.800 - 52.199    61 ########################################
52.200 - 53.599    29 ###################
53.600 - 54.999    55 ####################################

Histogram (of 321 thermal zone acpitz readings)

 Range (C)    Count
29.050 - 30.249    51 #######################################
30.250 - 31.449    20 ###############
31.450 - 32.649    15 ###########
32.650 - 33.849    16 ############
33.850 - 35.049    45 ##################################
35.050 - 36.249    41 ###############################
36.250 - 37.449    30 #######################
37.450 - 38.649    26 ####################
38.650 - 39.849    25 ###################
39.850 - 41.049    52 ########################################

Range is zero, cannot produce histogram of thermal zone SEN2
