Running for 86400.0 seconds (86400 samples at 1.0 second intervals).
Power measurements will start in 0 seconds time.

  Time    User  Nice   Sys  Idle    IO  Run Ctxt/s  IRQ/s Fork Exec Exit  Watts  uncore  pkg-0   core   psys   TCPU x86_pk INT340   SEN3 TCPU_P iwlwif acpitz   SEN2
20:05:00   0.0   0.0   0.0  99.9   0.0    1    279    276    0    0    0  23.85    0.00   5.36   0.14  18.34  52.05  52.00  20.00  44.05  52.00  52.00  42.05   0.00
20:05:01   0.0   0.0   0.0 100.0   0.0    1    256    184    3    2    3  23.00    0.00   5.15   0.07  17.78  52.05  50.00  20.00  44.05  50.00  52.00  42.05   0.00
20:05:02   0.0   0.0   0.2  99.7   0.0    2    350    239   12    6    8  23.45    0.00   5.30   0.12  18.03  52.05  52.00  20.00  43.05  52.00  53.00  42.05   0.00
20:05:03  14.8   0.0   1.4  83.8   0.0    6  22139   4507   21    0    0  41.73    0.01  10.56   4.19  26.98  52.05  52.00  20.00  43.05  52.00  53.00  42.05   0.00
20:05:04  13.5   0.0   1.2  85.2   0.0    6  25060   3920   17    0    0  40.65    0.00  10.10   3.75  26.79  52.05  52.00  20.00  43.05  52.00  53.00  41.05   0.00
20:05:05  19.6   0.0   1.2  79.3   0.0    9  21375   4049    0    0    0  45.55    0.01  11.68   5.15  28.70  53.05  53.00  20.00  43.05  53.00  52.00  41.05   0.00
20:05:06  17.0   0.0   0.9  82.1   0.0    5   9713   3417    4    0    0  43.15    0.01  11.21   4.68  27.25  52.05  52.00  20.00  43.05  52.00  53.00  41.05   0.00
20:05:07  19.1   0.0   1.0  79.9   0.0    5  16381   3381    0    0    0  47.30    0.01  12.40   5.05  29.84  54.05  54.00  20.00  44.05  54.00  53.00  41.05   0.00
20:05:08  17.9   0.0   0.5  81.6   0.0    5  11078   3013    1    1    1  46.70    0.00  12.21   4.76  29.72  53.05  53.00  20.00  44.05  53.00  53.00  41.05   0.00
20:05:09  16.5   0.0   0.7  82.7   0.1    2  13330   3124    7    4    4  46.27    0.00  11.88   4.46  29.92  53.05  53.00  20.00  44.05  53.00  53.00  42.05   0.00
20:05:10  16.9   0.0   0.5  82.6   0.0    7  11165   2772    0    0    0  46.43    0.00  12.04   4.59  29.80  53.05  53.00  20.00  44.05  53.00  54.00  42.05   0.00
20:05:11  19.6   0.0   0.7  79.7   0.0    8  22186   3682    0    0    0  47.53    0.00  12.30   4.85  30.38  54.05  54.00  20.00  44.05  54.00  54.00  42.05   0.00
20:05:12  13.4   0.0   0.9  85.6   0.0    8  15412   3675   25    2    1  43.70    0.00  11.24   3.92  28.54  53.05  53.00  20.00  43.05  53.00  54.00  42.05   0.00
20:05:13  21.0   0.0   0.8  78.2   0.0    5  16574   4090   23    0    2  46.98    0.00  12.27   4.78  29.93  53.05  53.00  20.00  43.05  53.00  54.00  42.05   0.00
20:05:14  17.1   0.0   0.4  82.5   0.0    5   9267   2765    0    0    0  44.99    0.00  11.89   4.42  28.67  54.05  54.00  20.00  43.05  54.00  54.00  42.05   0.00
20:05:15  17.4   0.0   0.6  82.1   0.0    5   8776   2714    0    0    0  45.67    0.00  11.99   4.50  29.18  54.05  54.00  20.00  43.05  54.00  54.00  42.05   0.00
20:05:16  18.0   0.0   0.3  81.6   0.0    5   5786   2380    0    0    0  45.85    0.00  12.13   4.61  29.11  54.05  54.00  20.00  43.05  54.00  54.00  42.05   0.00
20:05:17  18.3   0.0   0.6  81.0   0.0    5   9468   2671    0    0    1  46.44    0.00  12.21   4.74  29.49  54.05  54.00  20.00  43.05  54.00  54.00  42.05   0.00
20:05:18  18.5   0.0   0.7  80.8   0.0    4  10229   2876    3    0    2  46.81    0.00  12.20   4.69  29.91  53.05  53.00  20.00  43.05  53.00  54.00  42.05   0.00
20:05:19  16.7   0.0   1.1  82.1   0.0    5  10376   3695    4    0   51  45.21    0.00  11.61   4.09  29.51  54.05  54.00  20.00  43.05  54.00  54.00  42.05   0.00
20:05:20  20.4   0.0   1.2  78.4   0.0    9  11692   3652    0    0    0  45.11    0.01  11.70   4.08  29.33  53.05  53.00  20.00  43.05  53.00  55.00  42.05   0.00
20:05:21  18.4   0.0   0.7  80.8   0.1    5   8563   2851    0    0    0  43.56    0.00  11.28   3.66  28.62  54.05  54.00  20.00  43.05  54.00  55.00  42.05   0.00
20:05:22  17.2   0.0   0.7  82.1   0.0    5   4811   2313    0    0    0  42.29    0.00  11.13   3.53  27.62  54.05  54.00  20.00  43.05  54.00  55.00  42.05   0.00
20:05:23  15.7   0.0   0.9  83.4   0.0    5  11657   3182   25    0   24  45.35    0.00  11.85   4.46  29.04  54.05  54.00  20.00  43.05  54.00  55.00  42.05   0.00
20:05:24  14.3   0.0   1.3  84.3   0.1    4  15578   3929   24    2    0  45.60    0.00  11.58   4.27  29.74  54.05  54.00  20.00  43.05  54.00  55.00  42.05   0.00
20:05:25  19.0   0.0   1.1  79.9   0.0    6  17966   4142   23    0    2  48.06    0.00  12.50   5.11  30.45  53.05  53.00  20.00  43.05  53.00  55.00  42.05   0.00
20:05:26  17.2   0.0   0.5  82.3   0.0    5  10148   2684    0    0    0  47.88    0.00  12.68   5.20  30.00  54.05  54.00  20.00  43.05  54.00  55.00  42.05   0.00
20:05:27  16.6   0.0   0.8  82.7   0.0    5   7832   2428    0    0    0  47.44    0.00  12.58   5.11  29.75  56.05  56.00  20.00  43.05  56.00  55.00  42.05   0.00
20:05:28  17.6   0.0   0.4  81.9   0.0    5   6162   2479    0    0    0  48.31    0.00  12.93   5.40  29.98  54.05  54.00  20.00  43.05  54.00  55.00  42.05   0.00
20:05:29  19.0   0.0   0.3  80.6   0.1    5  10364   2852    0    0    2  49.71    0.00  13.11   5.60  31.00  54.05  54.00  20.00  43.05  54.00  55.00  42.05   0.00
20:05:30  19.1   0.0   0.5  80.4   0.0    5  11200   2936    4    0    2  49.49    0.00  13.02   5.50  30.97  54.05  54.00  20.00  43.05  54.00  55.00  42.05   0.00
20:05:31  16.4   0.0   1.3  82.4   0.0    6   9966   3562    7    0   53  45.63    0.00  11.84   4.34  29.46  54.05  54.00  20.00  43.05  54.00  55.00  42.05   0.00
20:05:32  17.1   0.0   0.3  82.6   0.0    5   2978   2063    0    0    0  45.12    0.00  10.91   3.36  30.85  54.05  54.00  20.00  43.05  54.00  55.00  42.05   0.00
20:05:33  14.8   0.0   1.0  84.0   0.2    4   3815   2436   31    2   30  43.17    0.00  10.83   3.35  28.98  54.05  54.00  20.00  43.05  54.00  55.00  42.05   0.00
20:05:34  13.0   0.0   1.0  85.9   0.2    2  10415   3423   62    5   42  43.87    0.00  10.78   3.51  29.57  53.05  53.00  20.00  43.05  53.00  55.00  42.05   0.00
20:05:35  10.6   0.0   1.2  87.9   0.3    2  18339   5450   22    0    0  43.00    0.00  10.07   2.83  30.09  54.05  54.00  20.00  43.05  54.00  55.00  42.05   0.00
20:05:36  68.4   0.0   1.9  29.6   0.0   31  28065  10533   37    0    0  62.45    0.00  15.38   8.34  38.73  53.05  53.00  20.00  43.05  53.00  55.00  42.05   0.00
20:05:37  87.4   0.0   2.2  10.3   0.0   13  23527  13728    0    0    0  65.01    0.00  15.91   9.06  40.03  53.05  53.00  20.00  43.05  53.00  55.00  42.05   0.00
20:05:38  43.3   0.0   2.9  53.7   0.0   12  33196  12129    0    0    1  61.61    0.00  14.71   6.91  39.98  54.05  56.00  20.00  43.05  56.00  55.00  42.05   0.00
20:05:39  46.8   0.0   3.2  49.8   0.2   19  66409  12030    0    0    4  61.00    0.00  14.82   7.00  39.18  54.05  54.00  20.00  43.05  54.00  55.00  42.05   0.00
20:05:40  37.6   0.0   2.3  60.1   0.0    9  34546  15157    1    0    8  52.05    0.00  12.78   5.91  33.35  54.05  54.00  20.00  43.05  54.00  55.00  42.05   0.00
20:05:41  18.4   0.0   0.8  80.7   0.1    3  14213   4209    2    0   12  44.55    0.00  11.24   4.66  28.65  54.05  53.00  20.00  43.05  53.00  55.00  42.05   0.00
20:05:42  16.0   0.0   0.5  83.5   0.0    4   4429   2562    9    2    1  46.64    0.00  11.85   4.92  29.87  54.05  54.00  20.00  43.05  54.00  55.00  42.05   0.00
20:05:43  13.1   0.0   1.0  85.6   0.3    3   3984   3093   45   60   43  47.85    0.00  11.98   4.59  31.29  54.05  54.00  20.00  43.05  54.00  55.00  42.05   0.00
20:05:44  19.1   0.0   0.5  80.3   0.0    9  15346   3194   11   12   12  52.48    0.00  13.24   5.82  33.41  54.05  54.00  20.00  43.05  56.00  55.00  42.05   0.00
20:05:45  25.8   0.0   0.9  73.3   0.0   15  13604   3392    0    0    0  53.54    0.00  13.90   6.44  33.19  54.05  54.00  20.00  43.05  54.00  55.00  42.05   0.00
20:05:46  66.8   0.0   1.8  31.3   0.0   21  46385  11241   18    0    0  70.88    0.00  18.69  10.94  41.25  56.05  56.00  20.00  43.05  56.00  55.00  42.05   0.00
20:05:47  67.8   0.0   1.6  30.5   0.1   20  32199  19846    0    0    0  69.96    0.00  18.23  10.58  41.16  56.05  56.00  20.00  43.05  56.00  56.00  42.05   0.00
20:05:48  80.8   0.0   1.0  18.1   0.0   20  14225   7027    0    0    0  76.78    0.00  20.46  12.42  43.89  56.05  56.00  20.00  43.05  56.00  56.00  42.05   0.00
20:05:49  79.6   0.0   1.1  19.2   0.0   20  13470   7771    0    0    2  77.75    0.00  20.67  12.58  44.50  56.05  56.00  20.00  43.05  56.00  56.00  42.05   0.00
20:05:50  77.1   0.0   2.5  20.3   0.1   20  15161   8946    0    0    0  76.29    0.00  20.15  12.01  44.13  56.05  56.00  20.00  43.05  56.00  56.00  42.05   0.00
20:05:51  78.2   0.0   1.8  19.9   0.0   20  39242  16648    0    0    0  77.85    0.00  20.77  12.67  44.41  56.05  56.00  20.00  43.05  56.00  56.00  42.05   0.00
20:05:52  75.5   0.0   4.0  20.4   0.1   18  64546  25197    0    0    0  76.98    0.00  20.25  12.11  44.62  56.05  56.00  20.00  43.05  56.00  56.00  42.05   0.00
20:05:53  70.8   0.0   6.3  22.9   0.0   20 138140  49772    0    0    0  73.62    0.00  19.42  11.35  42.86  56.05  56.00  20.00  43.05  56.00  56.00  42.05   0.00
20:05:54  76.9   0.0   3.3  19.8   0.1   20  18803  10366    0    0    1  76.90    0.00  20.34  12.14  44.42  56.05  56.00  20.00  43.05  56.00  56.00  42.05   0.00
20:05:55  74.1   0.0   4.7  21.2   0.0   20  42968  17008    0    0    0  74.34    0.00  19.63  11.45  43.26  56.05  56.00  20.00  43.05  56.00  56.00  42.05   0.00
20:05:56  70.2   0.0   2.6  27.1   0.1   12  50056  19402    0    0    0  73.31    0.00  19.07  10.99  43.25  56.05  56.00  20.00  43.05  56.00  56.00  42.05   0.00
20:05:57  29.2   0.0   0.4  70.4   0.0    5  10294   3287    0    0    2  52.15    0.00  13.62   6.01  32.52  54.05  54.00  20.00  43.05  54.00  56.00  42.05   0.00
20:05:58  26.6   0.0   0.3  73.0   0.0   20  12952   3609    0    0    0  51.96    0.00  13.76   6.15  32.05  56.05  56.00  20.00  43.05  56.00  56.00  42.05   0.00
20:05:59  76.3   0.0   1.3  22.3   0.1   20  24961  11779    0    0    0  76.84    0.00  19.91  11.83  45.11  56.05  56.00  20.00  43.05  56.00  56.00  42.05   0.00
20:06:00  73.3   0.0   1.4  25.2   0.1   21  14638   8298    0    0    0  78.26    0.00  20.27  12.06  45.92  56.05  56.00  20.00  43.05  56.00  56.00  42.05   0.00
20:06:01  73.6   0.0   4.5  21.9   0.1   19  81357  29080    0    0    0  76.26    0.00  19.97  11.82  44.46  56.05  56.00  20.00  43.05  56.00  56.00  42.05   0.00
20:06:02  60.2   0.0   1.9  37.8   0.0    4  33138  42928    0    0    0  64.27    0.00  16.65   9.35  38.26  56.05  56.00  20.00  43.05  56.00  56.00  42.05   0.00
20:06:03  73.1   0.0   0.8  26.0   0.1   20   9955   6851    0    0    4  73.39    0.00  18.94  11.60  42.85  54.05  54.00  20.00  43.05  54.00  56.00  42.05   0.00
20:06:04  72.2   0.0   1.4  26.4   0.0   18  21969   8841    2    0    0  75.77    0.00  19.86  11.69  44.22  56.05  56.00  20.00  43.05  56.00  56.00  42.05   0.00
20:06:05  75.5   0.0   0.7  23.7   0.1   20  10745   7571    0    0    0  79.39    0.00  20.78  12.61  46.01  56.05  56.00  20.00  43.05  56.00  56.00  42.05   0.00
20:06:06  76.1   0.0   2.3  21.5   0.1   20  13318   7422    0    0    0  80.55    0.00  20.97  12.74  46.84  56.05  56.00  20.00  43.05  56.00  56.00  42.05   0.00
20:06:07  48.5   0.0   1.3  50.2   0.0   20  28444  10843    0    0    0  62.64    0.00  16.30   8.49  37.85  56.05  56.00  20.00  43.05  56.00  56.00  42.05   0.00
20:06:08  76.8   0.0   1.3  21.8   0.1   18  19416   9643    0    0    0  78.15    0.00  20.54  12.32  45.30  56.05  56.00  20.00  43.05  56.00  56.00  42.05   0.00
20:06:09  67.0   0.0   5.7  27.3   0.0   20  89603  33138    0    0    0  73.72    0.00  19.42  11.28  43.01  56.05  56.00  20.00  43.05  56.00  56.00  42.05   0.00
20:06:10  73.3   0.0   5.8  20.9   0.0   20  98260  35163    0    0    0  76.33    0.00  20.24  12.10  43.99  56.05  56.00  20.00  43.05  56.00  56.00  42.05   0.00
20:06:11  66.3   0.0  11.7  21.9   0.0   19 221258  76251    0    0    0  73.86    0.00  19.56  11.50  42.81  56.05  56.00  20.00  43.05  56.00  57.00  42.05   0.00
20:06:12  58.4   0.0   7.0  34.6   0.0   19  68970  76000    0    0    0  68.81    0.00  18.07  10.03  40.71  56.05  56.00  20.00  43.05  56.00  57.00  42.05   0.00
20:06:13  70.2   0.0   2.8  27.1   0.0   20  54539  21902    0    0    2  73.46    0.00  19.57  12.05  41.85  56.05  56.00  20.00  44.05  56.00  56.00  42.05   0.00
20:06:14  75.9   0.0   2.9  21.2   0.0   19  53383  21226    0    0    0  80.96    0.00  21.27  13.08  46.61  56.05  57.00  20.00  44.05  57.00  56.00  42.05   0.00
20:06:15  71.8   0.0   5.5  22.7   0.1   20  90928  31689    1    0    0  80.18    0.00  21.04  12.78  46.36  56.05  56.00  20.00  44.05  56.00  56.00  43.05   0.00
20:06:16  67.9   0.0   3.1  28.8   0.1   13  64481  23835    0    0    0  77.70    0.00  20.23  12.09  45.38  57.05  57.00  20.00  44.05  57.00  57.00  43.05   0.00
20:06:17  36.5   0.0   2.4  61.1   0.0   20  41182  11953    0    0    0  57.98    0.00  15.02   7.29  35.67  57.05  57.00  20.00  44.05  57.00  57.00  43.05   0.00
20:06:18  68.0   0.0   2.0  29.9   0.2   19  19132   9726    0    0    0  79.19    0.00  20.23  12.02  46.94  56.05  56.00  20.00  44.05  56.00  57.00  43.05   0.00
20:06:19  71.5   0.0   4.2  24.2   0.1   19  22147  10576    0    0    0  78.72    0.00  20.50  12.25  45.97  57.05  57.00  20.00  44.05  57.00  57.00  43.05   0.00
20:06:20  75.9   0.0   2.9  21.0   0.1   20  57042  21468    0    0    0  80.75    0.00  21.11  12.90  46.74  57.05  57.00  20.00  44.05  57.00  57.00  42.05   0.00
20:06:21  72.5   0.0   4.8  22.6   0.0   20  41734  15907    0    0    0  78.27    0.00  20.68  12.37  45.23  57.05  57.00  20.00  44.05  57.00  57.00  42.05   0.00
20:06:22  75.7   0.0   2.8  21.4   0.1   19  54394  20780    0    0    0  78.21    0.00  20.46  12.16  45.60  57.05  56.00  20.00  44.05  56.00  57.00  42.05   0.00
20:06:23  67.6   0.0   3.2  29.2   0.0   19  60663  21892    0    0    0  72.36    0.00  18.87  10.71  42.79  57.05  57.00  20.00  44.05  57.00  57.00  42.05   0.00
20:06:24  65.2   0.0   7.0  27.8   0.0   19  36252  91787    0    0    0  73.70    0.00  19.33  11.02  43.35  57.05  57.00  20.00  44.05  57.00  57.00  42.05   0.00
20:06:25  64.4   0.0   0.8  34.7   0.0   19    822   4681    0    0    0  70.99    0.00  18.84  10.87  41.27  57.05  57.00  20.00  44.05  57.00  57.00  43.05   0.00
20:06:26  67.1   0.0   1.3  31.5   0.1   20  18041   8639    1    0    1  73.20    0.00  19.27  11.26  42.67  57.05  57.00  20.00  44.05  57.00  57.00  43.05   0.00
20:06:27  70.6   0.0   6.4  22.9   0.1   20 115197  39350    1    0    0  76.85    0.00  20.01  11.77  45.07  56.05  56.00  20.00  44.05  56.00  57.00  43.05   0.00
20:06:28  66.6   0.0   7.2  26.1   0.1   20 133631  45980    0    0    0  75.74    0.00  19.52  11.31  44.92  57.05  57.00  20.00  44.05  56.00  57.00  43.05   0.00
20:06:29  69.4   0.0   7.0  23.6   0.0   20 102031  33480    0    0    1  76.66    0.00  20.26  11.90  44.50  57.05  57.00  20.00  44.05  57.00  57.00  43.05   0.00
20:06:30  67.1   0.0   9.5  23.4   0.0   20 170264  59409    0    0    0  74.69    0.00  19.38  11.13  44.18  57.05  57.00  20.00  44.05  57.00  57.00  43.05   0.00
20:06:31  62.2   0.0  13.0  24.8   0.0   20 205691  69107    0    0    0  69.75    0.00  18.14  10.19  41.42  57.05  57.00  20.00  44.05  57.00  57.00  43.05   0.00
20:06:32  69.0   0.0   7.3  23.7   0.0   22 145480  50059    0    0    0  74.02    0.00  19.63  11.42  42.97  57.05  57.00  20.00  44.05  57.00  57.00  43.05   0.00
20:06:33  70.4   0.0   5.5  24.1   0.0   20  50540  15976    0    0    1  75.24    0.00  19.71  11.30  44.24  57.05  57.00  20.00  44.05  57.00  58.00  43.05   0.00
20:06:34  75.7   0.0   1.3  22.9   0.1   20  27604  11398    0    0    0  77.10    0.00  20.28  11.80  45.02  58.05  58.00  20.00  44.05  58.00  58.00  43.05   0.00
20:06:35  70.3   0.0   5.8  24.0   0.0   16 104897  37117    0    0    0  74.45    0.00  19.60  11.22  43.63  57.05  57.00  20.00  44.05  57.00  58.00  43.05   0.00
20:06:36  60.1   0.0  16.1  23.8   0.0   20 229906  74013    0    0    0  68.09    0.00  17.63   9.64  40.82  57.05  57.00  20.00  44.05  57.00  58.00  43.05   0.00
20:06:37  58.3   0.0  19.1  22.5   0.0   20 279797  90840    0    0    0  66.69    0.00  17.29   9.57  39.83  56.05  57.00  20.00  44.05  57.00  57.00  43.05   0.00
20:06:38  48.4   0.0  28.2  23.3   0.0   20 364136 114327    0    0    0  63.24    0.00  16.24   9.12  37.88  56.05  56.00  20.00  44.05  56.00  57.00  43.05   0.00
20:06:39  45.6   0.0  31.1  23.4   0.0   19 380712 116682    0    0    0  62.06    0.00  15.90   8.50  37.66  57.05  57.00  20.00  44.05  57.00  57.00  43.05   0.00
20:06:40  41.1   0.0  33.5  25.4   0.0   19 384433 117348    0    0    0  61.70    0.00  15.79   7.97  37.94  58.05  58.00  20.00  44.05  56.00  57.00  43.05   0.00
20:06:41  37.5   0.0  36.4  26.1   0.0   15 389517 120143    0    0    0  60.83    0.00  15.42   7.67  37.74  57.05  57.00  20.00  44.05  57.00  57.00  43.05   0.00
20:06:42  38.5   0.0  32.9  28.6   0.0   19 380013 116911    0    0    0  59.13    0.00  14.96   7.17  37.00  57.05  57.00  20.00  44.05  56.00  57.00  43.05   0.00
20:06:43  42.2   0.0  34.8  23.0   0.0   20 385263 119181    0    0    0  63.35    0.00  16.20   8.39  38.75  57.05  57.00  20.00  44.05  57.00  57.00  43.05   0.00
20:06:44  36.7   0.0  34.4  28.9   0.0   18 386980 118515    0    0    1  59.01    0.00  14.98   7.28  36.75  57.05  56.00  20.00  44.05  56.00  57.00  43.05   0.00
20:06:45  26.6   0.0  40.9  32.4   0.0   16 392875 117488    0    0    0  53.90    0.00  13.36   5.89  34.64  56.05  56.00  20.00  44.05  56.00  57.00  44.05   0.00
20:06:46  23.6   0.0  42.5  33.9   0.0   17 392526 118830    0    0    1  51.89    0.00  12.75   5.53  33.62  56.05  56.00  20.00  44.05  56.00  57.00  44.05   0.00
20:06:47  20.5   0.0  44.3  35.2   0.0   15 406009 119797    0    0    0  49.30    0.00  11.96   5.02  32.31  56.05  56.00  20.00  44.05  56.00  57.00  44.05   0.00
20:06:48  25.1   0.0  41.6  33.3   0.0   17 394848 118213    1    0    0  52.72    0.00  13.03   5.73  33.96  56.05  56.00  20.00  44.05  57.00  57.00  44.05   0.00
20:06:49  25.9   0.0  43.5  30.6   0.0   16 390154 121407    0    0    1  54.14    0.00  13.47   6.05  34.62  56.05  56.00  20.00  44.05  56.00  57.00  44.05   0.00
20:06:50  26.2   0.0  41.7  32.0   0.0   16 394068 122362    1    0    0  53.82    0.00  13.25   5.91  34.67  56.05  56.00  20.00  44.05  57.00  57.00  44.05   0.00
20:06:51  21.5   0.0  43.3  35.2   0.0   16 395622 122165    0    0    1  51.33    0.00  12.57   5.41  33.35  56.05  56.00  20.00  44.05  56.00  57.00  43.05   0.00
20:06:52  22.0   0.0  42.6  35.4   0.0   17 390950 119430    0    0    1  51.43    0.00  12.62   5.40  33.41  57.05  57.00  20.00  44.05  57.00  57.00  43.05   0.00
20:06:53  31.3   0.0  36.3  32.4   0.0   16 325339 100841    2    0    1  58.35    0.00  14.67   6.97  36.71  57.05  57.00  20.00  44.05  57.00  57.00  43.05   0.00
20:06:54  25.8   0.0  39.8  34.4   0.0   16 391975 120205    0    0    1  54.08    0.00  13.40   5.95  34.73  56.05  56.00  20.00  45.05  56.00  57.00  43.05   0.00
20:06:55  25.4   0.0  40.1  34.5   0.0   17 394681 120075    0    0    0  53.64    0.00  13.22   5.82  34.59  57.05  57.00  20.00  45.05  57.00  57.00  43.05   0.00
20:06:56  31.6   0.0  34.7  33.7   0.0   19 386775 121193    2    0    0  55.91    0.00  13.95   6.41  35.55  57.05  57.00  20.00  45.05  57.00  57.00  44.05   0.00
20:06:57  28.7   0.0  38.8  32.5   0.0   16 396594 120733    0    0    0  54.82    0.00  13.63   6.10  35.09  57.05  57.00  20.00  45.05  57.00  57.00  44.05   0.00
20:06:58  28.7   0.0  35.8  35.5   0.0   16 390002 120430    0    0    1  54.30    0.00  13.46   5.91  34.93  57.05  57.00  20.00  45.05  57.00  57.00  44.05   0.00
20:06:59  26.9   0.0  39.0  34.2   0.0   16 390760 119719    0    0    1  54.04    0.00  13.41   5.93  34.71  57.05  57.00  20.00  44.05  57.00  57.00  44.05   0.00
20:07:00  29.3   0.0  36.7  34.0   0.0   14 396882 119449    0    0    0  54.00    0.00  13.37   5.85  34.77  57.05  57.00  20.00  44.05  57.00  57.00  44.05   0.00
20:07:01  28.5   0.0  36.7  34.8   0.0   17 392456 118091    0    0    0  53.41    0.00  13.18   5.62  34.61  56.05  56.00  20.00  44.05  56.00  57.00  44.05   0.00
20:07:02  28.0   0.0  38.1  34.0   0.0   15 393904 118208    1    0    0  53.46    0.00  13.21   5.70  34.56  57.05  57.00  20.00  44.05  57.00  57.00  44.05   0.00
20:07:03  28.8   0.0  36.7  34.5   0.0   18 388743 118614    0    0    1  53.94    0.00  13.34   5.75  34.85  56.05  56.00  20.00  44.05  56.00  57.00  44.05   0.00
20:07:04  27.7   0.0  39.2  33.0   0.0   17 386728 116031    0    0    0  55.05    0.00  13.60   6.05  35.40  56.05  56.00  20.00  45.05  56.00  57.00  44.05   0.00
20:07:05  22.6   0.0  42.2  35.1   0.1   16 391201 120743    1    0    0  52.13    0.00  12.72   5.42  33.99  56.05  56.00  20.00  45.05  56.00  57.00  44.05   0.00
20:07:06  26.0   0.0  39.6  34.4   0.0   17 393385 120039    0    0    1  54.71    0.00  13.59   6.00  35.12  57.05  56.00  20.00  45.05  56.00  57.00  44.05   0.00
20:07:07  26.9   0.0  37.1  35.9   0.0   16 393762 118049    0    0    0  52.55    0.00  12.91   5.44  34.20  56.05  56.00  20.00  45.05  56.00  57.00  44.05   0.00
20:07:08  24.5   0.0  39.5  36.0   0.0   15 392253 119024    0    0    1  51.80    0.00  12.68   5.29  33.82  56.05  56.00  20.00  45.05  56.00  57.00  44.05   0.00
20:07:09  26.3   0.0  37.5  36.1   0.0   17 391120 120194    0    0    0  51.67    0.00  12.63   5.16  33.89  57.05  57.00  20.00  45.05  56.00  57.00  44.05   0.00
20:07:10  11.8   0.0   7.5  80.7   0.0    2 107386  35508    2    0    1  39.54    0.00   9.96   3.08  26.50  56.05  56.00  20.00  45.05  56.00  57.00  44.05   0.00
20:07:11   5.6   0.0   0.0  94.3   0.0    2    384    718    0    0    1  33.48    0.00   8.29   1.86  23.33  56.05  56.00  20.00  45.05  56.00  57.00  44.05   0.00
20:07:12   4.2   0.0   0.0  95.7   0.0    2    286    599    0    0    0  33.41    0.00   8.39   1.97  23.05  56.05  56.00  20.00  45.05  56.00  57.00  44.05   0.00
20:07:13   9.1   0.0   0.2  90.7   0.0    5    879   1510    5    0    1  39.47    0.00  10.18   2.89  26.40  56.05  56.00  20.00  45.05  56.00  57.00  44.05   0.00
20:07:14  26.5   0.0   4.8  68.6   0.0    3   1540   2417    0    0    0  54.11    0.00  14.10   5.98  34.03  57.05  57.00  20.00  45.05  58.00  57.00  44.05   0.00
20:07:15   8.5   0.0   0.2  91.2   0.0    2   1045   1090    0    0    1  44.99    0.00  11.86   4.15  28.98  56.05  56.00  20.00  45.05  57.00  57.00  44.05   0.00
20:07:16  29.6   0.0   0.5  69.8   0.0    2   8021   5381    2    0    2  49.69    0.00  12.82   4.98  31.88  56.05  56.00  20.00  45.05  56.00  57.00  44.05   0.00
20:07:17   7.2   0.0   0.1  92.7   0.0    4    434    817    0    0    2  35.27    0.00   8.89   1.53  24.84  57.05  57.00  20.00  45.05  57.00  58.00  44.05   0.00
20:07:18  10.4   0.0   0.1  89.4   0.0    2   1270   1314    1    0    0  37.91    0.00   9.75   2.26  25.90  56.05  56.00  20.00  45.05  56.00  57.00  44.05   0.00
20:07:19   7.9   0.0   0.1  91.9   0.0    3   1689   1158    0    0    1  35.82    0.01   9.08   1.63  25.10  57.05  57.00  20.00  45.05  57.00  57.00  44.05   0.00
20:07:20   5.2   0.0   0.1  94.7   0.0    2   2308   1253    0    0    1  34.22    0.00   8.46   1.08  24.67  56.05  56.00  20.00  45.05  56.00  57.00  44.05   0.00
20:07:21  70.5   0.0   0.7  28.8   0.0   20  11294   7981    7    0    0  65.44    0.01  17.12   9.61  38.69  57.05  57.00  20.00  45.05  57.00  57.00  44.05   0.00
20:07:22  43.7   0.0   0.3  56.0   0.0    2   8803   4401    0    0    0  55.14    0.01  14.27   6.60  34.25  56.05  56.00  20.00  45.05  56.00  57.00  44.05   0.00
20:07:23   5.8   0.0   0.0  94.2   0.0    2   1267    992    3    0    7  34.39    0.01   8.61   1.23  24.55  57.05  57.00  20.00  45.05  57.00  57.00  44.05   0.00
20:07:24   4.3   0.0   0.1  95.6   0.0    2    697    783    2    0    2  33.42    0.00   8.24   0.90  24.28  56.05  56.00  20.00  45.05  56.00  57.00  44.05   0.00
20:07:25  38.2   0.0   0.7  61.2   0.0    5  12711   4313    4    0    2  54.19    0.00  13.98   6.55  33.66  57.05  57.00  20.00  45.05  57.00  57.00  44.05   0.00
20:07:26  18.7   0.0   1.5  79.9   0.0   19   2277   1916    0    0    0  45.64    0.00  12.10   4.38  29.15  57.05  57.00  20.00  45.05  57.00  57.00  44.05   0.00
20:07:27  62.8   0.0   4.0  33.2   0.0    2  32660 136572    4    0    4  65.37    0.01  16.87   8.55  39.95  56.05  56.00  20.00  45.05  56.00  57.00  44.05   0.00
20:07:28  70.9   0.0   0.2  28.9   0.0   19    980   4770    2    0    2  68.71    0.01  17.93  10.56  40.21  56.05  56.00  20.00  45.05  56.00  58.00  44.05   0.00
20:07:29  62.0   0.0   0.1  37.8   0.0    5   1411   4485   10    0   12  62.87    0.01  16.33   8.45  38.08  56.05  56.00  20.00  45.05  56.00  58.00  44.05   0.00
20:07:30   7.9   0.0   0.1  92.0   0.0    2    917   1068    2    0    5  38.54    0.01   9.93   2.46  26.14  57.05  57.00  20.00  45.05  57.00  57.00  44.05   0.00
20:07:31   6.2   0.0   0.0  93.8   0.0    2    621    802    0    0    0  37.49    0.01   9.60   2.17  25.70  56.05  56.00  20.00  45.05  56.00  57.00  44.05   0.00
20:07:32   7.4   0.0   0.3  92.4   0.0    4   1548   1383    3    0    0  37.88    0.01   9.72   2.27  25.87  57.05  57.00  20.00  45.05  57.00  57.00  44.05   0.00
20:07:33  14.9   0.0   0.1  85.0   0.0    5   1582   1550    4    0    2  40.90    0.01  10.76   3.14  27.00  56.05  56.00  20.00  45.05  56.00  57.00  44.05   0.00
20:07:34  14.8   0.0   0.3  84.9   0.0    5   3155   1929    2    1    2  41.24    0.00  10.86   3.21  27.16  57.05  57.00  20.00  45.05  57.00  57.00  44.05   0.00
20:07:35  53.5   0.0   0.6  45.9   0.0   30   7874   5278    6    0    0  59.48    0.00  15.68   7.85  35.95  56.05  56.00  20.00  45.05  56.00  57.00  44.05   0.00
20:07:36  77.4   0.0   0.5  22.1   0.0   10  16207   6715    0    0    1  72.94    0.00  19.16  11.21  42.57  57.05  57.00  20.00  45.05  57.00  57.00  44.05   0.00
20:07:37  44.9   0.0   0.6  54.5   0.0    7  18950   4632    0    0    0  61.77    0.00  15.66   7.77  38.35  57.05  57.00  20.00  45.05  57.00  57.00  44.05   0.00
20:07:38  40.2   0.0   0.5  59.3   0.0   11  16554   4261    1    1    3  59.32    0.01  15.12   7.26  36.94  57.05  57.00  20.00  45.05  57.00  58.00  44.05   0.00
20:07:39  24.8   0.0   0.4  74.7   0.0    8  12531   3027    0    0    5  50.09    0.00  13.05   5.50  31.54  56.05  56.00  20.00  45.05  56.00  58.00  44.05   0.00
20:07:40  18.1   0.0   0.3  81.6   0.0    9  11079   2316    0    0    2  45.68    0.00  11.87   4.51  29.31  56.05  56.00  20.00  45.05  57.00  57.00  44.05   0.00
20:07:41  16.9   0.0   0.4  82.8   0.0    3  10195   2018    0    0    0  44.88    0.00  11.67   4.31  28.90  57.05  57.00  20.00  45.05  57.00  57.00  44.05   0.00
20:07:42  14.9   0.0   0.2  84.9   0.0    6   9638   1780    0    0    0  43.31    0.00  11.23   3.91  28.17  56.05  56.00  20.00  45.05  56.00  57.00  44.05   0.00
20:07:43  13.7   0.0   0.2  86.1   0.0    6   8850   1648    0    0    0  42.96    0.00  11.14   3.83  27.99  56.05  56.00  20.00  45.05  56.00  57.00  44.05   0.00
20:07:44  14.9   0.0   0.2  84.9   0.1    4   8964   1783    2    0    2  43.77    0.00  11.29   3.95  28.53  56.05  56.00  20.00  45.05  56.00  57.00  44.05   0.00
20:07:45  13.8   0.0   0.4  85.8   0.0    4   8043   1568    0    0    1  42.68    0.00  11.09   3.76  27.83  56.05  56.00  20.00  45.05  57.00  57.00  44.05   0.00
20:07:46  26.5   0.0   3.3  70.2   0.0   19   6551   2524    1    1    1  52.84    0.00  13.81   6.00  33.02  56.05  57.00  20.00  45.05  57.00  57.00  44.05   0.00
20:07:47  21.0   0.0   0.5  78.4   0.0    6  39241   4204    1    1    1  45.72    0.00  11.72   4.95  29.04  56.05  56.00  20.00  45.05  56.00  57.00  44.05   0.00
20:07:48  16.7   0.0   0.3  83.0   0.0    2  10932   2278    1    1    1  45.30    0.01  11.78   4.43  29.08  56.05  56.00  20.00  45.05  56.00  57.00  44.05   0.00
20:07:49   9.5   0.0   0.5  89.9   0.0    6   1279   1467    4    0    0  42.01    0.00  10.74   3.30  27.96  56.05  56.00  20.00  45.05  57.00  57.00  44.05   0.00
20:07:50  83.0   0.0   0.7  16.3   0.0   29   7730   7032   30    0    0  70.98    0.00  19.03  11.20  40.74  56.05  56.00  20.00  45.05  56.00  57.00  44.05   0.00
20:07:51  99.3   0.0   0.7   0.1   0.0   30   4844   7825    0    0    1  72.81    0.02  19.28  11.47  42.04  56.05  56.00  20.00  45.05  56.00  57.00  44.05   0.00
20:07:52  99.6   0.0   0.4   0.0   0.0   28   2923   7145    0    0    1  74.88    0.02  19.90  12.03  42.94  56.05  56.00  20.00  45.05  56.00  57.00  44.05   0.00
20:07:53  99.8   0.0   0.1   0.0   0.0   28   1578   6467    0    0    4  74.87    0.00  19.91  12.09  42.87  57.05  57.00  20.00  45.05  57.00  57.00  44.05   0.00
20:07:54  99.8   0.0   0.2   0.0   0.0   28   1439   6459    1    1    2  73.98    0.01  19.71  11.86  42.40  56.05  56.00  20.00  45.05  56.00  57.00  44.05   0.00
20:07:55  99.5   0.0   0.4   0.1   0.0   29   2371   6971    0    0    0  73.43    0.01  19.52  11.70  42.20  57.05  57.00  20.00  45.05  57.00  57.00  44.05   0.00
20:07:56  99.3   0.0   0.2   0.5   0.0   26   1618   6370    0    0    0  82.77    0.01  22.45  14.37  45.95  58.05  58.00  20.00  45.05  58.00  57.00  44.05   0.00
20:07:57  89.6   0.0   2.6   7.8   0.0   19   2096   6036    0    0    1  86.94    0.01  23.63  15.18  48.12  58.05  58.00  20.00  45.05  58.00  57.00  44.05   0.00
20:07:58  93.1   0.0   0.3   6.5   0.0   23   4228   6374    0    0    0  87.16    0.01  23.70  15.45  48.01  57.05  58.00  20.00  45.05  58.00  57.00  44.05   0.00
20:07:59  94.2   0.0   0.5   5.4   0.0   29   2749   6486    0    0    0  88.41    0.01  24.18  15.92  48.30  58.05  58.00  20.00  45.05  58.00  58.00  44.05   0.00
20:08:00  96.0   0.0   0.5   3.5   0.0   27   2858   6686    0    0    0  89.63    0.01  24.56  16.28  48.78  58.05  58.00  20.00  45.05  58.00  58.00  44.05   0.00
20:08:01  84.5   0.0   6.2   9.2   0.0   25   4156   6336    1    1    2  84.73    0.01  22.93  14.54  47.25  58.05  58.00  20.00  45.05  58.00  58.00  44.05   0.00
20:08:02  99.8   0.0   0.0   0.1   0.0   25   2255   6601    1    1    2  90.09    0.01  24.74  16.51  48.84  58.05  58.00  20.00  45.05  58.00  58.00  44.05   0.00
20:08:03  99.4   0.0   0.3   0.3   0.0   25   2450   6606    1    1    1  89.80    0.01  24.63  16.37  48.79  58.05  58.00  20.00  45.05  58.00  58.00  44.05   0.00
20:08:04  95.0   0.0   0.2   4.8   0.0   25   1974   6104    0    0    0  88.79    0.00  24.22  15.80  48.77  58.05  58.00  20.00  45.05  58.00  58.00  44.05   0.00
20:08:05  99.7   0.0   0.1   0.2   0.0   25   1938   6364    0    0    0  90.55    0.00  24.88  16.65  49.01  58.05  58.00  20.00  45.05  58.00  58.00  44.05   0.00
20:08:06  99.0   0.0   0.5   0.5   0.0   25   3066   6830    0    0    0  90.90    0.01  24.88  16.63  49.39  58.05  58.00  20.00  45.05  58.00  58.00  44.05   0.00
20:08:07  89.7   0.0   4.9   5.5   0.0   19   2510   6299    0    0    0  88.38    0.01  24.10  15.72  48.55  58.05  58.00  20.00  45.05  58.00  58.00  44.05   0.00
20:08:08  93.6   0.0   1.8   4.6   0.0   27   1811   8214    2    0    0  87.05    0.00  23.67  15.44  47.93  58.05  58.00  20.00  45.05  58.00  59.00  44.05   0.00
20:08:09  98.2   0.0   0.1   1.6   0.0   25   1683   6816    0    0    1  89.58    0.00  24.48  16.29  48.81  58.05  58.00  20.00  45.05  58.00  59.00  44.05   0.00
20:08:10  75.7   0.0   0.1  24.2   0.0    3   1668   5105    0    0    1  76.91    0.00  20.97  12.96  42.98  58.05  58.00  20.00  45.05  58.00  59.00  44.05   0.00
20:08:11   7.5   0.0   0.1  92.5   0.0    3    489   1015    1    0    1  35.79    0.00   9.09   1.73  24.98  58.05  58.00  20.00  45.05  58.00  59.00  44.05   0.00
20:08:12  60.0   0.0   0.8  39.1   0.0   27   9537   8669    7    0    0  64.45    0.00  17.30   9.43  37.72  58.05  58.00  20.00  45.05  58.00  59.00  45.05   0.00
20:08:13  92.8   0.0   0.2   6.9   0.0   28   2918   6341    0    0    0  90.04    0.00  24.53  15.95  49.56  58.05  58.00  20.00  45.05  58.00  58.00  45.05   0.00
20:08:14  82.7   0.0   0.2  17.1   0.0   28   6690   6208    0    0    5  79.63    0.00  21.62  13.49  44.51  58.05  58.00  20.00  45.05  58.00  58.00  45.05   0.00
20:08:15  57.0   0.0   3.2  39.7   0.0   19  42049  87437    8    0    0  63.19    0.00  16.33   8.41  38.46  58.05  58.00  20.00  45.05  58.00  59.00  45.05   0.00
20:08:16  67.1   0.0   0.3  32.6   0.0   19    967  87931    0    0    0  70.44    0.00  18.60  10.40  41.45  58.05  58.00  20.00  45.05  58.00  59.00  45.05   0.00
20:08:17  64.1   0.0   0.3  35.6   0.0   20   6959   4904    0    0    0  68.67    0.00  18.08  10.13  40.45  58.05  58.00  20.00  45.05  58.00  59.00  45.05   0.00
20:08:18  88.7   0.0   0.6  10.8   0.0   29  11486   6754    0    0    0  79.84    0.00  21.51  13.55  44.78  58.05  58.00  20.00  45.05  58.00  59.00  45.05   0.00
20:08:19  96.4   0.0   0.6   3.0   0.0   27   8341   7017    0    0    0  80.79    0.00  21.85  13.70  45.23  58.05  58.00  20.00  45.05  58.00  59.00  45.05   0.00
20:08:20  77.8   0.0   0.3  21.9   0.0    2   5938   7824    0    0    0  72.10    0.00  19.09  10.86  42.15  58.05  58.00  20.00  45.05  58.00  59.00  45.05   0.00
20:08:21  82.9   0.0   0.4  16.7   0.0   27   3879   5915    0    0    0  83.37    0.00  22.53  14.20  46.64  59.05  59.00  20.00  45.05  59.00  59.00  45.05   0.00
20:08:22  98.8   0.0   0.8   0.5   0.0   28   7795   8074    0    0    0  82.52    0.00  22.41  14.16  45.95  58.05  58.00  20.00  45.05  58.00  59.00  44.05   0.00
20:08:23  97.8   0.0   0.4   1.8   0.0   28   7314   7882    0    0    0  81.75    0.00  22.15  13.91  45.69  58.05  59.00  20.00  45.05  59.00  59.00  44.05   0.00
20:08:24  99.5   0.0   0.3   0.1   0.0   30   6321   8141    0    0    0  82.28    0.00  22.29  13.94  46.05  58.05  58.00  20.00  45.05  58.00  59.00  44.05   0.00
20:08:25  99.5   0.0   0.5   0.0   0.0   28   5303   7703    0    0    1  79.77    0.00  21.52  13.26  44.99  58.05  58.00  20.00  45.05  58.00  59.00  44.05   0.00
20:08:26  99.5   0.0   0.3   0.2   0.0   28   4586   7279    0    0    0  81.77    0.00  22.03  13.71  46.03  59.05  59.00  20.00  45.05  59.00  59.00  44.05   0.00
20:08:27  99.3   0.0   0.3   0.4   0.0   28   4299   6988    0    0    0  81.76    0.00  22.13  13.80  45.82  58.05  58.00  20.00  45.05  58.00  59.00  45.05   0.00
20:08:28  99.0   0.0   0.4   0.6   0.0   28   4143   7034    0    0    1  82.88    0.00  22.46  14.09  46.33  59.05  58.00  20.00  45.05  58.00  59.00  45.05   0.00
20:08:29  99.8   0.0   0.2   0.0   0.0   28   3428   7008    0    0    0  83.73    0.00  22.72  14.33  46.68  59.05  59.00  20.00  45.05  59.00  59.00  45.05   0.00
20:08:30  99.5   0.0   0.4   0.1   0.0   29   3876   7279    0    0    0  82.77    0.00  22.44  14.08  46.25  59.05  59.00  20.00  45.05  59.00  59.00  45.05   0.00
20:08:31  99.8   0.0   0.2   0.1   0.0   28   2593   6593    0    0    0  79.61    0.00  21.44  13.18  44.99  59.05  59.00  20.00  45.05  59.00  59.00  45.05   0.00
20:08:32  99.6   0.0   0.3   0.1   0.0   28   2855   6818    0    0    0  80.78    0.00  21.69  13.40  45.68  59.05  59.00  20.00  45.05  59.00  59.00  45.05   0.00
20:08:33  98.2   0.0   0.5   1.3   0.0   28   3218   6876    0    0    1  79.16    0.00  21.28  13.01  44.87  59.05  59.00  20.00  45.05  59.00  59.00  45.05   0.00
20:08:34  90.3   0.0   0.2   9.5   0.0   19   1415  13229    0    0    0  75.34    0.00  20.02  11.75  43.57  59.05  59.00  20.00  45.05  59.00  59.00  45.05   0.00
20:08:35  78.7   0.0   0.1  21.2   0.0   29   2090   8220    0    0    2  75.94    0.00  20.36  12.12  43.46  59.05  59.00  20.00  45.05  59.00  59.00  45.05   0.00
20:08:36  99.6   0.0   0.3   0.1   0.0   28   2375   6849    0    0    0  84.97    0.00  23.00  14.57  47.40  59.05  59.00  20.00  45.05  59.00  59.00  45.05   0.00
20:08:37  99.8   0.0   0.2   0.0   0.0   28   1895   6541    0    0    0  84.79    0.00  23.03  14.58  47.17  58.05  58.00  20.00  45.05  58.00  59.00  45.05   0.00
20:08:38  99.8   0.0   0.2   0.0   0.0   28   2212   6871    0    0    0  85.83    0.00  23.36  14.90  47.56  58.05  58.00  20.00  45.05  58.00  59.00  45.05   0.00
20:08:39  99.3   0.0   0.2   0.5   0.0   31   2027   6621    0    0    0  85.01    0.00  23.12  14.67  47.21  58.05  58.00  20.00  45.05  58.00  59.00  45.05   0.00
20:08:40  99.7   0.0   0.3   0.0   0.0   28   1921   6824    0    0    0  86.68    0.00  23.63  15.19  47.86  59.05  59.00  20.00  45.05  59.00  59.00  45.05   0.00
20:08:41  99.5   0.0   0.4   0.0   0.0   28   1772   6666    0    0    0  83.89    0.00  22.69  14.32  46.88  59.05  59.00  20.00  45.05  59.00  59.00  45.05   0.00
20:08:42  99.8   0.0   0.2   0.1   0.0   28   1641   6442    0    0    0  82.07    0.00  22.22  13.95  45.90  59.05  59.00  20.00  45.05  59.00  59.00  45.05   0.00
20:08:43  99.8   0.0   0.2   0.0   0.0   28   1806   6559    0    0    0  82.17    0.00  22.25  13.98  45.94  59.05  59.00  20.00  45.05  59.00  59.00  45.05   0.00
20:08:44  99.6   0.0   0.3   0.1   0.0   28   1818   6981    1    0    0  81.84    0.00  22.06  13.77  46.02  58.05  58.00  20.00  45.05  58.00  59.00  45.05   0.00
20:08:45  95.4   0.0   0.5   4.0   0.0   28   1956   6383    0    0    1  80.37    0.00  21.72  13.46  45.19  58.05  58.00  20.00  45.05  58.00  59.00  45.05   0.00
20:08:46  99.2   0.0   0.2   0.6   0.0   28   2030   6891    0    0    0  82.36    0.00  22.32  14.04  46.00  58.05  58.00  20.00  45.05  58.00  59.00  45.05   0.00
20:08:47  99.9   0.0   0.1   0.0   0.0   28   1157   6359    0    0    2  75.68    0.00  20.30  12.30  43.07  59.05  59.00  20.00  45.05  59.00  59.00  45.05   0.00
20:08:48  99.9   0.0   0.0   0.0   0.0   28   1021   6236    0    0    0  75.34    0.00  20.19  12.18  42.97  59.05  59.00  20.00  45.05  59.00  59.00  45.05   0.00
20:08:49  99.9   0.0   0.1   0.0   0.0   28   1297   6440    0    0    1  84.56    0.00  22.97  14.57  47.02  59.05  59.00  20.00  45.05  59.00  59.00  45.05   0.00
20:08:50  95.9   0.0   0.4   3.7   0.0   28   1382   6245    0    0    0  85.04    0.00  23.12  14.64  47.28  59.05  59.00  20.00  45.05  59.00  59.00  45.05   0.00
20:08:51  99.8   0.0   0.2   0.0   0.0   28    952   6584    0    0    0  77.65    0.00  20.64  12.47  44.55  59.05  59.00  20.00  46.05  59.00  59.00  45.05   0.00
20:08:52  99.7   0.0   0.2   0.1   0.0   28   1280   6423    0    0    4  87.23    0.00  23.76  15.22  48.25  59.05  59.00  20.00  46.05  59.00  60.00  45.05   0.00
20:08:53  99.6   0.0   0.4   0.0   0.0   28   1246   6501    0    0    0  89.24    0.00  24.36  15.77  49.12  60.05  60.00  20.00  46.05  60.00  60.00  46.05   0.00
20:08:54  95.9   0.0   0.3   3.8   0.0   28   1213   6099    0    0    0  87.59    0.00  23.87  15.29  48.43  60.05  60.00  20.00  46.05  60.00  59.00  46.05   0.00
20:08:55  99.7   0.0   0.2   0.0   0.0   28   1094   6558    0    0    0  89.24    0.00  24.34  15.76  49.14  59.05  59.00  20.00  46.05  59.00  59.00  46.05   0.00
20:08:56  95.4   0.0   0.4   4.2   0.0   28   1265   6256    0    0    0  87.63    0.00  23.87  15.30  48.47  59.05  59.00  20.00  46.05  59.00  60.00  46.05   0.00
20:08:57  99.8   0.0   0.2   0.0   0.0   28    985   6882    0    0    0  89.87    0.00  24.41  15.79  49.67  60.05  60.00  20.00  46.05  60.00  60.00  46.05   0.00
20:08:58  95.7   0.0   0.3   4.0   0.0   28   1258   6387    0    0    0  88.35    0.00  24.04  15.41  48.90  59.05  59.00  20.00  46.05  59.00  60.00  45.05   0.00
20:08:59  99.8   0.0   0.2   0.0   0.0   29   1128   6405    0    0    0  87.09    0.00  23.69  15.17  48.23  60.05  60.00  20.00  46.05  60.00  60.00  45.05   0.00
20:09:00  99.8   0.0   0.2   0.0   0.0   28   1153   6553    0    0    1  88.81    0.00  24.18  15.59  49.03  60.05  60.00  20.00  46.05  60.00  61.00  45.05   0.00
20:09:01  95.8   0.0   0.4   3.8   0.0   28   1420   6395    0    0    0  88.29    0.00  24.02  15.39  48.88  60.05  60.00  20.00  46.05  60.00  61.00  45.05   0.00
20:09:02  99.7   0.0   0.2   0.1   0.0   28   1374   6374    0    0    0  89.99    0.00  24.45  15.79  49.76  59.05  59.00  20.00  46.05  59.00  60.00  45.05   0.00
20:09:03  98.3   0.0   0.3   1.5   0.0   28   1364   6283    0    0    0  90.00    0.00  24.51  15.86  49.63  60.05  60.00  20.00  46.05  60.00  60.00  46.05   0.00
20:09:04  99.7   0.0   0.3   0.0   0.0   28   1181   6403    0    0    0  89.18    0.00  24.30  15.70  49.18  59.05  59.00  20.00  46.05  59.00  61.00  46.05   0.00
20:09:05  98.2   0.0   0.3   1.5   0.0   28   1152   6249    0    0    0  89.35    0.00  24.33  15.71  49.30  60.05  60.00  20.00  46.05  60.00  61.00  46.05   0.00
20:09:06  99.5   0.0   0.4   0.1   0.0   28   1396   6680    0    0    0  90.14    0.00  24.50  15.89  49.76  59.05  59.00  20.00  46.05  59.00  60.00  46.05   0.00
20:09:07  97.9   0.0   0.2   1.9   0.0   28   1381   6234    0    0    0  89.57    0.00  24.37  15.69  49.51  60.05  60.00  20.00  46.05  60.00  60.00  46.05   0.00
20:09:08  99.7   0.0   0.3   0.0   0.0   28   1216   6274    0    0    0  89.73    0.00  24.34  15.67  49.72  60.05  60.00  20.00  46.05  60.00  60.00  46.05   0.00
20:09:09  97.6   0.0   0.3   2.1   0.0   26   1309   6206    0    0    2  88.90    0.00  24.17  15.51  49.22  60.05  60.00  20.00  46.05  59.00  61.00  46.05   0.00
20:09:10  99.7   0.0   0.3   0.0   0.0   28   1029   6256    0    0    0  89.47    0.00  24.38  15.78  49.31  60.05  60.00  20.00  46.05  60.00  61.00  46.05   0.00
20:09:11  98.1   0.0   0.2   1.7   0.0   28   1226   6327    0    0    0  89.54    0.00  24.39  15.76  49.39  60.05  60.00  20.00  46.05  62.00  61.00  46.05   0.00
20:09:12  99.7   0.0   0.2   0.0   0.0   28   1083   6234    0    0    0  90.85    0.00  24.84  16.24  49.77  60.05  60.00  20.00  46.05  60.00  61.00  46.05   0.00
20:09:13  97.7   0.0   0.3   1.9   0.0   29   1266   6131    0    0    0  89.32    0.00  24.31  15.69  49.32  60.05  60.00  20.00  46.05  60.00  61.00  46.05   0.00
20:09:14  99.7   0.0   0.2   0.0   0.0   28    986   6235    0    0    0  89.25    0.00  24.34  15.78  49.14  60.05  60.00  20.00  46.05  60.00  61.00  46.05   0.00
20:09:15  96.0   0.0   1.5   2.5   0.0   28   1182   6172    0    0    0  89.15    0.00  24.26  15.65  49.24  60.05  60.00  20.00  46.05  60.00  61.00  46.05   0.00
20:09:16  99.6   0.0   0.3   0.0   0.0   28    953   6282    0    0    0  89.93    0.00  24.53  15.95  49.44  60.05  60.00  20.00  46.05  60.00  61.00  46.05   0.00
20:09:17  97.4   0.0   0.2   2.4   0.0   28   1145   6318    0    0    0  90.32    0.00  24.62  15.96  49.74  60.05  60.00  20.00  46.05  60.00  61.00  46.05   0.00
20:09:18  99.6   0.0   0.3   0.0   0.0   28   1053   6255    0    0    0  90.95    0.00  24.87  16.30  49.78  60.05  60.00  20.00  46.05  60.00  61.00  46.05   0.00
20:09:19  94.4   0.0   2.9   2.7   0.0   19   1091   6175    0    0    0  90.31    0.00  24.63  16.02  49.66  60.05  60.00  20.00  46.05  60.00  61.00  46.05   0.00
20:09:20  75.0   0.0   0.4  24.6   0.0    2   2116  55062    0    0    0  74.33    0.00  19.69  11.26  43.39  59.05  59.00  20.00  46.05  59.00  61.00  46.05   0.00
20:09:21  81.3   0.0   0.2  18.5   0.0   28    938   5276    0    0    0  85.75    0.00  23.29  14.87  47.59  60.05  60.00  20.00  46.05  60.00  61.00  46.05   0.00
20:09:22  99.8   0.0   0.2   0.0   0.0   28    984   6253    0    0    0  90.12    0.00  24.55  15.92  49.65  60.05  60.00  20.00  46.05  60.00  61.00  46.05   0.00
20:09:23  99.0   0.0   0.2   0.8   0.0   28   1254   6199    0    0    0  90.05    0.00  24.53  15.89  49.63  60.05  60.00  20.00  46.05  60.00  61.00  46.05   0.00
20:09:24  99.6   0.0   0.3   0.1   0.0   28   1177   6297    0    0    0  89.44    0.00  24.33  15.75  49.36  60.05  60.00  20.00  46.05  60.00  61.00  46.05   0.00
20:09:25  98.8   0.0   0.3   0.9   0.0   28   1493   6305    0    0    2  90.99    0.00  24.88  16.28  49.83  60.05  60.00  20.00  46.05  60.00  61.00  46.05   0.00
20:09:26  99.7   0.0   0.2   0.0   0.0   28    905   6488    0    0    0  91.55    0.00  25.00  16.40  50.15  60.05  60.00  20.00  46.05  60.00  61.00  46.05   0.00
20:09:27  97.7   0.0   1.2   1.1   0.0   28   1667   6225    0    0    0  91.43    0.00  24.92  16.29  50.23  60.05  60.00  20.00  46.05  60.00  61.00  46.05   0.00
20:09:28  99.8   0.0   0.2   0.0   0.0   28   1056   6343    0    0    0  91.12    0.00  24.84  16.16  50.11  60.05  60.00  20.00  46.05  60.00  61.00  46.05   0.00
20:09:29  99.2   0.0   0.2   0.5   0.0   19   1032   6289    0    0    0  90.55    0.00  24.71  16.05  49.80  60.05  60.00  20.00  46.05  60.00  61.00  46.05   0.00
20:09:30  99.2   0.0   0.3   0.5   0.0   28   1775   6256    0    0    0  90.56    0.00  24.72  16.11  49.73  60.05  60.00  20.00  46.05  60.00  61.00  46.05   0.00
20:09:31  99.7   0.0   0.3   0.0   0.0   28   1030   6491    0    0    0  91.33    0.00  24.95  16.32  50.07  60.05  60.00  20.00  46.05  60.00  61.00  46.05   0.00
20:09:32  97.3   0.0   1.1   1.6   0.0   28   1867   6215    0    0    0  90.17    0.00  24.58  15.94  49.65  60.05  60.00  20.00  46.05  60.00  61.00  46.05   0.00
20:09:33  99.5   0.0   0.4   0.1   0.0   28    957   6238    0    0    0  91.33    0.00  24.97  16.38  49.98  60.05  60.00  20.00  46.05  60.00  61.00  47.05   0.00
20:09:34  97.6   0.0   0.8   1.6   0.0   29   1197   6184    0    0    0  90.75    0.00  24.77  16.14  49.84  60.05  60.00  20.00  46.05  60.00  61.00  47.05   0.00
20:09:35  99.8   0.0   0.2   0.0   0.0   28   1081   6282    0    0    0  93.48    0.00  25.63  17.01  50.84  62.05  62.00  20.00  46.05  62.00  61.00  47.05   0.00
20:09:36  96.2   0.0   1.5   2.3   0.0   28   1230   6229    0    0    0  93.01    0.00  25.40  16.74  50.87  61.05  61.00  20.00  46.05  60.00  61.00  47.05   0.00
20:09:37  99.8   0.0   0.2   0.0   0.0   28   1002   6484    0    0    0  91.65    0.00  25.04  16.43  50.19  61.05  61.00  20.00  46.05  61.00  61.00  47.05   0.00
20:09:38  99.8   0.0   0.2   0.0   0.0   28   1010   6244    0    0    0  92.05    0.00  25.11  16.49  50.44  62.05  62.00  20.00  46.05  62.00  61.00  46.05   0.00
20:09:39  95.3   0.0   2.3   2.4   0.0   28   1045   6113    0    0    0  90.49    0.00  24.69  16.09  49.71  61.05  61.00  20.00  46.05  61.00  61.00  46.05   0.00
20:09:40  99.6   0.0   0.3   0.0   0.0   28   1074   6253    0    0    0  92.54    0.00  25.36  16.76  50.42  61.05  61.00  20.00  46.05  61.00  61.00  46.05   0.00
20:09:41  95.4   0.0   2.0   2.6   0.0   28   1030   6065    0    0    0  92.13    0.00  25.21  16.60  50.32  61.05  61.00  20.00  47.05  61.00  61.00  46.05   0.00
20:09:42  99.8   0.0   0.2   0.0   0.0   28   1031   6361    0    0    0  93.10    0.00  25.51  16.85  50.75  61.05  61.00  20.00  47.05  61.00  62.00  46.05   0.00
20:09:43  99.8   0.0   0.2   0.0   0.0   28    924   6254    0    0    0  91.41    0.00  24.96  16.31  50.14  62.05  62.00  20.00  47.05  60.00  62.00  47.05   0.00
20:09:44  96.2   0.0   1.2   2.5   0.0   28    912   6170    0    0    0  90.80    0.00  24.75  16.08  49.98  60.05  60.00  20.00  47.05  62.00  62.00  47.05   0.00
20:09:45  99.8   0.0   0.2   0.0   0.0   28    908   6209    0    0    0  92.94    0.00  25.41  16.69  50.84  62.05  62.00  20.00  47.05  62.00  62.00  47.05   0.00
20:09:46  95.9   0.0   1.5   2.6   0.0   29   1087   6131    0    0    0  90.09    0.00  24.52  15.83  49.75  61.05  61.00  20.00  47.05  61.00  62.00  47.05   0.00
20:09:47  99.5   0.0   0.5   0.0   0.0   28    921   6274    0    0    0  91.14    0.00  24.85  16.20  50.10  62.05  62.00  20.00  47.05  62.00  62.00  47.05   0.00
20:09:48  99.6   0.0   0.3   0.0   0.0   28   1044   6337    0    0    0  92.40    0.00  25.27  16.65  50.48  61.05  61.00  20.00  47.05  61.00  62.00  47.05   0.00
20:09:49  93.7   0.0   1.3   5.0   0.0   28  12111   7355    0    0    1  89.40    0.00  24.36  15.76  49.27  61.05  61.00  20.00  47.05  61.00  62.00  47.05   0.00
20:09:50  99.7   0.0   0.3   0.0   0.0   28    989   6236    0    0    0  93.98    0.00  25.75  17.01  51.22  62.05  62.00  20.00  47.05  62.00  62.00  47.05   0.00
20:09:51  96.8   0.0   0.5   2.7   0.0   28   1151   6250    0    0    0  91.11    0.00  24.69  15.96  50.46  61.05  61.00  20.00  47.05  61.00  62.00  47.05   0.00
20:09:52  99.7   0.0   0.3   0.0   0.0   28   1062   6270    0    0    0  91.23    0.00  24.90  16.18  50.15  62.05  62.00  20.00  47.05  62.00  62.00  47.05   0.00
20:09:53  97.5   0.0   0.6   1.9   0.0   19    932   6181    0    0    0  91.21    0.00  24.82  16.03  50.37  62.05  62.00  20.00  47.05  62.00  62.00  47.05   0.00
20:09:54  99.0   0.0   0.2   0.8   0.0   28   1007   6203    0    0    0  92.59    0.00  25.29  16.57  50.72  62.05  62.00  20.00  47.05  62.00  62.00  47.05   0.00
20:09:55  99.7   0.0   0.2   0.0   0.0   28   1044   6387    0    0    0  91.75    0.00  24.98  16.34  50.43  62.05  62.00  20.00  47.05  62.00  63.00  47.05   0.00
20:09:56  93.9   0.0   0.7   5.4   0.0   28  33410   9367    0    0    0  89.17    0.00  24.18  15.95  49.05  60.05  60.00  20.00  47.05  60.00  63.00  47.05   0.00
20:09:57  99.5   0.0   0.4   0.1   0.0   28    961   6540    0    0    0  95.31    0.00  26.19  17.68  51.44  62.05  62.00  20.00  47.05  62.00  62.00  47.05   0.00
20:09:58  97.5   0.0   0.3   2.3   0.0   19   1034   6597    0    0    0  93.89    0.00  25.79  17.12  50.98  62.05  62.00  20.00  47.05  62.00  62.00  47.05   0.00
20:09:59  98.9   0.0   0.2   0.9   0.0   28   1146   6189    0    0    0  94.81    0.00  26.09  17.49  51.24  62.05  62.00  20.00  47.05  62.00  62.00  47.05   0.00
20:10:00  99.7   0.0   0.3   0.0   0.0   28    990   6302    0    0    0  95.05    0.00  26.15  17.51  51.39  62.05  62.00  20.00  47.05  62.00  62.00  47.05   0.00
20:10:01  96.2   0.0   0.7   3.2   0.0   27   1139   6108    0    0    0  94.10    0.00  25.81  17.15  51.14  62.05  62.00  20.00  47.05  62.00  63.00  47.05   0.00
20:10:02  99.8   0.0   0.2   0.0   0.0   27   1013   6286    0    0    0  95.50    0.00  26.22  17.64  51.64  63.05  63.00  20.00  47.05  63.00  63.00  47.05   0.00
20:10:03  38.2   0.0   0.2  61.6   0.0    2    689   2683    0    0    0  59.83    0.00  16.12   8.34  35.37  61.05  61.00  20.00  47.05  61.00  63.00  47.05   0.00
20:10:04   7.0   0.0   0.0  93.0   0.0    2    667    890    0    0    2  42.39    0.00  11.17   3.76  27.45  61.05  60.00  20.00  47.05  60.00  63.00  48.05   0.00
20:10:05   7.8   0.0   0.2  92.0   0.0    2    501   1224    2    0    0  38.42    0.00   9.96   2.47  26.00  60.05  60.00  20.00  47.05  60.00  62.00  48.05   0.00
20:10:06   8.5   0.0   0.0  91.4   0.0    3    497    946    0    0    0  39.54    0.00  10.21   2.67  26.65  60.05  60.00  20.00  47.05  60.00  62.00  48.05   0.00
20:10:07  14.2   0.0   0.1  85.7   0.0    3    748   1472    1    0    0  41.24    0.00  10.89   3.24  27.12  59.05  59.00  20.00  48.05  59.00  61.00  48.05   0.00
20:10:08  13.4   0.0   0.3  86.2   0.0    5   1510   1886    2    0    2  41.02    0.00  10.76   3.17  27.09  60.05  60.00  20.00  48.05  60.00  61.00  48.05   0.00
20:10:09   8.3   0.0   0.0  91.7   0.0    2    680    999    0    0    2  39.36    0.00  10.17   2.66  26.53  60.05  60.00  20.00  48.05  60.00  61.00  48.05   0.00
20:10:10   5.3   0.0   0.0  94.7   0.0    2    370    704    0    0    0  38.37    0.00   9.88   2.44  26.05  59.05  59.00  20.00  48.05  59.00  61.00  48.05   0.00
20:10:11   4.4   0.0   0.0  95.5   0.0    2    316    669    0    0    1  38.09    0.00   9.76   2.36  25.97  60.05  60.00  20.00  48.05  59.00  60.00  48.05   0.00
20:10:12  19.7   0.0   0.1  80.2   0.0   19    368   1689    0    0    0  46.57    0.00  12.04   4.20  30.33  60.05  60.00  20.00  47.05  60.00  60.00  48.05   0.00
20:10:13   9.2   0.0   0.1  90.8   0.0    3    468    948    0    0    0  39.68    0.00  10.30   2.76  26.63  59.05  59.00  20.00  47.05  59.00  60.00  48.05   0.00
20:10:14   4.4   0.0   0.0  95.5   0.0    2    289    670    0    0    0  37.87    0.00   9.69   2.31  25.87  60.05  60.00  20.00  47.05  60.00  60.00  48.05   0.00
20:10:15   4.2   0.0   0.0  95.8   0.0    2    294    641    0    0    0  37.64    0.00   9.63   2.23  25.78  60.05  60.00  20.00  47.05  59.00  60.00  48.05   0.00
20:10:16   4.2   0.0   0.0  95.8   0.0    2    249    644    0    0    0  38.71    0.00  10.01   2.63  26.07  60.05  60.00  20.00  47.05  60.00  60.00  48.05   0.00
20:10:17   4.3   0.0   0.0  95.7   0.0    2    248    682    0    0    0  37.86    0.00   9.70   2.30  25.87  60.05  60.00  20.00  48.05  60.00  60.00  48.05   0.00
20:10:18   4.3   0.0   0.0  95.7   0.0    2    280    710    0    0    0  37.83    0.00   9.70   2.33  25.80  59.05  59.00  20.00  48.05  59.00  60.00  48.05   0.00
20:10:19   4.2   0.0   0.0  95.8   0.0    2    324    643    0    0    0  38.26    0.00   9.81   2.41  26.04  59.05  59.00  20.00  48.05  59.00  60.00  48.05   0.00
20:10:20  18.7   0.0   0.9  80.4   0.0   19    375   1649    2    0    0  46.57    0.00  12.00   4.24  30.33  60.05  60.00  20.00  48.05  60.00  60.00  48.05   0.00
20:10:21  73.8   0.0   1.2  25.0   0.0   19    614  80824    0    0    0  66.23    0.00  17.01   8.59  40.63  62.05  62.00  20.00  48.05  62.00  60.00  48.05   0.00
20:10:22  65.9   0.0   1.2  32.8   0.0   19   2103  21849    0    0    0  70.24    0.00  18.48  10.43  41.32  60.05  60.00  20.00  48.05  60.00  60.00  48.05   0.00
20:10:23  75.1   0.0   0.0  24.9   0.0   19    430   4928    0    0    0  74.31    0.00  19.67  11.54  43.09  60.05  60.00  20.00  48.05  60.00  61.00  48.05   0.00
20:10:24  27.3   0.0   0.1  72.6   0.0    6    792   2430    2    0    0  49.28    0.00  13.03   5.72  30.53  60.05  60.00  20.00  48.05  60.00  61.00  47.05   0.00
20:10:25  16.3   0.0   0.1  83.6   0.0    3   1762   1730    0    0    1  41.52    0.00  10.95   3.28  27.29  60.05  60.00  20.00  48.05  60.00  60.00  47.05   0.00
20:10:26   9.1   0.0   0.1  90.7   0.0    4    572   1030    0    0    2  37.90    0.00   9.66   2.14  26.10  59.05  59.00  20.00  48.05  59.00  60.00  47.05   0.00
20:10:27   6.5   0.0   0.0  93.5   0.0    2    475    857    0    0    1  38.71    0.00  10.00   2.58  26.13  59.05  59.00  20.00  47.05  60.00  60.00  47.05   0.00
20:10:28   6.8   0.0   0.1  93.0   0.0    3    509   1050    1    0    0  39.39    0.00  10.24   2.80  26.35  59.05  59.00  20.00  47.05  59.00  60.00  47.05   0.00
20:10:29   5.3   0.0   0.0  94.7   0.0    2    332    720    0    0    1  37.85    0.00   9.72   2.26  25.87  59.05  59.00  20.00  47.05  59.00  60.00  47.05   0.00
20:10:30   7.3   0.0   0.0  92.7   0.0    4    418    860    0    0    0  37.41    0.00   9.50   2.03  25.88  59.05  59.00  20.00  47.05  59.00  60.00  47.05   0.00
20:10:31   8.8   0.0   0.0  91.2   0.0    3    374    827    0    0    0  37.88    0.00   9.76   2.22  25.90  59.05  59.00  20.00  47.05  59.00  59.00  47.05   0.00
20:10:32   7.9   0.0   0.0  92.1   0.0    2    365    799    0    0    1  38.01    0.00   9.78   2.17  26.06  59.05  59.00  20.00  47.05  59.00  59.00  47.05   0.00
20:10:33   9.2   0.0   0.3  90.4   0.0    6   1264   1462    4    0    0  37.29    0.00   9.56   1.96  25.77  58.05  58.00  20.00  47.05  58.00  59.00  47.05   0.00
20:10:34  12.4   0.0   0.0  87.5   0.0    3   2304   1353    0    0    0  38.89    0.00  10.08   2.51  26.29  59.05  59.00  20.00  47.05  59.00  59.00  47.05   0.00
20:10:35  15.5   0.0   0.1  84.4   0.0    5   1953   1591    0    0    0  41.11    0.00  10.82   3.21  27.07  59.05  59.00  20.00  47.05  59.00  59.00  47.05   0.00
20:10:36  10.9   0.0   0.0  89.1   0.0    3    710   1058    0    0    2  40.01    0.00  10.48   2.97  26.57  59.05  59.00  20.00  47.05  59.00  59.00  47.05   0.00
20:10:37   7.8   0.0   0.0  92.1   0.1    2    415    822    0    0    2  39.50    0.00  10.20   2.73  26.57  59.05  59.00  20.00  47.05  59.00  59.00  47.05   0.00
20:10:38   8.4   0.0   0.2  91.3   0.0    3    507   1139    3    0    0  39.32    0.00  10.24   2.83  26.25  58.05  58.00  20.00  47.05  58.00  59.00  47.05   0.00
20:10:39   6.3   0.0   0.0  93.7   0.0    2    473    724    0    0    1  38.76    0.00  10.03   2.64  26.09  59.05  59.00  20.00  47.05  59.00  59.00  47.05   0.00
20:10:40   4.4   0.0   0.0  95.6   0.0    2    384    580    0    0    2  38.52    0.00   9.89   2.56  26.07  58.05  58.00  20.00  47.05  58.00  59.00  47.05   0.00
20:10:41   4.2   0.0   0.0  95.8   0.0    2    231    491    0    0    0  37.94    0.00   9.68   2.35  25.92  59.05  59.00  20.00  47.05  59.00  59.00  47.05   0.00
20:10:42   8.7   0.0   0.3  91.0   0.0    3    574   1235    2    0    0  38.98    0.00  10.13   2.67  26.18  58.05  58.00  20.00  47.05  58.00  59.00  47.05   0.00
20:10:43  12.2   0.0   0.0  87.8   0.0    3    931   1203    2    0    0  38.48    0.00   9.97   2.36  26.15  59.05  59.00  20.00  47.05  59.00  59.00  47.05   0.00
20:10:44  12.2   0.0   0.1  87.7   0.0    4   1184   1231    3    0    2  39.34    0.00  10.24   2.65  26.45  59.05  59.00  20.00  47.05  59.00  59.00  47.05   0.00
20:10:45   8.6   0.0   0.1  91.2   0.0    3    400    885    0    0    3  38.01    0.00   9.78   2.20  26.03  58.05  58.00  20.00  47.05  58.00  59.00  47.05   0.00
20:10:46   8.9   0.0   0.0  91.1   0.0    2   1052   1040    1    0    2  39.20    0.00  10.18   2.70  26.32  58.05  58.00  20.00  47.05  58.00  59.00  47.05   0.00
20:10:47   5.3   0.0   0.0  94.7   0.0    2    441    637    0    0    1  37.93    0.00   9.74   2.38  25.81  59.05  59.00  20.00  47.05  58.00  59.00  47.05   0.00
20:10:48   4.3   0.0   0.0  95.7   0.0    2    324    539    0    0    0  37.87    0.00   9.70   2.37  25.79  59.05  59.00  20.00  47.05  59.00  59.00  47.05   0.00
20:10:49   4.2   0.0   0.0  95.8   0.0    2    336    547    0    0    1  37.96    0.00   9.71   2.38  25.87  58.05  58.00  20.00  47.05  58.00  59.00  47.05   0.00
20:10:50   4.6   0.0   0.0  95.3   0.0    2    339    649    0    0    0  38.06    0.00   9.76   2.43  25.87  58.05  58.00  20.00  47.05  58.00  59.00  47.05   0.00
20:10:51   4.3   0.0   0.0  95.7   0.0    2    305    526    0    0    0  37.87    0.00   9.65   2.32  25.90  58.05  58.00  20.00  47.05  58.00  59.00  47.05   0.00
20:10:52   4.5   0.0   0.0  95.5   0.0    3    504    580    2    0    0  37.73    0.00   9.50   2.17  26.05  58.05  58.00  20.00  47.05  58.00  59.00  47.05   0.00
20:10:53  13.1   0.0   0.4  86.5   0.0    3   1431   1624    2    0    0  40.60    0.00  10.64   3.03  26.93  59.05  59.00  20.00  47.05  59.00  59.00  47.05   0.00
20:10:54  13.3   0.0   0.0  86.7   0.0    4   1097   1229    0    0    0  40.17    0.00  10.53   2.94  26.70  59.05  59.00  20.00  47.05  59.00  59.00  47.05   0.00
20:10:55  15.8   0.0   0.8  83.3   0.0    4   1152   1528    2    0    1  42.64    0.00  11.31   3.68  27.65  59.05  59.00  20.00  47.05  59.00  59.00  47.05   0.00
20:10:56   3.9   0.0   2.3  93.8   0.1    2    847    968    4    4    0  40.38    0.00  10.36   2.97  27.05  59.05  59.00  20.00  47.05  59.00  59.00  47.05   0.00
20:10:57   2.5   0.0   1.8  95.7   0.0    2   2385   2752   15   12  117  35.86    0.00   8.84   2.23  24.80  57.05  57.00  20.00  47.05  57.00  59.00  47.05   0.00
-------- ----- ----- ----- ----- ----- ---- ------ ------ ---- ---- ---- ------  ------ ------ ------ ------ ------ ------ ------ ------ ------ ------ ------ ------
 Average  55.1   0.0   4.5  40.4   0.0 16.2 48259.8 19291.5  1.7  0.3  1.6  65.05    0.00  17.20   9.32  38.52  57.62  57.56  20.00  45.14  57.57  58.11  44.57   0.00
 GeoMean   0.0   0.0   0.0   0.0   0.0 11.3 5199.0 6282.9  0.0  0.0  0.0  61.65    0.00  16.16   7.33  37.34  57.57  57.52  20.00  45.12  57.52  58.07  44.53   0.00
  StdDev  37.4   0.0  10.8  36.8   0.0 10.3 111617.3 34903.4  6.2  3.3  8.2  20.23    0.00   5.79   5.27   9.22   2.32   2.33   0.00   1.44   2.32   2.31   1.93   0.00
-------- ----- ----- ----- ----- ----- ---- ------ ------ ---- ---- ---- ------  ------ ------ ------ ------ ------ ------ ------ ------ ------ ------ ------ ------
 Minimum   0.0   0.0   0.0   0.0   0.0  1.0  231.0  184.0  0.0  0.0  0.0  23.00    0.00   5.15   0.07  17.78  52.05  50.00  20.00  43.05  50.00  52.00  41.05   0.00
 Maximum  99.9   0.0  44.3 100.0   0.3 31.0 406009.0 136572.0 62.0 60.0 117.0  95.50    0.02  26.22  17.68  51.64  63.05  63.00  20.00  48.05  63.00  63.00  48.05   0.00
-------- ----- ----- ----- ----- ----- ---- ------ ------ ---- ---- ---- ------  ------ ------ ------ ------ ------ ------ ------ ------ ------ ------ ------ ------
Summary:
CPU:  65.05 Watts on average with standard deviation 20.23 
Note: power read from RAPL domains: uncore, pkg-0, core, psys.
These readings do not cover all the hardware in this device.

Histogram (of 358 power measurements)

 Range (Watts)  Count
23.001 - 30.250     3 #
30.251 - 37.501    12 ######
37.502 - 44.751    67 ###################################
44.752 - 52.001    44 #######################
52.002 - 59.251    30 ################
59.252 - 66.501    21 ###########
66.502 - 73.751    24 ############
73.752 - 81.001    51 ###########################
81.002 - 88.251    31 ################
88.252 - 95.502    75 ########################################

Histogram (of 358 CPU utilization measurements)

  Range (%CPU)    Count
  0.042 -  10.037    53 #################
 10.038 -  20.032    56 ##################
 20.033 -  30.028    14 ####
 30.029 -  40.024     6 ##
 40.025 -  50.020     5 #
 50.021 -  60.016     2 
 60.017 -  70.012    38 ############
 70.013 -  80.007    55 ##################
 80.008 -  90.003    10 ###
 90.004 -  99.999   119 ########################################

Histogram (of 358 thermal zone TCPU readings)

 Range (C)    Count
52.050 - 53.149    18 #########
53.150 - 54.249    29 ###############
54.250 - 55.349     0 
55.350 - 56.449    77 ########################################
56.450 - 57.549    52 ###########################
57.550 - 58.649    47 ########################
58.650 - 59.749    54 ############################
59.750 - 60.849    52 ###########################
60.850 - 61.949    12 ######
61.950 - 63.049    17 ########

Histogram (of 358 thermal zone x86_pkg_temp readings)

 Range (C)    Count
50.000 - 51.299     1 
51.300 - 52.599     5 #
52.600 - 53.899    13 #####
53.900 - 55.199    27 ##########
55.200 - 56.499    78 ##############################
56.500 - 57.799    51 ####################
57.800 - 59.099   102 ########################################
59.100 - 60.399    53 ####################
60.400 - 61.699    11 ####
61.700 - 62.999    17 ######

Range is zero, cannot produce histogram of thermal zone INT3400 Thermal

Histogram (of 358 thermal zone SEN3 readings)

 Range (C)    Count
43.050 - 43.549    66 #######################
43.550 - 44.049    53 ##################
44.050 - 44.549     0 
44.550 - 45.049   112 ########################################
45.050 - 45.549     0 
45.550 - 46.049    50 #################
46.050 - 46.549     0 
46.550 - 47.049    62 ######################
47.050 - 47.549     0 
47.550 - 48.049    15 #####

Histogram (of 358 thermal zone TCPU_PCI readings)

 Range (C)    Count
50.000 - 51.299     1 
51.300 - 52.599     5 #
52.600 - 53.899    13 #####
53.900 - 55.199    26 ##########
55.200 - 56.499    77 #############################
56.500 - 57.799    53 ####################
57.800 - 59.099   104 ########################################
59.100 - 60.399    51 ###################
60.400 - 61.699    10 ###
61.700 - 62.999    18 ######

Histogram (of 358 thermal zone iwlwifi_1 readings)

 Range (C)    Count
52.000 - 53.099    10 ####
53.100 - 54.199    10 ####
54.200 - 55.299    27 ###########
55.300 - 56.399    27 ###########
56.400 - 57.499    96 ########################################
57.500 - 58.599    20 ########
58.600 - 59.699    71 #############################
59.700 - 60.799    29 ############
60.800 - 61.899    43 #################
61.900 - 62.999    25 ##########

Histogram (of 358 thermal zone acpitz readings)

 Range (C)    Count
41.050 - 41.749     5 ##
41.750 - 42.449    75 ##################################
42.450 - 43.149    30 #############
43.150 - 43.849     0 
43.850 - 44.549    87 ########################################
44.550 - 45.249    41 ##################
45.250 - 45.949     0 
45.950 - 46.649    40 ##################
46.650 - 47.349    60 ###########################
47.350 - 48.049    20 #########

Range is zero, cannot produce histogram of thermal zone SEN2
