Running for 86400.0 seconds (86400 samples at 1.0 second intervals).
Power measurements will start in 0 seconds time.

  Time    User  Nice   Sys  Idle    IO  Run Ctxt/s  IRQ/s Fork Exec Exit  Watts  uncore  pkg-0   core   psys   TCPU iwlwif INT340   SEN3 TCPU_P x86_pk acpitz   SEN2
13:16:02   0.1   0.0   0.0  99.9   0.0    1    240    289    0    0    0   8.95    0.00   2.02   0.15   6.78  44.05  20.00  35.05  44.00  44.00  45.00  35.05   0.00
13:16:03   0.0   0.0   0.0 100.0   0.0    1    274    164    0    0    0   7.30    0.00   1.65   0.06   5.60  44.05  20.00  35.05  44.00  44.00  45.00  35.05   0.00
13:16:04   0.0   0.0   0.1  99.8   0.0    2    315    152    8    6    8   7.41    0.00   1.67   0.11   5.62  44.05  20.00  35.05  44.00  44.00  45.00  35.05   0.00
13:16:05  12.1   0.0   1.0  86.6   0.3    5  47339   6279   41    0    1 100.87    0.00  27.30  20.07  53.50  56.05  20.00  35.05  56.00  56.00  45.00  35.05   0.00
13:16:06  17.5   0.0   0.9  80.9   0.7    5  34521   7111    4    0    1 114.01    0.00  31.35  23.81  58.85  58.05  20.00  35.05  58.00  58.00  45.00  35.05   0.00
13:16:07  17.0   0.0   0.4  82.0   0.5    7  26425   5363    7    4    4 111.19    0.00  30.45  23.01  57.73  59.05  20.00  35.05  59.00  59.00  52.00  35.05   0.00
13:16:08  15.7   0.0   0.7  83.1   0.5    8  37796   6480   29    2    1 108.11    0.00  29.57  22.18  56.36  56.05  20.00  35.05  56.00  56.00  58.00  35.05   0.00
13:16:09  16.0   0.0   1.1  82.7   0.3    5  66281   9523   23    0    2 105.74    0.00  28.58  21.04  56.12  62.05  20.00  35.05  62.00  62.00  58.00  35.05   0.00
13:16:10  17.3   0.0   0.9  81.7   0.1    7  32530   8541    0    0    0 102.01    0.01  27.60  20.32  54.09  63.05  20.00  35.05  63.00  63.00  59.00  35.05   0.00
13:16:11  18.6   0.0   0.4  81.0   0.1    6  35367   7636    0    0    0 104.35    0.02  28.95  22.08  53.29  69.05  20.00  35.05  69.00  69.00  59.00  35.05   0.00
13:16:12  18.4   0.0   1.4  80.1   0.1    6  35313   8097    4    0   53 111.66    0.01  31.14  24.08  56.43  62.05  20.00  35.05  62.00  62.00  67.00  35.05   0.00
13:16:13  16.6   0.0   1.0  82.3   0.2    5  28068   6141   26    0   24 100.78    0.01  27.79  20.73  52.25  57.05  20.00  35.05  57.00  57.00  67.00  35.05   0.00
13:16:14  18.8   0.0   1.3  79.9   0.0    5  72208   8558   51    2    2 114.74    0.00  32.68  26.29  55.76  65.05  20.00  35.05  65.00  65.00  59.00  35.05   0.00
13:16:15  19.0   0.0   0.7  80.3   0.0    5  41657   5313    0    0    0 107.01    0.00  30.48  24.62  51.90  65.05  20.00  35.05  65.00  65.00  59.00  35.05   0.00
13:16:16  18.1   0.0   1.1  80.8   0.0    5  37891   5941    3    0   54 101.31    0.00  28.27  21.87  51.17  63.05  20.00  35.05  63.00  63.00  59.00  35.05   0.00
13:16:17  16.1   0.0   0.8  83.2   0.0    5  11174   3195   27    2   27  91.33    0.00  24.50  17.25  49.59  63.05  20.00  35.05  63.00  63.00  66.00  35.05   0.00
13:16:18   9.5   0.0   1.2  89.2   0.1    2  31033   6405   84    5   41  68.66    0.00  18.29  12.34  38.02  52.05  20.00  35.05  52.00  52.00  60.00  35.05   0.00
13:16:19  73.7   0.0   2.5  23.7   0.0   12  48391  17280   31    0    1 116.93    0.00  33.35  26.41  57.17  55.05  20.00  35.05  55.00  55.00  60.00  35.05   0.00
13:16:20  44.8   0.0   2.4  52.7   0.0    6 118710  27021    0    0    0 106.86    0.00  29.76  22.32  54.78  58.05  20.00  35.05  58.00  58.00  54.00  35.05   0.00
13:16:21  21.7   0.0   1.0  77.2   0.0    3  26539   5854    0    0    8  76.90    0.00  21.40  15.55  39.95  49.05  20.00  35.05  49.00  49.00  54.00  36.05   0.00
13:16:22  13.7   0.0   0.3  85.9   0.0    3  11793   2528    8    5    1  69.57    0.00  18.68  12.85  38.05  57.05  20.00  35.05  56.00  56.00  54.00  36.05   0.00
13:16:23  11.8   0.0   0.9  87.3   0.0    7  15714   3907   64   85   68  75.80    0.00  20.05  13.17  42.58  55.05  20.00  35.05  55.00  55.00  54.00  36.05   0.00
13:16:24  19.7   0.0   0.6  79.6   0.0    5  20820   3377    2    0    2  94.60    0.00  26.52  20.59  47.50  66.05  20.00  35.05  66.00  66.00  58.00  36.05   0.00
13:16:25  65.1   0.0   2.3  32.6   0.0   29  91673  26702   20    0    0 120.74    0.00  35.14  28.71  56.90  55.05  20.00  35.05  54.00  54.00  58.00  36.05   0.00
13:16:26  78.7   0.0   3.0  18.3   0.0   20  24827   8254    0    0    0 105.21    0.00  30.07  23.39  51.76  56.05  20.00  35.05  56.00  56.00  58.00  36.05   0.00
13:16:27  80.6   0.0   0.9  18.5   0.0   20  19691   8425    0    0    0 103.62    0.00  29.74  23.16  50.72  56.05  20.00  35.05  56.00  56.00  57.00  36.05   0.00
13:16:28  73.1   0.0   1.4  25.4   0.1   20  21752   8284    0    0    1 104.84    0.00  29.66  22.48  52.71  55.05  20.00  35.05  55.00  56.00  56.00  36.05   0.00
13:16:29  71.2   0.0   3.1  25.7   0.0   17  26568   8825    0    0    0 104.54    0.00  30.01  23.32  51.21  55.05  20.00  35.05  55.00  55.00  56.00  36.05   0.00
13:16:30  66.8   0.0   1.3  31.8   0.1   17  21234   7852    0    0    0 106.86    0.00  30.09  22.79  53.99  55.05  20.00  35.05  55.00  55.00  55.00  36.05   0.00
13:16:31  76.5   0.0   1.5  21.8   0.1   20  26202   9360    0    0    0 109.95    0.00  30.72  22.93  56.30  53.05  20.00  35.05  53.00  53.00  55.00  36.05   0.00
13:16:32  78.5   0.0   1.3  20.0   0.2   20  29278  10616    0    0    0 108.01    0.00  29.96  21.97  56.08  55.05  20.00  35.05  55.00  55.00  55.00  36.05   0.00
13:16:33  67.2   0.0   1.8  31.1   0.0   21  41291  53537    0    0    2 100.02    0.00  28.44  21.69  49.90  52.05  20.00  35.05  52.00  52.00  55.00  36.05   0.00
13:16:34  73.9   0.0   2.2  23.9   0.1   19  91361  26142    0    0    3 109.25    0.00  30.94  23.47  54.83  58.05  20.00  35.05  58.00  58.00  55.00  36.05   0.00
13:16:35  64.8   0.0   1.6  33.7   0.0   20  62431  17352    0    0    0 105.28    0.00  29.79  22.82  52.67  58.05  20.00  36.05  58.00  58.00  57.00  36.05   0.00
13:16:36  75.3   0.0   3.5  21.1   0.1   20 117124  30415    0    0    0 106.76    0.00  30.38  23.42  52.95  54.05  20.00  36.05  54.00  54.00  57.00  36.05   0.00
13:16:37  76.0   0.0   1.2  22.7   0.1   19  34601  10941    0    0    1 108.61    0.00  30.08  22.00  56.54  56.05  20.00  36.05  56.00  56.00  57.00  37.05   0.00
13:16:38  55.1   0.0   1.6  43.3   0.0   19  38812   9502    0    0    0 104.70    0.00  29.25  22.12  53.33  58.05  20.00  36.05  58.00  58.00  59.00  37.05   0.00
13:16:39  73.3   0.0   1.6  25.1   0.1   14  37251  11218    0    0    0 104.77    0.00  29.35  21.84  53.59  58.05  20.00  36.05  58.00  58.00  55.00  37.05   0.00
13:16:40  77.7   0.0   0.5  21.8   0.1   20  17420   8269    0    0    2 108.55    0.00  30.74  23.67  54.14  58.05  20.00  36.05  58.00  58.00  55.00  37.05   0.00
13:16:41  68.8   0.0   1.8  29.4   0.0   19  45886  60206    0    0    3 104.17    0.00  29.71  22.93  51.53  57.05  20.00  36.05  58.00  58.00  58.00  37.05   0.00
13:16:42  72.7   0.0   1.5  25.6   0.2   20  20598   8380    0    0    0 106.38    0.00  29.77  22.03  54.58  58.05  20.00  36.05  58.00  58.00  58.00  37.05   0.00
13:16:43  76.8   0.0   0.7  22.5   0.0   20  13023   7534    2    0    0 105.77    0.00  29.89  22.49  53.39  58.05  20.00  36.05  59.00  59.00  59.00  37.05   0.00
13:16:44  74.1   0.0   1.0  24.7   0.1   20  30295  10404    0    0    0 106.07    0.00  30.00  22.62  53.45  58.05  20.00  36.05  58.00  58.00  59.00  37.05   0.00
13:16:45  68.9   0.0   1.4  29.7   0.0   18  23383   8327    0    0    0 105.13    0.00  29.74  22.52  52.87  59.05  20.00  36.05  59.00  59.00  59.00  37.05   0.00
13:16:46  73.8   0.0   1.5  24.7   0.0   20  21307   8199    0    0    0 104.27    0.00  29.62  22.53  52.12  58.05  20.00  36.05  58.00  58.00  59.00  37.05   0.00
13:16:47  76.0   0.0   2.1  21.8   0.1   20  47098  14728    0    0    0 105.80    0.00  30.14  23.06  52.59  60.05  20.00  36.05  60.00  60.00  59.00  37.05   0.00
13:16:48  73.0   0.0   0.8  26.0   0.2   20  17388   8060    0    0    0 107.19    0.00  29.47  21.34  56.37  60.05  20.00  36.05  58.00  58.00  60.00  37.05   0.00
13:16:49  66.8   0.0   1.6  31.6   0.0   19  19349  76534    0    0    0 105.24    0.00  29.92  22.95  52.37  58.05  20.00  36.05  58.00  58.00  59.00  37.05   0.00
13:16:50  68.4   0.0   1.3  30.1   0.2   17  35630  11362    0    0    2 107.94    0.00  30.21  22.41  55.32  58.05  20.00  36.05  58.00  58.00  59.00  37.05   0.00
13:16:51  70.8   0.0   1.9  27.2   0.0   18  43113  12144    0    0    0 106.28    0.00  30.11  22.80  53.37  59.05  20.00  36.05  59.00  59.00  59.00  37.05   0.00
13:16:52  71.1   0.0   3.5  25.3   0.1   19  40236  13154    0    0    0 109.46    0.00  30.17  21.71  57.58  57.05  20.00  36.05  57.00  57.00  59.00  38.05   0.00
13:16:53  66.9   0.0   3.9  29.2   0.0   17 176496  42388    0    0    1 102.35    0.00  29.01  22.11  51.23  60.05  20.00  36.05  60.00  60.00  60.00  38.05   0.00
13:16:54  69.8   0.0   5.3  24.8   0.0   20 181283  46836    0    0    0 104.78    0.00  29.57  22.18  53.03  61.05  20.00  36.05  61.00  61.00  60.00  38.05   0.00
13:16:55  69.7   0.0   6.4  23.8   0.0   20 268370  68964    0    0    0 108.57    0.00  30.39  22.42  55.76  60.05  20.00  37.05  60.00  60.00  60.00  38.05   0.00
13:16:56  69.6   0.0   6.5  23.8   0.0   20 189417  46776    0    0    0 104.95    0.00  29.67  22.28  53.00  60.05  20.00  37.05  61.00  61.00  60.00  38.05   0.00
13:16:57  70.2   0.0   6.7  23.1   0.0   19 289465  75225    0    0    0 104.28    0.00  29.80  22.86  51.62  60.05  20.00  37.05  60.00  60.00  60.00  38.05   0.00
13:16:58  48.4   0.0  28.2  23.4   0.0   19 933494 227932    0    0    0 104.66    0.00  29.97  23.43  51.25  62.05  20.00  37.05  62.00  62.00  61.00  38.05   0.00
13:16:59  63.6   0.0   3.3  33.1   0.0   19  53760 104787    0    0    0 105.60    0.00  30.30  23.68  51.62  58.05  20.00  37.05  59.00  59.00  62.00  38.05   0.00
13:17:00  42.9   0.0  24.6  32.5   0.0   15 724444 175404    0    0    0 102.34    0.00  29.37  23.24  49.73  58.05  20.00  37.05  58.00  58.00  62.00  38.05   0.00
13:17:01  40.4   0.0  34.1  25.4   0.0   19 1026076 243289    0    0    0 104.83    0.00  30.12  23.95  50.76  60.05  20.00  37.05  60.00  60.00  59.00  38.05   0.00
13:17:02  44.6   0.0  30.9  24.3   0.2   19 956943 230287    3    2    3 105.49    0.00  29.98  23.23  52.28  60.05  20.00  37.05  60.00  60.00  59.00  38.05   0.00
13:17:03  42.9   0.0  31.0  26.1   0.0   17 987408 241875    0    0    0 104.31    0.00  29.92  23.75  50.64  59.05  20.00  37.05  59.00  59.00  61.00  38.05   0.00
13:17:04  28.2   0.0  37.5  34.3   0.0   17 1143921 280509    0    0    0 103.33    0.00  29.69  23.71  49.93  58.05  20.00  37.05  58.00  58.00  61.00  38.05   0.00
13:17:05  34.2   0.0  33.5  32.2   0.0   17 1102969 265206    1    0    1 104.67    0.00  30.04  23.82  50.82  59.05  20.00  37.05  59.00  59.00  60.00  38.05   0.00
13:17:06  36.4   0.0  32.6  31.0   0.0   14 1105204 262234    0    0    0 104.53    0.00  30.00  23.84  50.68  61.05  20.00  37.05  61.00  61.00  60.00  38.05   0.00
13:17:07  39.5   0.0  28.0  32.5   0.0   17 977898 229354    0    0    0 104.21    0.00  29.86  23.53  50.82  64.05  20.00  37.05  64.00  64.00  60.00  39.05   0.00
13:17:08  33.1   0.0  33.2  33.7   0.0   16 1090902 256513    0    0    1 104.74    0.00  29.93  23.60  51.21  61.05  20.00  37.05  61.00  61.00  59.00  39.05   0.00
13:17:09  28.6   0.0  35.8  35.5   0.0   14 1122711 273379    0    0    1 104.38    0.00  29.96  23.90  50.52  61.05  20.00  37.05  61.00  61.00  62.00  39.05   0.00
13:17:10  29.1   0.0  35.3  35.6   0.0   15 1147496 273122    0    0    0 103.90    0.00  29.81  23.78  50.31  60.05  20.00  38.05  61.00  61.00  62.00  39.05   0.00
13:17:11  26.5   0.0  38.1  35.4   0.0   17 1212393 285121    0    0    0 103.97    0.00  29.88  23.81  50.27  61.05  20.00  38.05  61.00  61.00  60.00  39.05   0.00
13:17:12  30.3   0.0  19.2  50.4   0.0    2 746234 177128    1    0    0  88.46    0.00  25.12  18.90  44.43  53.05  20.00  38.05  53.00  53.00  60.00  39.05   0.00
13:17:13   5.5   0.0   0.0  94.4   0.0    2    443    675    0    0    1  38.58    0.00  10.53   5.07  22.98  51.05  20.00  38.05  51.00  51.00  63.00  39.05   0.00
13:17:14   6.0   0.0   0.2  93.8   0.0    3    686   1055    2    0    0  41.13    0.00  11.13   5.69  24.31  55.05  20.00  38.05  55.00  55.00  63.00  39.05   0.00
13:17:15  17.5   0.0   1.6  80.9   0.0    6   3917   2015    2    0    0  79.79    0.00  21.51  14.64  43.64  68.05  20.00  38.05  68.00  68.00  52.00  39.05   0.00
13:17:16  18.0   0.0   0.4  81.6   0.0    2   9379   5134    2    0    3  65.61    0.00  18.50  12.41  34.70  52.05  20.00  38.05  52.00  52.00  52.00  39.05   0.00
13:17:17   7.0   0.0   0.0  92.9   0.0    2    863   1109    1    0    3  49.47    0.00  13.17   7.44  28.87  54.05  20.00  38.05  54.00  54.00  52.00  40.05   0.00
13:17:18   5.2   0.0   0.1  94.8   0.0    2    484    691    0    0    0  38.04    0.00  10.02   4.56  23.46  50.05  20.00  38.05  50.00  50.00  58.00  40.05   0.00
13:17:19  26.8   0.0   0.9  72.3   0.0    5   6384   4628    7    0    1  73.63    0.00  20.99  15.17  37.47  57.05  20.00  38.05  57.00  57.00  53.00  40.05   0.00
13:17:20  30.3   0.0   0.3  69.4   0.0    7  27279   3853    0    0    6  71.29    0.00  19.95  13.93  37.41  54.05  20.00  38.05  54.00  54.00  53.00  40.05   0.00
13:17:21  21.9   0.0   0.4  77.7   0.0    5  48079   3680    4    0    1  83.84    0.00  24.16  18.36  41.32  65.05  20.00  38.05  65.00  65.00  58.00  40.05   0.00
13:17:22  10.8   0.0   0.1  89.0   0.0    2   1923   1281    0    0    1  77.61    0.00  21.45  15.76  40.40  61.05  20.00  38.05  61.00  61.00  58.00  40.05   0.00
13:17:23   4.3   0.0   0.0  95.7   0.0    2    470    631    0    0    3  48.21    0.00  13.50   8.21  26.50  59.05  20.00  38.05  59.00  59.00  64.00  40.05   0.00
13:17:24  10.6   0.0   0.1  89.2   0.0    5   2354   1613    5    0    0  78.81    0.00  22.16  16.49  40.16  66.05  20.00  38.05  66.00  66.00  64.00  40.05   0.00
13:17:25  54.5   0.0   0.3  45.2   0.0   23  16440   5792    4    0    0 117.41    0.00  33.58  26.76  57.07  58.05  20.00  38.05  58.00  58.00  67.00  40.05   0.00
13:17:26  45.7   0.0   0.7  53.5   0.0    8  28223   5498    0    0    1 102.88    0.00  28.95  22.49  51.44  66.05  20.00  38.05  66.00  66.00  67.00  40.05   0.00
13:17:27  28.9   0.0   0.2  70.9   0.0    6  25214   4239    0    0    0 103.42    0.00  29.05  22.72  51.66  57.05  20.00  38.05  57.00  57.00  67.00  40.05   0.00
13:17:28  18.0   0.0   0.3  81.7   0.0    5  15484   2626    0    0    7  67.45    0.00  18.44  12.89  36.13  52.05  20.00  38.05  52.00  52.00  63.00  40.05   0.00
13:17:29  24.0   0.0   1.8  74.2   0.0    7  26597   3787    0    0    2  73.27    0.00  20.24  14.41  38.63  57.05  20.00  38.05  57.00  57.00  56.00  40.05   0.00
13:17:30  18.5   0.0   0.3  81.2   0.0    2  17096   2750    0    0    0  60.64    0.00  16.25  10.79  33.60  52.05  20.00  39.05  52.00  52.00  56.00  40.05   0.00
13:17:31  16.3   0.0   0.2  83.5   0.0    3  15970   2445    0    0    0  61.62    0.00  16.53  11.09  33.99  57.05  20.00  39.05  55.00  55.00  55.00  40.05   0.00
13:17:32  10.3   0.0   0.1  89.5   0.1    6   6267   1814    4    0    0  66.08    0.00  17.52  11.58  36.98  66.05  20.00  39.05  66.00  66.00  55.00  40.05   0.00
13:17:33  59.3   0.0   1.5  39.2   0.0   19  23680 110242   30    0    0 111.97    0.00  32.20  25.48  54.28  57.05  20.00  39.05  57.00  57.00  63.00  40.05   0.00
13:17:34  85.9   0.0   0.2  13.9   0.0   28   7597   7842    0    0    0 106.14    0.00  30.62  24.31  51.21  60.05  20.00  39.05  60.00  60.00  63.00  40.05   0.00
13:17:35  99.8   0.0   0.2   0.0   0.0   28   3717   7163    0    0    1 103.64    0.00  29.79  23.49  50.36  58.05  20.00  39.05  58.00  58.00  60.00  40.05   0.00
13:17:36  99.8   0.0   0.2   0.0   0.0   28   2495   6631    0    0    2 104.09    0.00  29.91  23.66  50.52  58.05  20.00  39.05  58.00  58.00  60.00  40.05   0.00
13:17:37  99.7   0.0   0.2   0.1   0.0   28   2512   6669    0    0    0 115.39    0.00  33.20  26.30  55.89  62.05  20.00  39.05  61.00  61.00  60.00  40.05   0.00
13:17:38  96.3   0.0   1.2   2.5   0.0   25   2185   6441    0    0    2 112.79    0.00  32.42  25.59  54.77  62.05  20.00  39.05  62.00  62.00  59.00  40.05   0.00
13:17:39  99.5   0.0   0.1   0.4   0.0   26   1574   6671    0    0    2 103.00    0.00  29.45  23.06  50.50  58.05  20.00  39.05  58.00  58.00  63.00  40.05   0.00
13:17:40  39.3   0.0   3.7  57.0   0.0    3   1789   3269    1    0    3  79.51    0.00  22.08  15.92  41.51  65.05  20.00  39.05  64.00  64.00  63.00  40.05   0.00
13:17:41  62.6   0.0   0.9  36.5   0.0   13  34661  10929    9    0    0 106.46    0.00  30.61  24.33  51.52  72.05  20.00  39.05  72.00  72.00  62.00  40.05   0.00
13:17:42  90.9   0.0   0.7   8.4   0.0   31  16675   7473    0    0    0 112.44    0.00  32.49  26.06  53.90  59.05  20.00  39.05  60.00  60.00  62.00  40.05   0.00
13:17:43  73.0   0.0   0.8  26.1   0.0   19   4991  61290    0    0    0 101.85    0.00  29.01  22.26  50.57  62.05  20.00  39.05  61.00  61.00  62.00  41.05   0.00
13:17:44  78.9   0.0   0.3  20.7   0.0   25   5934   5623    0    0    0 108.09    0.00  31.17  24.60  52.32  59.05  20.00  39.05  59.00  59.00  61.00  41.05   0.00
13:17:45  97.8   0.0   0.5   1.7   0.0   28   8921   7924    0    0    0 104.33    0.00  29.84  23.06  51.43  60.05  20.00  39.05  59.00  59.00  61.00  41.05   0.00
13:17:46  97.5   0.0   0.3   2.2   0.0   30   9365   8350    0    0    0 104.01    0.00  29.86  23.23  50.92  59.05  20.00  39.05  60.00  60.00  61.00  41.05   0.00
13:17:47  96.6   0.0   0.6   2.8   0.0   28   6776   7552    0    0    0 104.88    0.00  30.00  23.17  51.71  59.05  20.00  39.05  60.00  60.00  61.00  41.05   0.00
13:17:48  95.1   0.0   0.6   4.3   0.0   28   8051   7668    0    0    0 104.08    0.00  29.86  23.17  51.05  60.05  20.00  39.05  60.00  60.00  61.00  41.05   0.00
13:17:49  74.2   0.0   0.1  25.7   0.0   19   2772  16648    0    0    0 103.65    0.00  29.62  22.86  51.17  63.05  20.00  39.05  63.00  63.00  61.00  41.05   0.00
13:17:50  85.4   0.0   0.3  14.3   0.0   33   5714   6589    0    0    0 105.89    0.00  30.42  23.79  51.68  60.05  20.00  39.05  60.00  60.00  60.00  41.05   0.00
13:17:51  94.9   0.0   0.3   4.8   0.0   25   5957   7458    0    0    0 104.03    0.00  29.85  23.09  51.10  60.05  20.00  39.05  60.00  60.00  60.00  41.05   0.00
13:17:52  94.7   0.0   0.3   5.0   0.0   28   6342   7340    0    0    0 104.46    0.00  29.97  23.21  51.28  60.05  20.00  39.05  60.00  60.00  61.00  41.05   0.00
13:17:53  96.0   0.0   0.4   3.6   0.0   28   5789   7181    0    0    0 104.75    0.00  29.91  23.03  51.80  59.05  20.00  39.05  59.00  59.00  61.00  41.05   0.00
13:17:54  95.9   0.0   0.3   3.9   0.0   26   5146   7178    0    0    0 103.99    0.00  29.79  23.04  51.17  61.05  20.00  39.05  61.00  61.00  61.00  41.05   0.00
13:17:55  94.1   0.0   0.3   5.6   0.0   24   5269   6850    0    0    0 104.20    0.00  29.88  23.12  51.20  61.05  20.00  39.05  61.00  61.00  61.00  41.05   0.00
13:17:56  97.8   0.0   0.4   1.8   0.0   35   4110   7142    0    0    0 108.48    0.00  31.19  24.35  52.94  62.05  20.00  39.05  62.00  62.00  62.00  41.05   0.00
13:17:57  96.4   0.0   0.2   3.4   0.0   28   4277   7071    0    0    0 105.93    0.00  30.39  23.61  51.93  61.05  20.00  39.05  61.00  61.00  62.00  41.05   0.00
13:17:58  94.8   0.0   1.0   4.3   0.0   29   4880   6975    0    0    0 105.74    0.00  30.29  23.49  51.96  62.05  20.00  39.05  62.00  62.00  62.00  41.05   0.00
13:17:59  96.5   0.0   0.3   3.3   0.0   28   4794   7007    0    0    0 106.62    0.00  30.60  23.77  52.24  61.05  20.00  39.05  62.00  62.00  62.00  41.05   0.00
13:18:00  96.8   0.0   0.2   3.0   0.0   28   4353   6955    0    0    0 105.72    0.00  30.30  23.51  51.91  62.05  20.00  39.05  62.00  62.00  62.00  41.05   0.00
13:18:01  95.3   0.0   0.2   4.5   0.0   28   3925   6693    0    0    0 106.20    0.00  30.45  23.61  52.15  63.05  20.00  40.05  65.00  65.00  62.00  41.05   0.00
13:18:02  93.8   0.0   0.5   5.7   0.0   31   3876   7201    0    0    0 108.04    0.00  30.83  23.73  53.47  62.05  20.00  40.05  61.00  61.00  61.00  41.05   0.00
13:18:03  93.8   0.0   0.2   6.0   0.0   28   3951   7245    0    0    0 104.15    0.00  29.79  22.96  51.40  60.05  20.00  40.05  59.00  59.00  61.00  42.05   0.00
13:18:04  94.2   0.0   0.3   5.6   0.0   26   3820   6743    0    0    2 106.01    0.00  30.37  23.52  52.12  61.05  20.00  40.05  61.00  61.00  62.00  42.05   0.00
13:18:05  89.1   0.0   2.1   8.8   0.0   33   4341   6620    0    0    0 100.78    0.00  28.69  21.87  50.21  61.05  20.00  40.05  61.00  60.00  62.00  42.05   0.00
13:18:06  96.8   0.0   0.3   3.0   0.0   28   3077   6751    0    0    1 103.76    0.00  29.70  22.97  51.08  61.05  20.00  40.05  61.00  61.00  62.00  42.05   0.00
13:18:07  90.6   0.0   0.2   9.2   0.0   22   3817   6544    0    0    0 104.18    0.00  29.80  22.93  51.45  60.05  20.00  40.05  61.00  61.00  62.00  42.05   0.00
13:18:08  95.8   0.0   0.3   3.9   0.0   27   4228   6888    0    0    1 112.18    0.00  32.15  25.00  55.03  66.05  20.00  40.05  66.00  66.00  62.00  42.05   0.00
13:18:09  92.4   0.0   1.7   5.9   0.0   27   3177   7083    0    0    0 110.14    0.00  31.56  24.56  54.01  65.05  20.00  40.05  65.00  65.00  62.00  42.05   0.00
13:18:10  82.7   0.0   2.9  14.3   0.0   19   2534  42010    0    0    0  98.10    0.00  27.78  20.84  49.49  64.05  20.00  40.05  64.00  64.00  64.00  42.05   0.00
13:18:11  67.0   0.0   0.2  32.7   0.0   21   6765  37819    0    0    0 106.83    0.00  30.83  24.15  51.85  62.05  20.00  40.05  62.00  62.00  64.00  42.05   0.00
13:18:12  91.9   0.0   0.3   7.8   0.0   26   3725   7163    0    0    0 106.57    0.00  30.51  23.60  52.46  62.05  20.00  40.05  61.00  61.00  66.00  42.05   0.00
13:18:13  92.4   0.0   0.3   7.2   0.0   25   3758   6643    0    0    0 107.19    0.00  30.71  23.77  52.72  61.05  20.00  40.05  61.00  61.00  66.00  42.05   0.00
13:18:14  90.5   0.0   0.6   8.9   0.0   28   6834   6483    0    0    0 103.68    0.00  29.57  22.64  51.48  63.05  20.00  40.05  63.00  63.00  63.00  42.05   0.00
13:18:15  95.4   0.0   0.1   4.5   0.0   28   3078   6409    0    0    1 105.60    0.00  30.21  23.38  52.02  63.05  20.00  40.05  63.00  63.00  63.00  42.05   0.00
13:18:16  95.4   0.0   0.3   4.3   0.0   25   2921   6477    0    0    0 106.90    0.00  30.65  23.78  52.48  62.05  20.00  40.05  62.00  62.00  64.00  42.05   0.00
13:18:17  90.3   0.0   0.2   9.5   0.0   23   7096   6804    0    0    0 104.36    0.00  29.64  22.60  52.11  60.05  20.00  40.05  60.00  60.00  64.00  42.05   0.00
13:18:18  96.4   0.0   0.2   3.4   0.0   29   3451   6742    0    0    0 113.18    0.00  32.59  25.60  54.98  65.05  20.00  40.05  65.00  65.00  64.00  42.05   0.00
13:18:19  96.4   0.0   0.3   3.3   0.0   28   3242   6563    0    0    0 113.28    0.00  32.63  25.64  55.01  63.05  20.00  40.05  63.00  63.00  64.00  42.05   0.00
13:18:20  91.8   0.0   0.9   7.3   0.0   24   3196   6609    0    0    0 107.21    0.00  30.66  23.70  52.85  62.05  20.00  40.05  62.00  62.00  65.00  42.05   0.00
13:18:21  96.1   0.0   0.3   3.6   0.0   29   3977   7098    0    0    1 112.31    0.00  32.30  25.29  54.72  63.05  20.00  40.05  63.00  63.00  65.00  42.05   0.00
13:18:22  95.1   0.0   0.3   4.6   0.0   26   3579   6495    0    0    1 110.96    0.00  31.89  24.96  54.11  65.05  20.00  40.05  65.00  65.00  64.00  42.05   0.00
13:18:23  92.9   0.0   0.5   6.5   0.0   28   3199   6776    0    0    0 109.05    0.00  31.10  23.91  54.04  65.05  20.00  40.05  65.00  65.00  64.00  43.05   0.00
13:18:24  91.0   0.0   0.4   8.6   0.0   22   4105   6160    0    0    0 105.66    0.00  30.20  23.30  52.15  62.05  20.00  40.05  62.00  62.00  66.00  43.05   0.00
13:18:25  93.0   0.0   0.3   6.8   0.0   23   3872   6398    0    0    0 108.80    0.00  31.20  24.27  53.33  62.05  20.00  40.05  62.00  62.00  66.00  43.05   0.00
13:18:26  92.4   0.0   0.7   7.0   0.0   27   4048   6405    0    0    0 107.29    0.00  30.66  23.67  52.96  65.05  20.00  41.05  65.00  65.00  64.00  43.05   0.00
13:18:27  92.6   0.0   0.3   7.1   0.0   23   4115   6369    0    0    0 108.18    0.00  30.99  24.07  53.11  62.05  20.00  41.05  62.00  62.00  64.00  43.05   0.00
13:18:28  91.9   0.0   0.3   7.9   0.0   29   4144   6324    0    0    0 107.19    0.00  30.68  23.82  52.69  65.05  20.00  41.05  65.00  65.00  64.00  43.05   0.00
13:18:29  83.5   0.0   1.3  15.2   0.0   23   3485   5729    0    0    0  98.66    0.00  27.91  21.00  49.76  66.05  20.00  41.05  65.00  65.00  64.00  43.05   0.00
13:18:30  87.1   0.0   0.4  12.5   0.0   25   4736   6508    0    0    0 104.77    0.00  29.89  23.02  51.87  64.05  20.00  41.05  64.00  64.00  64.00  43.05   0.00
13:18:31  87.2   0.0   0.1  12.7   0.0   19   4845   6554    0    0    0 106.17    0.00  30.36  23.42  52.39  63.05  20.00  41.05  63.00  63.00  64.00  43.05   0.00
13:18:32  91.5   0.0   0.3   8.2   0.0   26   3587   6432    0    0    1 110.90    0.00  31.52  24.16  55.21  65.05  20.00  41.05  66.00  66.00  64.00  43.05   0.00
13:18:33  92.9   0.0   0.2   6.9   0.0   28   4817   6434    0    0    0 106.90    0.00  30.59  23.72  52.59  65.05  20.00  41.05  65.00  65.00  64.00  43.05   0.00
13:18:34  86.5   0.0   1.0  12.5   0.0   30   4875   6095    0    0    0 102.98    0.00  29.27  22.31  51.39  63.05  20.00  41.05  65.00  65.00  65.00  43.05   0.00
13:18:35  88.2   0.0   0.3  11.6   0.0   29   6029   6317    0    0    0 102.92    0.00  29.31  22.50  51.11  65.05  20.00  41.05  65.00  65.00  65.00  43.05   0.00
13:18:36  85.0   0.0   0.3  14.7   0.0   20   5691   6295    0    0    0 104.06    0.00  29.68  22.84  51.54  62.05  20.00  41.05  62.00  62.00  64.00  43.05   0.00
13:18:37  92.2   0.0   0.4   7.4   0.0   24   4791   6254    0    0    1 109.55    0.00  31.34  24.33  53.88  63.05  20.00  41.05  65.00  65.00  64.00  43.05   0.00
13:18:38  87.8   0.0   0.4  11.8   0.0   24   5257   6147    0    0    0 103.34    0.00  29.30  22.31  51.73  62.05  20.00  41.05  62.00  62.00  64.00  43.05   0.00
13:18:39  78.2   0.0   0.5  21.3   0.0   19   2524  82769    0    0    0 100.28    0.00  28.38  21.39  50.51  63.05  20.00  41.05  63.00  63.00  65.00  43.05   0.00
13:18:40  65.2   0.0   1.8  33.1   0.0    4   5113   5096    0    0    0 102.88    0.00  29.40  22.75  50.73  61.05  20.00  41.05  61.00  61.00  64.00  43.05   0.00
13:18:41  60.7   0.0   0.2  39.1   0.0   28   3239   4215    0    0    0  97.00    0.00  27.88  21.41  47.71  62.05  20.00  41.05  62.00  62.00  64.00  43.05   0.00
13:18:42  91.3   0.0   0.2   8.4   0.0   22   4775   6257    0    0    0 105.63    0.00  30.18  23.35  52.11  61.05  20.00  41.05  61.00  61.00  64.00  43.05   0.00
13:18:43  77.9   0.0   1.1  21.0   0.0   19   5536 556768    0    0    0 101.57    0.00  28.85  21.98  50.74  61.05  20.00  41.05  61.00  61.00  64.00  44.05   0.00
13:18:44  66.5   0.0   0.3  33.2   0.0   21   2738   4501    0    0    1 108.52    0.00  31.26  24.47  52.78  62.05  20.00  41.05  62.00  62.00  64.00  44.05   0.00
13:18:45  86.5   0.0   0.3  13.3   0.0   23   4142   6499    0    0    0 104.76    0.00  29.89  23.05  51.82  64.05  20.00  41.05  64.00  64.00  64.00  44.05   0.00
13:18:46  81.3   0.0   0.2  18.5   0.0    3   8262   6762    0    0    0 104.61    0.00  29.77  22.75  52.10  61.05  20.00  42.05  61.00  61.00  64.00  44.05   0.00
13:18:47  91.9   0.0   0.4   7.7   0.0   26   7388   6784    0    0    0 110.00    0.00  31.43  24.40  54.17  65.05  20.00  42.05  65.00  65.00  64.00  44.05   0.00
13:18:48  92.6   0.0   0.3   7.1   0.0   19   5814   6473    0    0    0 108.56    0.00  31.07  24.21  53.28  61.05  20.00  42.05  61.00  61.00  64.00  44.05   0.00
13:18:49  89.4   0.0   0.4  10.2   0.0   28   4909   6071    0    0    0 106.53    0.00  30.42  23.45  52.66  66.05  20.00  42.05  66.00  66.00  65.00  44.05   0.00
13:18:50  88.0   0.0   0.2  11.8   0.0   23   5221   6154    0    0    0 102.93    0.00  29.32  22.56  51.04  65.05  20.00  42.05  66.00  66.00  65.00  44.05   0.00
13:18:51  87.7   0.0   0.3  11.9   0.0   22   5259   5994    0    0    0 104.58    0.00  29.78  22.86  51.94  64.05  20.00  42.05  64.00  64.00  65.00  44.05   0.00
13:18:52  86.8   0.0   0.3  12.9   0.0   23   5974   6032    0    0    0 101.43    0.00  28.82  22.05  50.55  65.05  20.00  42.05  65.00  65.00  65.00  44.05   0.00
13:18:53  85.9   0.0   0.5  13.6   0.0   25   7128   6230    0    0    0 106.48    0.00  30.25  23.09  53.14  65.05  20.00  42.05  65.00  65.00  65.00  44.05   0.00
13:18:54  94.6   0.0   0.6   4.8   0.0   26   8177   6524    0    0    0 112.30    0.00  32.27  25.39  54.64  67.05  20.00  42.05  67.00  67.00  65.00  44.05   0.00
13:18:55  93.7   0.0   0.3   6.0   0.0   19   5326   6673    0    0    0 108.48    0.00  31.04  24.14  53.30  66.05  20.00  42.05  66.00  66.00  66.00  44.05   0.00
13:18:56  94.7   0.0   0.4   4.9   0.0   25   8515   6875    0    0    2 113.02    0.00  32.50  25.59  54.93  67.05  20.00  42.05  67.00  67.00  66.00  44.05   0.00
13:18:57  91.1   0.0   0.5   8.4   0.0   19   8740   7634    1    0    0 109.86    0.00  31.44  24.55  53.87  67.05  20.00  42.05  67.00  67.00  67.00  44.05   0.00
13:18:58  92.4   0.0   0.6   6.9   0.0   16  10639   6532    0    0    0 111.07    0.00  31.86  24.98  54.23  63.05  20.00  42.05  63.00  63.00  67.00  44.05   0.00
13:18:59  93.1   0.0   0.5   6.3   0.0   19  11484   7741    1    0    1 111.91    0.00  32.12  25.25  54.54  68.05  20.00  42.05  69.00  69.00  67.00  44.05   0.00
13:19:00  91.6   0.0   0.8   7.6   0.0   21  17518   7100    0    0    1 112.27    0.00  32.07  25.02  55.18  65.05  20.00  42.05  65.00  65.00  67.00  44.05   0.00
13:19:01  91.2   0.0   0.3   8.5   0.0   19   6188   7444    1    0    0 110.10    0.00  31.54  24.62  53.94  68.05  20.00  42.05  68.00  68.00  68.00  44.05   0.00
13:19:02  92.4   0.0   0.5   7.1   0.0   25  10171   6562    0    0    0 110.19    0.00  31.66  24.82  53.71  66.05  20.00  42.05  66.00  66.00  68.00  44.05   0.00
13:19:03  90.9   0.0   0.5   8.6   0.0   19   8177   6451    0    0    0 111.43    0.00  31.77  24.67  55.00  68.05  20.00  42.05  68.00  68.00  68.00  44.05   0.00
13:19:04  91.8   0.0   0.7   7.5   0.0   26  35877   8584    0    0    0 110.15    0.00  31.61  24.75  53.79  67.05  20.00  42.05  67.00  67.00  68.00  45.05   0.00
13:19:05  91.1   0.0   0.7   8.2   0.0   15  21057   7310    0    0    0 113.57    0.00  32.58  25.57  55.42  65.05  20.00  42.05  65.00  65.00  68.00  45.05   0.00
13:19:06  90.7   0.0   1.6   7.7   0.0   25  85443  12440    0    0    0 109.47    0.00  31.42  24.64  53.41  68.05  20.00  42.05  68.00  68.00  68.00  45.05   0.00
13:19:07  91.3   0.0   0.6   8.1   0.0   19   8448   6371    0    0    0 111.98    0.00  32.07  25.00  54.91  67.05  20.00  43.05  67.00  67.00  67.00  45.05   0.00
13:19:08  95.9   0.0   0.3   3.8   0.0   26   6419   6587    0    0    1 114.46    0.00  32.86  25.82  55.78  67.05  20.00  43.05  67.00  67.00  67.00  45.05   0.00
13:19:09  91.4   0.0   0.5   8.1   0.0   25  16001   8177    1    0    0 111.47    0.00  31.94  24.89  54.65  68.05  20.00  43.05  68.00  68.00  67.00  45.05   0.00
13:19:10  95.9   0.0   0.4   3.7   0.0   24   8715   6639    0    0    1 113.50    0.00  32.65  25.85  55.00  67.05  20.00  43.05  67.00  67.00  67.00  45.05   0.00
13:19:11  89.3   0.0   0.5  10.2   0.0   25   7576   7211    1    0    0 108.98    0.00  31.16  24.13  53.70  66.05  20.00  43.05  67.00  67.00  68.00  45.05   0.00
13:19:12  94.0   0.0   0.5   5.5   0.0   19   8336   6624    0    0    0 113.81    0.00  32.70  25.68  55.43  66.05  20.00  43.05  66.00  66.00  68.00  45.05   0.00
13:19:13  93.2   0.0   0.4   6.4   0.0   25   9983   6793    0    0    1 112.36    0.00  32.26  25.31  54.78  67.05  20.00  43.05  67.00  67.00  68.00  45.05   0.00
13:19:14  89.8   0.0   0.6   9.6   0.0   25   7819   6149    0    0    0 110.09    0.00  31.44  24.41  54.23  67.05  20.00  43.05  67.00  67.00  68.00  45.05   0.00
13:19:15  94.0   0.0   0.4   5.7   0.0   25  10258   6605    0    0    0 111.08    0.00  31.94  25.11  54.03  67.05  20.00  43.05  67.00  67.00  68.00  45.05   0.00
13:19:16  87.9   0.0   0.9  11.2   0.0   27   7736   6021    0    0    0 109.71    0.00  31.32  24.30  54.09  67.05  20.00  43.05  67.00  67.00  68.00  45.05   0.00
13:19:17  95.4   0.0   0.6   4.0   0.0   19   8281   6535    0    0    0 114.69    0.00  33.05  26.11  55.53  68.05  20.00  43.05  68.00  68.00  68.00  45.05   0.00
13:19:18  92.3   0.0   0.6   7.1   0.0   23   6383   6300    0    0    0 113.84    0.00  32.58  25.39  55.87  68.05  20.00  43.05  68.00  68.00  68.00  45.05   0.00
13:19:19  91.6   0.0   0.5   7.9   0.0   26   6732   6225    0    0    0 114.05    0.00  32.73  25.62  55.70  68.05  20.00  43.05  68.00  68.00  68.00  45.05   0.00
13:19:20  95.5   0.0   0.6   3.9   0.0   26   8740   6504    0    0    0 113.50    0.00  32.70  25.86  54.94  68.05  20.00  43.05  68.00  68.00  68.00  45.05   0.00
13:19:21  90.8   0.0   0.7   8.5   0.0   26   6458   7562    1    0    2 112.84    0.00  32.34  25.29  55.21  68.05  20.00  43.05  68.00  68.00  69.00  45.05   0.00
13:19:22  90.1   0.0   0.9   9.0   0.0   25   6562   7420    1    0    0 112.56    0.00  32.23  25.13  55.20  68.05  20.00  43.05  68.00  68.00  69.00  45.05   0.00
13:19:23  96.6   0.0   0.5   2.9   0.0   21   8518   6778    0    0    1 115.61    0.00  33.24  26.19  56.19  66.05  20.00  43.05  67.00  67.00  68.00  45.05   0.00
13:19:24  89.9   0.0   0.5   9.6   0.0   25   7423   6083    0    0    0 109.74    0.00  31.33  24.34  54.07  67.05  20.00  43.05  67.00  67.00  68.00  45.05   0.00
13:19:25  94.8   0.0   0.5   4.7   0.0   19   8411   6521    0    0    0 113.45    0.00  32.67  25.68  55.10  71.05  20.00  43.05  71.00  71.00  69.00  45.05   0.00
13:19:26  92.8   0.0   0.5   6.7   0.0   24   8618   6419    0    0    0 112.62    0.00  32.31  25.33  54.97  69.05  20.00  43.05  69.00  69.00  69.00  45.05   0.00
13:19:27  88.9   0.0   0.6  10.5   0.0   25   8270   6088    0    0    0 108.44    0.00  30.97  23.93  53.53  68.05  20.00  43.05  68.00  68.00  69.00  45.05   0.00
13:19:28  91.0   0.0   0.4   8.6   0.0   26  10482   6484    0    0    0 106.67    0.00  30.50  23.75  52.41  67.05  20.00  43.05  67.00  67.00  69.00  45.05   0.00
13:19:29  80.2   0.0   0.8  19.0   0.0   19   2336 107080    0    0    0  99.33    0.00  28.07  20.99  50.27  66.05  20.00  43.05  66.00  66.00  69.00  46.05   0.00
13:19:30  70.5   0.0   0.6  28.9   0.0   19   3796  70886    0    0    0 104.48    0.00  29.94  23.25  51.29  68.05  20.00  43.05  68.00  68.00  68.00  46.05   0.00
13:19:31  74.7   0.0   0.1  25.3   0.0    6    509   4934    0    0    0 104.96    0.00  29.92  23.14  51.90  66.05  20.00  43.05  66.00  66.00  68.00  46.05   0.00
13:19:32  26.2   0.0   0.0  73.8   0.0   24   2669   2171    0    0    1  70.75    0.00  20.03  14.17  36.55  67.05  20.00  44.05  67.00  67.00  68.00  46.05   0.00
13:19:33  93.1   0.0   0.6   6.2   0.0   25   8491   7713    1    0    0 110.76    0.00  31.68  24.70  54.38  68.05  20.00  44.05  68.00  68.00  64.00  46.05   0.00
13:19:34  75.2   0.0   1.6  23.2   0.0   25 131355  18406    0    0    1  96.46    0.00  27.19  20.42  48.85  67.05  20.00  44.05  67.00  68.00  64.00  46.05   0.00
13:19:35  95.2   0.0   0.6   4.2   0.0   26   9861   6851    0    0    0 113.77    0.00  32.75  25.92  55.10  69.05  20.00  44.05  69.00  69.00  69.00  46.05   0.00
13:19:36  82.3   0.0   3.1  14.6   0.0   25 138794  16084    0    0    0 102.93    0.00  29.28  22.40  51.25  68.05  20.00  44.05  68.00  68.00  69.00  46.05   0.00
13:19:37  95.4   0.0   0.6   4.1   0.0   26   7180   9026    3    0    2 110.82    0.00  31.84  25.01  53.97  68.05  20.00  44.05  68.00  68.00  69.00  46.05   0.00
13:19:38  89.1   0.0   0.9  10.1   0.0   25   7576   6414    0    0    0 109.71    0.00  31.24  24.06  54.42  68.05  20.00  44.05  68.00  68.00  69.00  46.05   0.00
13:19:39  96.6   0.0   0.5   2.9   0.0   25   8139   6705    0    0    1 115.08    0.00  33.20  26.26  55.63  69.05  20.00  44.05  69.00  69.00  69.00  46.05   0.00
13:19:40  87.0   0.0   2.0  11.1   0.0   26  68145  10847    0    0    1 108.77    0.00  31.08  24.12  53.57  68.05  20.00  44.05  68.00  68.00  68.00  46.05   0.00
13:19:41  92.2   0.0   0.8   7.0   0.0   19   7849   7533    1    0    0 113.85    0.00  32.69  25.61  55.55  65.05  20.00  44.05  65.00  65.00  69.00  46.05   0.00
13:19:42  94.2   0.0   0.6   5.2   0.0   26  23645   7842    0    0    1 112.56    0.00  32.38  25.49  54.69  66.05  20.00  44.05  66.00  66.00  69.00  46.05   0.00
13:19:43  86.0   0.0   1.6  12.4   0.0   25  63988  10370    0    0    0 106.83    0.00  30.48  23.53  52.82  68.05  20.00  44.05  68.00  68.00  69.00  46.05   0.00
13:19:44  77.9   0.0   0.3  21.9   0.0   24   8608   5548    0    0    0 106.77    0.00  30.83  24.05  51.89  68.05  20.00  44.05  68.00  68.00  69.00  46.05   0.00
13:19:45  90.6   0.0   0.9   8.4   0.0   24   9418   6356    0    0    0 111.35    0.00  31.89  24.86  54.61  69.05  20.00  44.05  69.00  69.00  68.00  46.05   0.00
13:19:46  91.0   0.0   0.5   8.5   0.0   19  11040   7671    1    0    0 108.08    0.00  30.92  24.12  53.03  65.05  20.00  44.05  65.00  65.00  68.00  46.05   0.00
13:19:47  87.6   0.0   0.7  11.7   0.0   22   8498   6593    0    0    1 106.33    0.00  30.28  23.31  52.74  71.05  20.00  44.05  71.00  71.00  68.00  46.05   0.00
13:19:48  92.5   0.0   0.6   6.9   0.0   25  12195   8004    1    0    1 111.11    0.00  31.74  24.71  54.66  69.05  20.00  44.05  69.00  69.00  68.00  46.05   0.00
13:19:49  92.3   0.0   0.6   7.1   0.0   26   8607   6397    0    0    1 112.33    0.00  32.04  24.81  55.47  69.05  20.00  44.05  69.00  69.00  68.00  46.05   0.00
13:19:50  91.8   0.0   0.2   8.0   0.0   17  12079   6501    0    0    0 111.08    0.00  31.83  24.75  54.51  66.05  20.00  44.05  66.00  66.00  69.00  46.05   0.00
13:19:51  96.4   0.0   0.3   3.3   0.0   25  14027   6875    0    0    0 115.66    0.00  33.37  26.43  55.86  68.05  20.00  44.05  69.00  69.00  70.00  46.05   0.00
13:19:52  89.6   0.0   0.4  10.0   0.0   24  11804   6295    0    0    0 108.66    0.00  31.02  23.98  53.66  69.05  20.00  44.05  69.00  69.00  70.00  46.05   0.00
13:19:53  91.4   0.0   0.5   8.2   0.0   21  15796   6677    0    0    0 109.44    0.00  31.32  24.53  53.59  68.05  20.00  44.05  68.00  68.00  68.00  46.05   0.00
13:19:54  88.2   0.0   0.3  11.5   0.0   26  12916   6485    0    0    0 105.81    0.00  30.11  23.11  52.59  69.05  20.00  44.05  69.00  69.00  68.00  46.05   0.00
13:19:55  28.1   0.0   0.3  71.6   0.0    3   3161   3054    3    0    2  74.37    0.00  20.77  14.72  38.88  71.05  20.00  44.05  71.00  71.00  68.00  46.05   0.00
13:19:56   8.3   0.0   0.1  91.7   0.0    3    806   1316    2    0    0  75.30    0.00  20.80  15.15  39.35  76.05  20.00  44.05  76.00  76.00  68.00  46.05   0.00
13:19:57  10.6   0.0   0.1  89.3   0.0    2   3243   2717    2    0    1  89.02    0.00  25.41  19.52  44.10  77.05  20.00  44.05  77.00  77.00  75.00  46.05   0.00
13:19:58   5.3   0.0   0.0  94.7   0.0    2    627    745    0    0    3  62.96    0.00  17.58  12.02  33.35  75.05  20.00  44.05  75.00  75.00  75.00  46.05   0.00
13:19:59   5.3   0.0   0.0  94.7   0.0    3    441    690    0    0    1  62.31    0.00  17.39  11.84  33.07  72.05  20.00  44.05  72.00  72.00  75.00  47.05   0.00
13:20:00   5.5   0.0   0.0  94.5   0.0    2    403    705    0    0    0  63.42    0.00  17.54  11.78  34.10  72.05  20.00  44.05  72.00  72.00  75.00  47.05   0.00
13:20:01   4.2   0.0   0.0  95.8   0.0    2    292    580    0    0    0  55.55    0.00  15.78  10.32  29.45  72.05  20.00  44.05  72.00  72.00  71.00  47.05   0.00
13:20:02   4.2   0.0   0.0  95.8   0.0    2    286    563    0    0    0  56.76    0.00  15.55  10.10  31.11  71.05  20.00  45.05  71.00  71.00  71.00  47.05   0.00
13:20:03  25.0   0.0   1.8  73.1   0.1   19    408   1964    0    0    0  80.74    0.00  22.67  16.12  41.95  65.05  20.00  45.05  66.00  66.00  72.00  47.05   0.00
13:20:04  74.0   0.0   1.0  25.0   0.0   19    578 258173    0    0    0 106.85    0.00  30.25  23.25  53.34  68.05  20.00  45.05  68.00  68.00  72.00  47.05   0.00
13:20:05  69.9   0.0   0.3  29.8   0.0   19   1723  52779    0    0    0 105.37    0.00  29.94  23.32  52.11  68.05  20.00  45.05  68.00  68.00  68.00  47.05   0.00
13:20:06  75.0   0.0   0.1  24.9   0.0   19    339   4740    1    0    0 106.56    0.00  30.05  23.20  53.31  68.05  20.00  45.05  68.00  68.00  68.00  47.05   0.00
13:20:07  69.7   0.0   0.0  30.3   0.0    9    560   4537    0    0    0 102.81    0.00  29.16  22.61  51.04  68.05  20.00  45.05  68.00  68.00  68.00  47.05   0.00
13:20:08   6.3   0.0   0.1  93.6   0.0    2    319    625    0    0    0  51.17    0.00  14.00   8.51  28.66  69.05  20.00  45.05  69.00  69.00  69.00  47.05   0.00
13:20:09   4.2   0.0   0.0  95.8   0.0    2    294    468    0    0    0  53.70    0.00  15.16   9.71  28.83  71.05  20.00  45.05  71.00  71.00  69.00  47.05   0.00
13:20:10   9.8   0.0   0.2  90.0   0.0    3   2358   1613    4    0    0  72.85    0.00  20.13  14.33  38.40  65.05  20.00  45.05  65.00  65.00  69.00  47.05   0.00
13:20:11   6.0   0.0   0.0  94.0   0.0    2    759    693    0    0    1  60.87    0.00  17.17  11.67  32.03  69.05  20.00  45.05  69.00  69.00  69.00  47.05   0.00
13:20:12   6.4   0.0   0.2  93.3   0.0    2    566   1041    1    0    3  60.58    0.00  16.58  10.83  33.17  67.05  20.00  45.05  67.00  67.00  71.00  47.05   0.00
13:20:13   4.6   0.0   0.0  95.4   0.0    4    421    558    0    0    1  49.75    0.00  13.87   8.45  27.42  63.05  20.00  45.05  63.00  63.00  71.00  47.05   0.00
13:20:14   6.9   0.0   0.2  93.0   0.0    2    526    861    1    0    1  67.03    0.00  18.26  12.61  36.16  69.05  20.00  45.05  69.00  69.00  70.00  47.05   0.00
13:20:15   9.4   0.0   0.1  90.5   0.0    5   2530   1537    4    0    1  72.91    0.00  20.19  14.21  38.50  75.05  20.00  45.05  75.00  75.00  70.00  47.05   0.00
13:20:16   7.6   0.0   0.0  92.4   0.0    2   1453    916    0    0    2  67.06    0.00  18.50  12.68  35.88  67.05  20.00  45.05  67.00  67.00  71.00  47.05   0.00
13:20:17   7.3   0.0   0.2  92.5   0.0    2   1220   1380    3    0    1  69.48    0.00  19.29  13.60  36.60  69.05  20.00  45.05  68.00  68.00  71.00  47.05   0.00
13:20:18   8.1   0.0   0.1  91.7   0.1    2   2137   1263    2    0    1  73.37    0.00  20.70  14.87  37.79  75.05  20.00  45.05  75.00  74.00  67.00  47.05   0.00
13:20:19   6.0   0.0   0.1  93.9   0.0    2    939    782    0    0    1  65.99    0.00  18.50  13.07  34.43  75.05  20.00  45.05  75.00  75.00  67.00  47.05   0.00
13:20:20   4.1   0.0   0.1  95.8   0.0    2    326    502    0    0    0  58.26    0.00  16.75  11.43  30.08  74.05  20.00  45.05  75.00  75.00  67.00  47.05   0.00
13:20:21   4.2   0.0   0.0  95.8   0.0    2    349    467    0    0    2  58.96    0.00  16.82  11.29  30.85  74.05  20.00  45.05  75.00  75.00  75.00  47.05   0.00
13:20:22   4.2   0.0   0.0  95.8   0.0    2    288    413    0    0    0  58.79    0.00  16.59  11.26  30.94  72.05  20.00  45.05  71.00  71.00  75.00  47.05   0.00
13:20:23   4.2   0.0   0.0  95.8   0.0    2    344    482    0    0    0  58.50    0.00  16.59  11.21  30.70  76.05  20.00  45.05  76.00  76.00  75.00  47.05   0.00
13:20:24   4.2   0.0   0.0  95.8   0.0    2    337    499    0    0    2  59.80    0.00  16.98  11.73  31.09  76.05  20.00  45.05  76.00  76.00  75.00  47.05   0.00
13:20:25   4.2   0.0   0.0  95.8   0.0    2    341    498    0    0    1  59.77    0.00  17.01  11.74  31.03  76.05  20.00  45.05  74.00  74.00  75.00  47.05   0.00
13:20:26   4.2   0.0   0.0  95.8   0.0    2    317    490    0    0    0  59.67    0.00  16.98  11.72  30.97  75.05  20.00  45.05  75.00  75.00  77.00  47.05   0.00
13:20:27   4.2   0.0   0.0  95.8   0.0    2    345    502    0    0    0  57.33    0.00  16.16  10.76  30.42  75.05  20.00  45.05  75.00  75.00  77.00  47.05   0.00
13:20:28   4.2   0.0   0.0  95.8   0.0    2    296    416    0    0    0  59.66    0.00  16.98  11.73  30.95  75.05  20.00  44.05  75.00  75.00  71.00  47.05   0.00
13:20:29   4.2   0.0   0.0  95.8   0.0    2    272    434    0    0    0  59.43    0.00  16.93  11.68  30.82  74.05  20.00  44.05  74.00  74.00  71.00  47.05   0.00
13:20:30  22.6   0.0   0.2  77.1   0.0   19    335   1590    0    0    0  81.78    0.00  23.40  17.37  41.01  63.05  20.00  44.05  63.00  63.00  71.00  46.05   0.00
13:20:31  62.2   0.0   0.8  36.9   0.0    2    567   4240    0    0    0  95.68    0.00  26.78  19.78  49.11  75.05  20.00  44.05  75.00  75.00  75.00  46.05   0.00
13:20:32   4.2   0.0   0.0  95.8   0.0    2    331    484    0    0    1  59.41    0.00  16.90  11.61  30.90  74.05  20.00  44.05  74.00  74.00  65.00  46.05   0.00
13:20:33   4.2   0.0   0.0  95.8   0.0    2    317    427    0    0    0  60.14    0.00  17.02  11.58  31.54  74.05  20.00  45.05  74.00  75.00  65.00  46.05   0.00
13:20:34   4.2   0.0   0.0  95.8   0.0    2    360    490    0    0    1  57.53    0.00  16.25  10.96  30.32  67.05  20.00  45.05  67.00  67.00  75.00  46.05   0.00
13:20:35   8.3   0.0   0.3  91.5   0.0    2   1304   1404    7    0    0  63.65    0.00  17.00  11.42  35.22  72.05  20.00  45.05  72.00  72.00  75.00  46.05   0.00
13:20:36   5.3   0.0   0.0  94.7   0.0    2    401    561    0    0    3  55.72    0.00  15.11   9.69  30.93  68.05  20.00  45.05  68.00  68.00  69.00  46.05   0.00
13:20:37   5.0   0.0   0.0  95.0   0.0    2    389    568    0    0    2  58.44    0.00  16.20  10.84  31.40  74.05  20.00  45.05  74.00  74.00  69.00  46.05   0.00
13:20:38   4.2   0.0   0.0  95.8   0.0    2    312    427    0    0    0  51.46    0.00  14.46   9.28  27.72  72.05  20.00  44.05  72.00  72.00  73.00  46.05   0.00
13:20:39   4.2   0.0   0.0  95.8   0.1    2    340    464    0    0    0  53.60    0.00  14.73   9.26  29.61  72.05  20.00  44.05  72.00  72.00  73.00  46.05   0.00
13:20:40   4.2   0.0   0.0  95.8   0.0    2    290    458    0    0    0  53.25    0.00  14.54   9.29  29.42  72.05  20.00  44.05  72.00  72.00  73.00  46.05   0.00
13:20:41   4.2   0.0   0.0  95.8   0.0    2    286    437    0    0    0  51.16    0.00  14.41   9.28  27.48  72.05  20.00  44.05  72.00  72.00  73.00  46.05   0.00
13:20:42   4.4   0.0   0.0  95.6   0.0    3    345    580    0    0    3  51.73    0.00  14.47   9.30  27.97  66.05  20.00  44.05  66.00  66.00  73.00  46.05   0.00
13:20:43   4.8   0.0   0.0  95.2   0.0    2    373    557    0    0    0  41.09    0.00  10.90   5.41  24.78  56.05  20.00  44.05  56.00  56.00  73.00  46.05   0.00
13:20:44   4.2   0.0   0.0  95.8   0.0    2    297    493    0    0    0  36.54    0.00   9.80   4.31  22.42  56.05  20.00  44.05  56.00  56.00  61.00  46.05   0.00
13:20:45   7.8   0.0   0.3  92.0   0.0    2    940   1285    4    0    0  62.09    0.00  17.08  11.27  33.73  61.05  20.00  44.05  61.00  61.00  61.00  46.05   0.00
13:20:46   6.1   0.0   0.0  93.9   0.0    2   1034    777    1    0    3  57.81    0.00  15.96  10.34  31.51  67.05  20.00  44.05  67.00  67.00  58.00  46.05   0.00
13:20:47   4.4   0.0   0.0  95.6   0.0    2    489    600    0    0    1  52.83    0.00  14.81   9.46  28.56  67.05  20.00  44.05  67.00  67.00  58.00  46.05   0.00
13:20:48   4.3   0.0   0.0  95.7   0.0    2    406    562    0    0    1  47.86    0.00  13.21   7.64  27.01  67.05  20.00  44.05  67.00  67.00  67.00  46.05   0.00
13:20:49   4.3   0.0   0.0  95.7   0.0    2    336    517    0    0    0  51.39    0.00  14.43   9.11  27.85  66.05  20.00  44.05  66.00  66.00  67.00  46.05   0.00
13:20:50   4.3   0.0   0.0  95.7   0.0    2    302    495    0    0    0  51.97    0.00  14.61   9.29  28.07  67.05  20.00  44.05  67.00  67.00  67.00  46.05   0.00
13:20:51   4.2   0.0   0.0  95.8   0.0    2    376    526    0    0    0  51.73    0.00  14.56   9.25  27.92  66.05  20.00  44.05  66.00  66.00  67.00  46.05   0.00
13:20:52   4.4   0.0   0.0  95.6   0.0    2    360    494    0    0    0  53.54    0.00  14.95   9.44  29.14  66.05  20.00  44.05  66.00  66.00  67.00  46.05   0.00
13:20:53   4.2   0.0   0.0  95.8   0.0    2    322    492    0    0    0  51.53    0.00  14.51   9.20  27.82  66.05  20.00  44.05  66.00  66.00  67.00  46.05   0.00
13:20:54   4.2   0.0   0.0  95.8   0.0    2    302    480    0    0    0  52.52    0.00  14.69   9.21  28.62  67.05  20.00  44.05  67.00  67.00  67.00  46.05   0.00
13:20:55   4.2   0.0   0.0  95.8   0.0    2    381    485    0    0    1  51.42    0.00  14.49   9.20  27.73  67.05  20.00  44.05  67.00  67.00  67.00  46.05   0.00
13:20:56   4.2   0.0   0.0  95.8   0.0    2    308    491    0    0    0  50.98    0.00  14.34   9.03  27.61  66.05  20.00  44.05  66.00  66.00  67.00  46.05   0.00
13:20:57   4.2   0.0   0.0  95.8   0.0    2    328    541    0    0    0  51.10    0.00  14.35   9.05  27.70  66.05  20.00  44.05  66.00  66.00  67.00  46.05   0.00
13:20:58   4.2   0.0   0.0  95.8   0.0    2    325    497    0    0    0  51.54    0.00  14.51   9.21  27.82  67.05  20.00  43.05  66.00  66.00  66.00  46.05   0.00
13:20:59   4.2   0.0   0.0  95.8   0.0    4    374    505    0    0    2  51.66    0.00  14.54   9.24  27.88  68.05  20.00  43.05  68.00  68.00  66.00  46.05   0.00
13:21:00   4.2   0.0   0.0  95.8   0.0    2    346    540    0    0    1  51.84    0.00  14.56   9.26  28.02  66.05  20.00  43.05  66.00  66.00  66.00  45.05   0.00
13:21:01   4.2   0.0   0.0  95.8   0.0    2    298    503    0    0    0  51.51    0.00  14.51   9.20  27.80  67.05  20.00  43.05  67.00  67.00  67.00  45.05   0.00
13:21:02   4.3   0.0   0.0  95.6   0.1    2    373    597    2    0    2  53.23    0.00  14.85   9.36  29.02  67.05  20.00  43.05  66.00  66.00  67.00  45.05   0.00
13:21:03   4.2   0.0   0.0  95.8   0.0    2    370    509    0    0    0  51.50    0.00  14.39   8.87  28.24  66.05  20.00  44.05  66.00  66.00  67.00  45.05   0.00
13:21:04   4.2   0.0   0.0  95.8   0.0    2    302    484    0    0    0  51.51    0.00  14.51   9.21  27.79  67.05  20.00  44.05  67.00  67.00  65.00  45.05   0.00
13:21:05   4.2   0.0   0.0  95.8   0.0    2    324    456    0    0    0  51.00    0.00  14.36   9.06  27.58  66.05  20.00  44.05  66.00  66.00  65.00  45.05   0.00
13:21:06   4.2   0.0   0.0  95.8   0.0    2    275    432    0    0    0  51.48    0.00  14.52   9.22  27.74  67.05  20.00  44.05  67.00  67.00  67.00  45.05   0.00
13:21:07   8.6   0.0   0.3  91.1   0.0    2   1543   1402    6    0    1  73.95    0.00  20.18  14.54  39.23  58.05  20.00  44.05  58.00  58.00  67.00  45.05   0.00
13:21:08   4.2   0.0   0.0  95.8   0.0    2    324    507    0    0    0  37.65    0.00  10.05   4.43  23.17  56.05  20.00  44.05  56.00  56.00  70.00  45.05   0.00
13:21:09   9.2   0.0   1.3  89.4   0.0    3   2129   1795    3    0    3  81.35    0.00  22.74  16.73  41.88  68.05  20.00  44.05  68.00  68.00  70.00  45.05   0.00
13:21:10   1.9   0.0   3.1  95.0   0.0    2    786   1109    4    4    0  44.50    0.00  12.02   6.09  26.39  56.05  20.00  44.05  56.00  56.00  70.00  45.05   0.00
13:21:11   3.1   0.0   1.1  95.8   0.0    2    388    628    0    0    0  40.43    0.00  11.10   5.64  23.69  57.05  20.00  44.05  57.00  57.00  73.00  45.05   0.00
13:21:12   3.2   0.0   0.8  96.0   0.1    2   2044   2541   14   12  116  38.66    0.00  10.31   5.43  22.92  58.05  20.00  44.05  58.00  58.00  57.00  45.05   0.00
-------- ----- ----- ----- ----- ----- ---- ------ ------ ---- ---- ---- ------  ------ ------ ------ ------ ------ ------ ------ ------ ------ ------ ------ ------
 Average  55.1   0.0   2.1  42.8   0.0 15.3 61262.7 22196.8  1.9  0.4  1.8  91.51    0.00  25.94  19.49  46.07  63.62  20.00  40.71  63.59  63.59  64.10  42.39   0.00
 GeoMean   0.0   0.0   0.0  23.0   0.0 10.0 5641.0 5021.5  0.0  0.0  0.0  86.62    0.00  24.42  17.44  44.22  63.34  20.00  40.57  63.30  63.31  63.83  42.21   0.00
  StdDev  37.6   0.0   6.6  37.6   0.1 10.3 212900.5 61442.2  8.1  4.9  9.2  24.51    0.00   7.18   6.46  10.96   5.87   0.00   3.33   5.89   5.88   5.76   3.80   0.00
-------- ----- ----- ----- ----- ----- ---- ------ ------ ---- ---- ---- ------  ------ ------ ------ ------ ------ ------ ------ ------ ------ ------ ------ ------
 Minimum   0.0   0.0   0.0   0.0   0.0  1.0  240.0  152.0  0.0  0.0  0.0   7.30    0.00   1.65   0.06   5.60  44.05  20.00  35.05  44.00  44.00  45.00  35.05   0.00
 Maximum  99.8   0.0  38.1 100.0   0.7 35.0 1212393.0 556768.0 84.0 85.0 116.0 120.74    0.02  35.14  28.71  58.85  77.05  20.00  45.05  77.00  77.00  77.00  47.05   0.00
-------- ----- ----- ----- ----- ----- ---- ------ ------ ---- ---- ---- ------  ------ ------ ------ ------ ------ ------ ------ ------ ------ ------ ------ ------
Summary:
CPU:  91.51 Watts on average with standard deviation 24.51 
Note: power read from RAPL domains: uncore, pkg-0, core, psys.
These readings do not cover all the hardware in this device.

Histogram (of 311 power measurements)

  Range (Watts)   Count
  7.304 -  18.647     3 
 18.648 -  29.991     0 
 29.992 -  41.335     8 ##
 41.336 -  52.679    25 #######
 52.680 -  64.023    33 #########
 64.024 -  75.367    19 #####
 75.368 -  86.711    10 ##
 86.712 -  98.056     7 ##
 98.057 - 109.400   140 ########################################
109.401 - 120.744    66 ##################

Histogram (of 311 CPU utilization measurements)

  Range (%CPU)    Count
  0.000 -   9.995    76 ###############################
  9.996 -  19.991    25 ##########
 19.992 -  29.987    11 ####
 29.988 -  39.982     1 
 39.983 -  49.978     4 #
 49.979 -  59.974     2 
 59.975 -  69.970    24 #########
 69.971 -  79.966    40 ################
 79.967 -  89.962    30 ############
 89.963 -  99.957    98 ########################################

Histogram (of 311 thermal zone TCPU readings)

 Range (C)    Count
44.050 - 47.349     3 #
47.350 - 50.649     2 
50.650 - 53.949     8 ###
53.950 - 57.249    30 ##############
57.250 - 60.549    51 ########################
60.550 - 63.849    57 ###########################
63.850 - 67.149    83 ########################################
67.150 - 70.449    43 ####################
70.450 - 73.749    15 #######
73.750 - 77.049    19 #########

Range is zero, cannot produce histogram of thermal zone iwlwifi_1

Histogram (of 311 thermal zone INT3400 Thermal readings)

 Range (C)    Count
35.050 - 36.049    53 ################################
36.050 - 37.049    15 #########
37.050 - 38.049    20 ############
38.050 - 39.049    31 ###################
39.050 - 40.049    25 ###############
40.050 - 41.049    20 ############
41.050 - 42.049    21 ############
42.050 - 43.049    30 ##################
43.050 - 44.049    65 ########################################
44.050 - 45.049    31 ###################

Histogram (of 311 thermal zone SEN3 readings)

 Range (C)    Count
44.000 - 47.299     3 #
47.300 - 50.599     2 
50.600 - 53.899     8 ###
53.900 - 57.199    29 #############
57.200 - 60.499    49 ######################
60.500 - 63.799    57 ##########################
63.800 - 67.099    86 ########################################
67.100 - 70.399    43 ####################
70.400 - 73.699    15 ######
73.700 - 76.999    19 ########

Histogram (of 311 thermal zone TCPU_PCI readings)

 Range (C)    Count
44.000 - 47.299     3 #
47.300 - 50.599     2 
50.600 - 53.899     8 ###
53.900 - 57.199    29 #############
57.200 - 60.499    50 #######################
60.500 - 63.799    56 ##########################
63.800 - 67.099    85 ########################################
67.100 - 70.399    44 ####################
70.400 - 73.699    15 #######
73.700 - 76.999    19 ########

Histogram (of 311 thermal zone x86_pkg_temp readings)

 Range (C)    Count
45.000 - 48.199     5 ###
48.200 - 51.399     0 
51.400 - 54.599    10 ######
54.600 - 57.799    18 ##########
57.800 - 60.999    66 ########################################
61.000 - 64.199    60 ####################################
64.200 - 67.399    56 #################################
67.400 - 70.599    64 ######################################
70.600 - 73.799    18 ##########
73.800 - 76.999    14 ########

Histogram (of 311 thermal zone acpitz readings)

 Range (C)    Count
35.050 - 36.249    35 ###############
36.250 - 37.449    15 ######
37.450 - 38.649    15 ######
38.650 - 39.849    10 ####
39.850 - 41.049    46 ####################
41.050 - 42.249    20 ########
42.250 - 43.449    20 ########
43.450 - 44.649    21 #########
44.650 - 45.849    38 ################
45.850 - 47.049    91 ########################################

Range is zero, cannot produce histogram of thermal zone SEN2
