Running for 86400.0 seconds (86400 samples at 1.0 second intervals).
Power measurements will start in 0 seconds time.

  Time    User  Nice   Sys  Idle    IO  Run Ctxt/s  IRQ/s Fork Exec Exit  Watts  uncore  pkg-0   core   psys   TCPU x86_pk INT340   SEN3 TCPU_P iwlwif acpitz   SEN2
14:53:05   0.1   0.0   0.0  99.8   0.1    1    316    322    0    0    3  24.56    0.00   5.50   0.14  18.91  48.05  48.00  20.00  39.05  48.00  48.00  38.05   0.00
14:53:06   0.0   0.0   0.0 100.0   0.0    1    253    177    0    0    1  22.68    0.00   5.11   0.06  17.50  48.05  48.00  20.00  39.05  48.00  48.00  38.05   0.00
14:53:07   0.1   0.0   0.2  99.6   0.0    3    431    244   14    6    8  23.52    0.00   5.31   0.15  18.07  48.05  48.00  20.00  39.05  47.00  48.00  38.05   0.00
14:53:08  14.8   0.0   1.0  84.0   0.2    6  21248   4517   35    0    0  46.71    0.00  11.22   4.94  30.55  47.05  47.00  20.00  39.05  47.00  48.00  38.05   0.00
14:53:09  17.6   0.0   1.2  81.1   0.1    5  26058   3916    0    0    0  48.72    0.00  11.97   5.59  31.16  49.05  49.00  20.00  39.05  49.00  49.00  38.05   0.00
14:53:10  18.9   0.0   0.5  80.4   0.1    6  15399   3873    5    0    0  48.09    0.00  12.18   5.73  30.18  48.05  48.00  20.00  39.05  48.00  49.00  38.05   0.00
14:53:11  18.2   0.0   1.0  80.7   0.1    5  16694   3417    0    0    0  47.20    0.00  11.74   5.22  30.23  49.05  49.00  20.00  39.05  49.00  49.00  38.05   0.00
14:53:12  18.9   0.0   0.6  80.4   0.2    6  14876   3503    6    4    4  49.56    0.00  12.38   4.93  32.25  49.05  49.00  20.00  39.05  49.00  49.00  38.05   0.00
14:53:13  18.1   0.0   0.5  81.2   0.2    5  14704   3241    1    0    0  49.78    0.00  12.30   4.86  32.62  49.05  49.00  20.00  39.05  49.00  49.00  38.05   0.00
14:53:14  20.3   0.0   0.8  78.9   0.1    6  24838   3627    0    0    0  51.39    0.00  12.58   5.20  33.61  49.05  49.00  20.00  39.05  49.00  50.00  38.05   0.00
14:53:15  13.7   0.0   1.2  85.0   0.1    4  21756   4366   27    2    1  46.85    0.00  11.42   4.23  31.19  49.05  49.00  20.00  39.05  49.00  50.00  38.05   0.00
14:53:16  20.5   0.0   1.2  78.3   0.0    5  23138   4410   23    0    4  50.71    0.00  12.56   5.25  32.91  49.05  49.00  20.00  39.05  49.00  50.00  38.05   0.00
14:53:17  17.1   0.0   0.7  82.1   0.1    5  13286   3176    0    0    0  44.15    0.00  11.30   3.93  28.91  49.05  49.00  20.00  39.05  49.00  50.00  38.05   0.00
14:53:18  18.3   0.0   0.4  81.2   0.0    5  12514   3056    0    0    0  45.03    0.00  11.36   3.99  29.67  49.05  49.00  20.00  39.05  49.00  50.00  38.05   0.00
14:53:19  17.5   0.0   0.5  81.8   0.2    5   8586   2624    1    0    0  44.20    0.00  11.47   4.05  28.68  49.05  49.00  20.00  39.05  49.00  50.00  38.05   0.00
14:53:20  19.4   0.0   0.6  79.9   0.2   12  20765   3619    6    0    5  50.25    0.00  12.54   5.21  32.50  49.05  49.00  20.00  39.05  49.00  50.00  38.05   0.00
14:53:21  17.8   0.0   1.5  80.7   0.0    3  14176   3940    4    0   51  50.27    0.00  12.76   5.42  32.09  50.05  50.00  20.00  39.05  50.00  50.00  38.05   0.00
14:53:22  21.4   0.0   0.7  77.9   0.1    4  18544   3788    0    0    0  52.88    0.00  13.67   6.27  32.94  50.05  50.00  20.00  39.05  50.00  50.00  38.05   0.00
14:53:23  19.2   0.0   0.9  79.8   0.0    5  10474   2706   24    0    0  50.98    0.00  13.41   5.99  31.58  49.05  49.00  20.00  39.05  49.00  50.00  38.05   0.00
14:53:24  15.0   0.0   1.0  83.9   0.0    7   9101   3075    1    0   25  44.64    0.00  11.55   4.23  28.86  49.05  49.00  20.00  39.05  49.00  50.00  38.05   0.00
14:53:25  16.6   0.0   1.2  82.2   0.0    6  13528   3713   24    2    0  48.01    0.00  12.37   5.09  30.55  49.05  49.00  20.00  39.05  49.00  50.00  38.05   0.00
14:53:26  21.4   0.0   1.3  77.2   0.0    5  26634   4999   27    0    2  52.17    0.00  13.60   6.24  32.33  49.05  49.00  20.00  39.05  49.00  50.00  38.05   0.00
14:53:27  18.1   0.0   0.8  81.2   0.0    8  17148   3556    0    0    1  49.62    0.00  13.03   5.67  30.93  49.05  49.00  20.00  39.05  49.00  50.00  38.05   0.00
14:53:28  18.6   0.0   0.8  80.6   0.0   10  15062   3136    0    0    0  49.96    0.00  13.08   5.71  31.17  50.05  50.00  20.00  39.05  50.00  50.00  38.05   0.00
14:53:29  20.9   0.0   0.9  78.2   0.0    7  28851   4359    0    0    0  50.62    0.00  13.20   5.89  31.54  50.05  50.00  20.00  39.05  50.00  51.00  38.05   0.00
14:53:30  16.9   0.0   1.2  81.9   0.0    5  13136   3916    6    0   56  49.15    0.00  12.85   5.48  30.83  50.05  50.00  20.00  39.05  50.00  51.00  38.05   0.00
14:53:31  17.4   0.0   0.6  82.0   0.0    5   4492   2154    0    0    0  51.03    0.00  12.78   5.38  32.87  52.05  52.00  20.00  39.05  52.00  51.00  38.05   0.00
14:53:32  14.8   0.0   1.0  84.0   0.2    5   5274   2602   29    2   27  47.82    0.00  12.30   4.93  30.59  49.05  49.00  20.00  39.05  49.00  51.00  38.05   0.00
14:53:33  11.3   0.0   0.9  87.5   0.3    6  13115   3833   66    5   43  45.86    0.00  11.35   4.23  30.29  49.05  49.00  20.00  39.05  49.00  51.00  38.05   0.00
14:53:34  17.9   0.0   1.6  80.1   0.5   13  33501   7171   33    0    1  46.26    0.00  10.88   4.51  30.87  49.05  49.00  20.00  39.05  49.00  50.00  38.05   0.00
14:53:35  93.1   0.0   1.9   5.0   0.0   33  21084  12715   23    0    0  64.86    0.00  16.22   9.46  39.18  49.05  49.00  20.00  39.05  49.00  50.00  38.05   0.00
14:53:36  64.9   0.0   3.0  32.0   0.1   13  23336  12487    0    0    1  62.28    0.00  15.13   8.24  38.91  49.05  49.00  20.00  39.05  49.00  50.00  38.05   0.00
14:53:37  44.8   0.0   3.5  51.6   0.1   12  85496  15639    0    0    0  59.16    0.00  14.22   7.24  37.70  49.05  49.00  20.00  39.05  49.00  50.00  38.05   0.00
14:53:38  45.4   0.0   2.2  52.3   0.1   11  45359  13765    0    0    8  57.06    0.00  13.66   6.86  36.54  49.05  49.00  20.00  39.05  49.00  50.00  38.05   0.00
14:53:39  42.1   0.0   2.0  55.9   0.0    8  23844   6482    0    0    3  55.20    0.00  13.33   6.43  35.44  49.05  49.00  20.00  39.05  49.00  50.00  38.05   0.00
14:53:40  13.1   0.0   0.5  86.2   0.1    3   7115   2799    1    0   10  40.94    0.00  10.31   3.22  27.41  49.05  49.00  20.00  39.05  49.00  50.00  38.05   0.00
14:53:41  13.4   0.0   0.5  86.0   0.1    3   3912   2257    8    0    2  39.41    0.00   9.64   2.87  26.89  49.05  49.00  20.00  39.05  49.00  50.00  38.05   0.00
14:53:42  14.7   0.0   0.6  84.4   0.2    5   4450   2709   23   29   21  41.65    0.00  10.47   3.04  28.14  49.05  49.00  20.00  39.05  49.00  50.00  38.05   0.00
14:53:43  12.9   0.0   0.9  86.1   0.1    6   4067   3423   35   45   39  43.40    0.00  10.69   3.38  29.33  49.05  49.00  20.00  39.05  49.00  50.00  38.05   0.00
14:53:44  19.0   0.0   0.3  80.6   0.1    6  15698   3164    2    0    0  43.56    0.00  11.22   3.77  28.58  50.05  50.00  20.00  39.05  50.00  50.00  38.05   0.00
14:53:45  18.0   0.0   0.3  81.7   0.0    5   8272   2617    0    0    0  41.73    0.00  10.95   3.49  27.29  49.05  49.00  20.00  39.05  49.00  50.00  38.05   0.00
14:53:46  40.7   0.0   1.8  57.5   0.0   24  36935   8623   16    0    0  55.87    0.00  14.47   6.93  34.47  50.05  50.00  20.00  39.05  50.00  51.00  38.05   0.00
14:53:47  68.0   0.0   2.1  29.9   0.0   21  20286  19435    4    0    0  69.32    0.00  18.33  10.56  40.43  52.05  52.00  20.00  39.05  52.00  51.00  38.05   0.00
14:53:48  80.9   0.0   1.6  17.4   0.1   20  21981   7761    0    0    1  77.88    0.00  20.63  12.69  44.56  52.05  52.00  20.00  39.05  52.00  52.00  38.05   0.00
14:53:49  73.4   0.0   1.1  25.5   0.0   20  14596   6875    0    0    0  73.35    0.00  19.50  11.56  42.29  52.05  52.00  20.00  39.05  52.00  52.00  38.05   0.00
14:53:50  79.3   0.0   0.9  19.7   0.1   20  10745   6651    0    0    0  75.13    0.00  19.82  11.79  43.53  52.05  52.00  20.00  39.05  52.00  52.00  38.05   0.00
14:53:51  79.5   0.0   0.6  19.8   0.0   19   9941   6607    0    0    0  77.64    0.00  20.57  12.52  44.54  52.05  52.00  20.00  39.05  52.00  52.00  38.05   0.00
14:53:52  78.7   0.0   0.7  20.5   0.1   21  14095   6972    0    0    0  76.82    0.00  20.34  12.28  44.20  52.05  52.00  20.00  39.05  52.00  52.00  38.05   0.00
14:53:53  68.9   0.0   0.8  30.2   0.0   12  13922   6782    0    0    0  75.25    0.00  19.32  11.32  44.61  52.05  52.00  20.00  39.05  52.00  52.00  38.05   0.00
14:53:54  52.8   0.0   1.1  46.1   0.0   13  27790   6979    0    0    0  69.45    0.00  17.38   9.49  42.58  52.05  52.00  20.00  39.05  52.00  52.00  38.05   0.00
14:53:55  53.2   0.0   0.6  46.2   0.1   13  13126   5291    0    0    0  68.72    0.00  17.71   9.83  41.18  53.05  53.00  20.00  39.05  53.00  52.00  38.05   0.00
14:53:56  75.9   0.0   0.7  23.4   0.0   20  11003   6594    0    0    0  78.22    0.00  20.58  12.49  45.15  52.05  52.00  20.00  39.05  52.00  53.00  38.05   0.00
14:53:57  78.0   0.0   0.7  21.2   0.1   20   9425   6580    0    0    0  80.29    0.00  20.86  12.70  46.73  52.05  52.00  20.00  39.05  52.00  53.00  38.05   0.00
14:53:58  76.7   0.0   1.8  21.4   0.1   20  40483  14978    0    0    0  76.57    0.00  19.97  11.85  44.75  52.05  52.00  20.00  39.05  52.00  53.00  38.05   0.00
14:53:59  62.1   0.0   1.4  36.4   0.0   21  35668  47188    0    0    5  67.45    0.00  17.80   9.99  39.66  52.05  52.00  20.00  39.05  52.00  53.00  39.05   0.00
14:54:00  72.1   0.0   2.2  25.5   0.2   17  57063  19577    0    0    0  76.45    0.00  19.80  11.68  44.97  52.05  52.00  20.00  39.05  52.00  53.00  39.05   0.00
14:54:01  66.4   0.0   4.6  28.9   0.1   18 101078  31950    0    0    0  75.29    0.00  19.65  11.56  44.08  52.05  52.00  20.00  39.05  52.00  53.00  39.05   0.00
14:54:02  69.5   0.0   3.2  27.2   0.0   20  68154  22033    0    0    0  74.25    0.00  19.48  11.40  43.36  52.05  52.00  20.00  39.05  52.00  53.00  39.05   0.00
14:54:03  72.3   0.0   5.8  21.9   0.0   20 112148  35915    0    0    0  74.73    0.00  19.75  11.65  43.33  52.05  52.00  20.00  39.05  52.00  53.00  39.05   0.00
14:54:04  76.2   0.0   2.4  21.4   0.0   20  61644  20108    0    0    0  74.05    0.00  19.75  11.63  42.67  53.05  53.00  20.00  39.05  53.00  53.00  39.05   0.00
14:54:05  69.0   0.0   8.6  22.4   0.0   18 167333  48118    0    0    1  72.60    0.00  19.01  10.95  42.63  53.05  53.00  20.00  39.05  53.00  53.00  39.05   0.00
14:54:06  60.5   0.0  16.3  23.2   0.0   20 309682  87005    0    0    0  67.26    0.00  17.50  10.12  39.63  52.05  52.00  20.00  39.05  52.00  53.00  39.05   0.00
14:54:07  57.8   0.0  12.8  29.4   0.0   19 255732  75163    0    0    0  66.60    0.00  17.41  10.31  38.88  52.05  52.00  20.00  40.05  52.00  53.00  39.05   0.00
14:54:08  60.3   0.0   9.9  29.7   0.0   18 204319  62673    0    0    0  70.91    0.00  18.07  10.84  42.00  52.05  52.00  20.00  40.05  52.00  53.00  39.05   0.00
14:54:09  59.0   0.0  18.3  22.7   0.0   18 382409 106362    0    0    0  67.78    0.00  17.54  10.47  39.76  52.05  52.00  20.00  40.05  52.00  53.00  39.05   0.00
14:54:10  68.6   0.0   5.4  26.1   0.0   18 106895  31983    0    0    0  70.71    0.00  18.56  11.22  40.92  53.05  53.00  20.00  40.05  53.00  53.00  39.05   0.00
14:54:11  68.0   0.0   1.8  30.1   0.0   19  24946  51663    0    0    0  67.71    0.00  17.69  10.44  39.58  52.05  52.00  20.00  40.05  52.00  53.00  39.05   0.00
14:54:12  71.0   0.0   1.4  27.5   0.1   20  22356  10290    0    0    2  71.59    0.00  18.56  11.21  41.83  53.05  53.00  20.00  40.05  53.00  53.00  39.05   0.00
14:54:13  77.4   0.0   2.0  20.5   0.0   19  26443  10974    0    0    0  77.41    0.00  20.37  12.14  44.90  54.05  54.00  20.00  40.05  54.00  53.00  39.05   0.00
14:54:14  68.3   0.0   1.6  30.0   0.1   16  20619   8672    0    0    0  76.09    0.00  19.44  11.26  45.39  53.05  53.00  20.00  40.05  53.00  53.00  39.05   0.00
14:54:15  71.0   0.0   1.0  27.9   0.1   10   9967   6468    0    0    0  74.88    0.00  19.26  11.24  44.38  53.05  53.00  20.00  40.05  53.00  53.00  39.05   0.00
14:54:16  67.9   0.0   2.1  30.0   0.1   20  24682   9555    0    0    0  78.94    0.00  20.33  12.16  46.46  53.05  53.00  20.00  40.05  53.00  54.00  39.05   0.00
14:54:17  76.5   0.0   2.1  21.4   0.1   19  31609  11801    1    0    0  81.78    0.00  21.24  12.94  47.59  54.05  54.00  20.00  40.05  54.00  54.00  39.05   0.00
14:54:18  74.7   0.0   2.7  22.5   0.1   19  42970  14704    0    0    0  78.59    0.00  20.64  12.36  45.59  53.05  53.00  20.00  40.05  53.00  54.00  39.05   0.00
14:54:19  71.2   0.0   2.7  26.0   0.1   20  44322  14376    0    0    0  79.17    0.00  20.59  12.39  46.19  54.05  54.00  20.00  40.05  54.00  54.00  40.05   0.00
14:54:20  64.1   0.0   1.0  34.9   0.0   19   7018  56600    0    0    0  68.15    0.00  17.75   9.68  40.71  53.05  53.00  20.00  40.05  53.00  54.00  40.05   0.00
14:54:21  72.0   0.0   1.6  26.2   0.1   20  23639   9819    0    0    1  77.61    0.00  20.42  12.25  44.94  54.05  54.00  20.00  40.05  54.00  54.00  40.05   0.00
14:54:22  75.7   0.0   1.7  22.5   0.1   18  16313   8340    0    0    0  79.57    0.00  20.74  12.43  46.40  54.05  54.00  20.00  40.05  54.00  54.00  40.05   0.00
14:54:23  54.9   0.0   1.9  43.2   0.0   14  31167   9976    0    0    0  70.24    0.00  18.34  10.40  41.51  54.05  54.00  20.00  40.05  54.00  54.00  40.05   0.00
14:54:24  69.6   0.0   3.5  26.9   0.0   20  37121  12607    0    0    0  76.66    0.00  20.50  12.30  43.86  54.05  54.00  20.00  40.05  54.00  54.00  40.05   0.00
14:54:25  67.1   0.0   1.9  30.9   0.0   13  29494  10313    0    0    0  76.40    0.00  20.03  11.85  44.53  54.05  54.00  20.00  40.05  54.00  55.00  40.05   0.00
14:54:26  68.1   0.0   3.5  28.4   0.0   18  41016  13497    0    0    0  76.20    0.00  20.10  11.86  44.24  54.05  54.00  20.00  40.05  54.00  55.00  40.05   0.00
14:54:27  67.0   0.0   5.9  27.1   0.0   20 134026  40440    2    0    0  75.26    0.00  19.73  11.63  43.91  53.05  53.00  20.00  40.05  53.00  55.00  40.05   0.00
14:54:28  70.2   0.0   5.8  24.0   0.0   20 115961  33632    0    0    0  73.59    0.00  19.24  11.07  43.28  54.05  53.00  20.00  40.05  53.00  55.00  40.05   0.00
14:54:29  62.2   0.0  13.2  24.5   0.1   17 253685  71379    0    0    0  71.06    0.00  18.51  10.40  42.15  54.05  54.00  20.00  40.05  54.00  55.00  40.05   0.00
14:54:30  62.7   0.0   7.8  29.5   0.0   19 146944 103035    0    0    1  67.97    0.00  17.67   9.58  40.73  54.05  54.00  20.00  40.05  54.00  55.00  40.05   0.00
14:54:31  68.4   0.0   0.1  31.5   0.0   19   1448   4685    0    0    0  65.94    0.00  17.08   9.58  39.28  54.05  54.00  20.00  40.05  54.00  55.00  40.05   0.00
14:54:32  60.7   0.0   6.1  33.2   0.0   19 135042  40890    0    0    1  64.26    0.00  16.58   9.53  38.16  53.05  53.00  20.00  41.05  53.00  54.00  40.05   0.00
14:54:33  48.7   0.0  23.2  28.1   0.0   19 394780 110645    0    0    0  62.92    0.00  16.20   9.21  37.51  53.05  53.00  20.00  41.05  53.00  54.00  40.05   0.00
14:54:34  47.9   0.0  22.3  29.8   0.0    5 394984 106462    0    0    1  60.99    0.00  15.59   8.56  36.84  53.05  53.00  20.00  41.05  53.00  54.00  40.05   0.00
14:54:35  40.9   0.0  27.9  31.2   0.0   16 443452 116012    0    0    0  57.41    0.00  14.50   7.61  35.30  53.05  53.00  20.00  41.05  53.00  53.00  40.05   0.00
14:54:36  47.8   0.0  24.9  27.1   0.1   17 422989 119127   22    0    1  63.80    0.00  16.13   8.71  38.96  54.05  54.00  20.00  41.05  54.00  54.00  40.05   0.00
14:54:37  41.6   0.0  27.4  31.1   0.0   14 417466 114176    0    0    0  61.19    0.00  15.65   7.93  37.61  54.05  54.00  20.00  41.05  54.00  54.00  40.05   0.00
14:54:38  32.2   0.0  32.6  35.2   0.0   15 417693 111718    0    0    2  58.13    0.00  14.59   7.05  36.48  53.05  53.00  20.00  41.05  53.00  55.00  40.05   0.00
14:54:39  26.8   0.0  37.0  36.1   0.0   15 462765 122347    0    0    0  55.36    0.00  13.89   6.60  34.87  54.05  54.00  20.00  41.05  54.00  55.00  40.05   0.00
14:54:40  27.6   0.0  36.0  36.4   0.0   15 465009 118950    0    0    0  55.42    0.00  13.90   6.56  34.96  53.05  53.00  20.00  41.05  53.00  54.00  40.05   0.00
14:54:41  25.1   0.0  38.1  36.8   0.0   16 471618 118978    0    0    0  52.71    0.00  12.96   5.76  33.99  54.05  54.00  20.00  41.05  54.00  54.00  40.05   0.00
14:54:42  23.4   0.0  39.4  37.2   0.0   16 463132 121454    0    0    0  52.81    0.00  13.09   5.95  33.76  53.05  53.00  20.00  41.05  54.00  54.00  40.05   0.00
14:54:43  22.3   0.0  40.7  37.0   0.0   16 466085 120691    0    0    1  51.51    0.00  12.69   5.68  33.14  52.05  52.00  20.00  41.05  53.00  54.00  40.05   0.00
14:54:44  29.1   0.0  35.3  35.7   0.0   19 447174 117994    0    0    0  54.94    0.00  13.72   6.35  34.87  54.05  54.00  20.00  41.05  54.00  54.00  40.05   0.00
14:54:45  29.4   0.0  35.0  35.6   0.0   15 423030 110240    0    0    0  52.15    0.00  12.85   5.97  33.33  53.05  53.00  20.00  41.05  53.00  54.00  40.05   0.00
14:54:46  30.6   0.0  32.8  36.5   0.0   15 466501 114563    0    0    0  54.27    0.00  13.37   6.21  34.69  54.05  54.00  20.00  41.05  53.00  54.00  40.05   0.00
14:54:47  29.0   0.0  34.2  36.8   0.0   14 471652 116480    0    0    0  53.22    0.00  13.10   6.03  34.09  54.05  54.00  20.00  41.05  54.00  54.00  40.05   0.00
14:54:48  32.2   0.0  32.3  35.5   0.0   17 468299 117787    0    0    0  55.52    0.00  13.91   6.39  35.22  54.05  54.00  20.00  41.05  54.00  54.00  40.05   0.00
14:54:49  33.3   0.0  32.4  34.4   0.0   17 464965 121969    1    0    0  56.16    0.00  14.11   6.54  35.52  54.05  54.00  20.00  41.05  54.00  54.00  40.05   0.00
14:54:50  33.3   0.0  31.1  35.5   0.0    4 437733 113338    0    0    1  54.93    0.00  13.70   6.26  34.97  52.05  52.00  20.00  41.05  52.00  54.00  40.05   0.00
14:54:51  34.5   0.0  29.9  35.5   0.1   16 454977 112196    0    0    9  53.41    0.00  13.21   6.19  34.02  53.05  53.00  20.00  41.05  53.00  54.00  40.05   0.00
14:54:52  29.1   0.0  35.4  35.5   0.0   16 461925 116023    0    0    0  55.28    0.00  13.78   6.33  35.17  54.05  54.00  20.00  41.05  54.00  54.00  40.05   0.00
14:54:53  26.7   0.0  37.1  36.1   0.0   15 472847 119271    0    0    0  53.09    0.00  13.03   5.60  34.47  54.05  54.00  20.00  41.05  54.00  54.00  40.05   0.00
14:54:54  33.6   0.0  33.4  33.0   0.0   18 458846 117278    1    0    0  54.84    0.00  13.68   6.12  35.04  53.05  53.00  20.00  41.05  53.00  54.00  40.05   0.00
14:54:55  30.4   0.0  35.0  34.5   0.0   18 423579 106996    0    0    0  53.75    0.00  13.29   5.79  34.67  53.05  53.00  20.00  41.05  53.00  54.00  40.05   0.00
14:54:56  32.1   0.0  32.6  35.3   0.0   16 456516 116145    0    0    1  54.14    0.00  13.45   5.89  34.81  53.05  53.00  20.00  41.05  53.00  54.00  40.05   0.00
14:54:57  32.6   0.0  30.2  37.1   0.0   17 449639 115089    0    0    0  56.00    0.00  13.95   6.39  35.66  54.05  54.00  20.00  41.05  54.00  54.00  40.05   0.00
14:54:58  35.8   0.0  29.0  35.2   0.0   16 440600 109595    0    0    0  57.29    0.00  14.43   6.76  36.09  53.05  53.00  20.00  41.05  53.00  54.00  40.05   0.00
14:54:59  29.8   0.0  34.7  35.5   0.0   16 464260 111425    0    0    0  55.33    0.00  13.83   6.27  35.23  54.05  54.00  20.00  41.05  54.00  55.00  40.05   0.00
14:55:00  31.0   0.0  33.6  35.5   0.0   13 404815 105636    0    0    1  53.13    0.00  13.10   5.74  34.29  54.05  54.00  20.00  41.05  54.00  55.00  41.05   0.00
14:55:01  31.1   0.0  16.0  52.9   0.0   18 293279  82147    1    0    0  50.56    0.00  12.70   5.92  31.94  54.05  54.00  20.00  41.05  54.00  55.00  41.05   0.00
14:55:02  45.4   0.0  19.0  35.6   0.0   16 365180  99489    3    2    3  58.57    0.00  14.63   7.47  36.47  54.05  54.00  20.00  41.05  54.00  55.00  41.05   0.00
14:55:03  36.1   0.0  28.2  35.7   0.0   13 409937 102410    0    0    0  58.84    0.00  14.85   7.09  36.89  53.05  53.00  20.00  41.05  54.00  54.00  41.05   0.00
14:55:04  36.1   0.0  28.1  35.7   0.0   16 431815 113523    0    0    1  57.98    0.00  14.68   7.46  35.83  54.05  54.00  20.00  41.05  53.00  54.00  41.05   0.00
14:55:05  37.3   0.0  28.1  34.6   0.0   13 434645 108848    0    0    0  57.29    0.00  14.45   7.29  35.54  54.05  54.00  20.00  41.05  54.00  54.00  41.05   0.00
14:55:06  41.1   0.0  24.5  34.3   0.0   16 363566  92535    6    0    0  62.41    0.00  15.81   7.90  38.70  54.05  54.00  20.00  41.05  54.00  54.00  41.05   0.00
14:55:07  24.8   0.0  40.4  34.8   0.0   15 474879 116676    2    0    0  52.80    0.00  13.04   6.06  33.70  53.05  53.00  20.00  41.05  53.00  55.00  41.05   0.00
14:55:08  29.3   0.0  35.7  34.9   0.1   18 464925 115947    0    0    0  55.27    0.00  13.74   6.87  34.65  53.05  53.00  20.00  41.05  53.00  55.00  41.05   0.00
14:55:09  47.3   0.0  19.1  33.6   0.0   18 356162  93873    1    0    0  61.41    0.00  15.66   8.20  37.55  54.05  54.00  20.00  41.05  54.00  53.00  41.05   0.00
14:55:10  64.3   0.0   2.0  33.8   0.0    6  20243   9660    0    0    0  68.00    0.00  17.60   9.79  40.60  54.05  54.00  20.00  41.05  54.00  53.00  41.05   0.00
14:55:11   6.4   0.0   0.2  93.4   0.0    2   3020   1767    2    0    3  34.24    0.00   8.59   2.17  23.48  53.05  53.00  20.00  41.05  53.00  55.00  41.05   0.00
14:55:12   5.2   0.0   0.0  94.7   0.0    2    439    705    0    0    0  32.91    0.00   8.22   1.82  22.86  53.05  53.00  20.00  41.05  53.00  55.00  41.05   0.00
14:55:13   4.7   0.0   0.1  95.2   0.0    5    439    945    2    0    0  36.73    0.00   9.34   2.09  25.30  54.05  54.00  20.00  42.05  53.00  53.00  41.05   0.00
14:55:14  18.1   0.0   0.8  81.1   0.0    5   1399   2140    3    0    2  45.17    0.00  11.86   4.22  29.09  54.05  54.00  20.00  42.05  54.00  53.00  41.05   0.00
14:55:15  17.4   0.0   0.4  82.2   0.0    3   2326   2132    4    0    2  48.69    0.00  12.67   4.73  31.28  54.05  54.00  20.00  42.05  54.00  53.00  41.05   0.00
14:55:16  16.7   0.0   2.0  81.3   0.0   21  12651   5402    2    0   23  49.00    0.00  12.86   5.08  31.06  54.05  54.00  20.00  42.05  54.00  54.00  41.05   0.00
14:55:17  20.0   0.0   0.3  79.7   0.1    2   1479   2166    0    0    2  43.13    0.00  10.98   3.42  28.73  53.05  53.00  20.00  42.05  53.00  55.00  41.05   0.00
14:55:18  10.4   0.0   0.2  89.3   0.0    2    991   1654    2    0    1  37.44    0.00   9.47   2.04  25.94  54.05  54.00  20.00  42.05  54.00  55.00  41.05   0.00
14:55:19   4.6   0.0   0.1  95.3   0.0    3    529    766    0    0    2  33.17    0.00   8.26   0.96  23.94  54.05  54.00  20.00  42.05  54.00  55.00  41.05   0.00
14:55:20  70.2   0.0   1.0  28.8   0.0   20   5846   7172    5    0    3  66.43    0.00  17.54  10.12  38.77  54.05  54.00  20.00  42.05  54.00  55.00  41.05   0.00
14:55:21  35.7   0.0   0.2  64.1   0.0    2   6117   3379    1    0    0  51.43    0.00  13.35   5.79  32.29  54.05  54.00  20.00  42.05  54.00  55.00  41.05   0.00
14:55:22   6.5   0.0   0.1  93.3   0.0    3    617    891    0    0    3  34.90    0.00   8.70   1.36  24.83  54.05  54.00  20.00  42.05  54.00  55.00  41.05   0.00
14:55:23   4.8   0.0   0.0  95.2   0.0    3    400    686    0    0    0  33.51    0.00   8.26   0.96  24.29  54.05  54.00  20.00  42.05  54.00  55.00  41.05   0.00
14:55:24  37.0   0.0   0.6  62.4   0.0    5  11075   4212    4    0    0  54.61    0.00  14.33   6.89  33.39  54.05  54.00  20.00  42.05  54.00  55.00  41.05   0.00
14:55:25  15.3   0.0   0.1  84.5   0.0    3   1510   1471    0    0    0  39.78    0.00  10.40   2.83  26.55  54.05  54.00  20.00  42.05  54.00  55.00  41.05   0.00
14:55:26  18.5   0.0   0.1  81.5   0.0    2   4000   1885    0    0    2  43.44    0.00  11.19   3.52  28.73  54.05  54.00  20.00  42.05  54.00  55.00  41.05   0.00
14:55:27   5.3   0.0   0.0  94.7   0.0    2    353    646    0    0    0  37.08    0.00   9.54   2.19  25.35  53.05  53.00  20.00  42.05  53.00  55.00  41.05   0.00
14:55:28   8.8   0.0   0.2  91.0   0.0    5    790   1255    3    0    2  38.59    0.00   9.95   2.58  26.06  53.05  53.00  20.00  42.05  53.00  55.00  41.05   0.00
14:55:29  14.5   0.0   0.1  85.5   0.0    3    913   1419    0    0    0  40.05    0.00  10.52   3.03  26.50  53.05  53.00  20.00  42.05  53.00  54.00  41.05   0.00
14:55:30  16.3   0.0   0.1  83.6   0.0    5   2825   1720    2    0    0  41.06    0.00  10.84   3.32  26.90  54.05  54.00  20.00  42.05  54.00  54.00  41.05   0.00
14:55:31  73.5   0.0   0.5  26.0   0.0   25  10231   6769    6    0    0  67.64    0.00  17.83  10.06  39.75  54.05  54.00  20.00  42.05  54.00  55.00  41.05   0.00
14:55:32  58.7   0.0   0.5  40.7   0.0   10  21800   5748    0    0    0  65.66    0.00  16.86   9.10  39.71  54.05  54.00  20.00  42.05  54.00  55.00  41.05   0.00
14:55:33  54.4   0.0   3.8  41.7   0.0   12  15554   5177    0    0    1  66.09    0.00  16.99   8.95  40.15  54.05  54.00  20.00  42.05  54.00  55.00  41.05   0.00
14:55:34  39.9   0.0   0.7  59.3   0.0   11  17542   4308    0    0    0  58.95    0.00  14.97   7.21  36.77  56.05  56.00  20.00  42.05  56.00  55.00  41.05   0.00
14:55:35  30.0   0.0   0.4  69.6   0.0    7  13275   3284    0    0    7  52.40    0.00  13.68   6.08  32.65  53.05  53.00  20.00  42.05  53.00  55.00  41.05   0.00
14:55:36  17.1   0.0   0.4  82.5   0.0    4  11280   2136    0    0    2  45.12    0.00  11.77   4.46  28.88  54.05  54.00  20.00  42.05  54.00  55.00  41.05   0.00
14:55:37  33.5   0.0   0.9  65.5   0.0    3  16933   3652    0    0    0  54.59    0.00  14.16   6.48  33.95  54.05  54.00  20.00  42.05  54.00  55.00  41.05   0.00
14:55:38  19.0   0.0   0.3  80.6   0.1    4  12608   2398    0    0    0  46.15    0.00  11.97   4.64  29.55  54.05  54.00  20.00  42.05  54.00  55.00  41.05   0.00
14:55:39  15.1   0.0   0.3  84.6   0.0    7  11371   1956    0    0    0  43.37    0.00  11.26   3.97  28.13  54.05  54.00  20.00  42.05  54.00  55.00  41.05   0.00
14:55:40  15.0   0.0   0.2  84.9   0.0    5  10976   1853    0    0    0  43.19    0.00  11.22   3.96  28.01  53.05  53.00  20.00  42.05  53.00  55.00  41.05   0.00
14:55:41  13.5   0.0   0.2  86.3   0.0    5  10348   1818    0    0    0  41.78    0.00  10.80   3.53  27.44  54.05  54.00  20.00  42.05  54.00  54.00  41.05   0.00
14:55:42  27.4   0.0   2.8  69.8   0.0    4  35497   4873    0    0    0  49.72    0.00  12.95   5.34  31.44  53.05  53.00  20.00  42.05  53.00  54.00  41.05   0.00
14:55:43   9.5   0.0   0.3  90.2   0.0    3    966   1127    1    0    1  34.31    0.00   8.58   2.06  23.67  53.05  53.00  20.00  42.05  53.00  54.00  41.05   0.00
14:55:44  30.2   0.0   0.7  69.0   0.0   19   4477   3156   34    0    0  48.31    0.00  12.35   5.25  30.71  54.05  54.00  20.00  42.05  54.00  54.00  41.05   0.00
14:55:45  66.6   0.0   0.9  32.5   0.0   19  15308 128599    0    0    0  61.65    0.00  15.77   7.85  38.03  53.05  53.00  20.00  42.05  53.00  54.00  41.05   0.00
14:55:46  67.5   0.0   0.0  32.5   0.0   37    606   4463    0    0    0  62.56    0.00  16.11   8.23  38.23  54.05  54.00  20.00  42.05  54.00  55.00  41.05   0.00
14:55:47  99.3   0.0   0.5   0.2   0.0   28   4425   7218    0    0    0  72.73    0.00  19.39  11.72  41.62  54.05  54.00  20.00  42.05  54.00  55.00  41.05   0.00
14:55:48  99.5   0.0   0.3   0.2   0.0   28   2766   6945    0    0    1  73.44    0.00  19.59  11.85  42.00  54.05  54.00  20.00  42.05  54.00  55.00  41.05   0.00
14:55:49  99.2   0.0   0.8   0.0   0.0   28   2750   6959   10    2   12  76.14    0.00  20.24  12.45  43.46  54.05  54.00  20.00  42.05  54.00  55.00  41.05   0.00
14:55:50  99.8   0.0   0.1   0.0   0.0   27   1055   6436    0    0    4  74.64    0.00  19.95  12.22  42.47  54.05  54.00  20.00  42.05  54.00  55.00  41.05   0.00
14:55:51  98.0   0.0   0.3   1.7   0.0   28   1766   6260    0    0    0  77.12    0.00  20.71  12.82  43.59  55.05  55.00  20.00  42.05  55.00  55.00  41.05   0.00
14:55:52  97.4   0.0   0.1   2.6   0.0   28   2028   6201    0    0    0  88.83    0.00  24.35  16.13  48.35  56.05  56.00  20.00  42.05  56.00  55.00  41.05   0.00
14:55:53  94.1   0.0   0.1   5.7   0.0   19   1824   6113    0    0    0  88.18    0.00  24.03  15.81  48.34  55.05  55.00  20.00  42.05  55.00  56.00  41.05   0.00
14:55:54  95.8   0.0   0.4   3.9   0.0   28   2487   6401    0    0    0  88.32    0.00  24.20  16.01  48.11  56.05  56.00  20.00  42.05  56.00  56.00  41.05   0.00
14:55:55  93.8   0.0   0.3   5.9   0.0   26   2291   6060    0    0    0  87.37    0.00  23.77  15.53  48.07  55.05  55.00  20.00  42.05  55.00  56.00  41.05   0.00
14:55:56  97.9   0.0   0.2   2.0   0.0   25   2576   6760    0    0    2  89.11    0.00  24.43  16.20  48.49  56.05  56.00  20.00  42.05  56.00  56.00  41.05   0.00
14:55:57  96.7   0.0   0.1   3.2   0.0   25   2449   6249    0    0    0  88.66    0.00  24.29  16.06  48.30  56.05  56.00  20.00  42.05  56.00  56.00  41.05   0.00
14:55:58  94.6   0.0   2.4   3.1   0.0   26   2420   6266    0    0    0  88.16    0.00  24.11  15.89  48.16  55.05  55.00  20.00  42.05  54.00  56.00  41.05   0.00
14:55:59  99.5   0.0   0.2   0.4   0.0   20   1951   6380    0    0    0  87.55    0.00  23.98  15.89  47.68  56.05  56.00  20.00  42.05  56.00  56.00  41.05   0.00
14:56:00  97.6   0.0   0.0   2.4   0.0   25   2205   6253    0    0    0  89.53    0.00  24.52  16.26  48.75  56.05  56.00  20.00  42.05  56.00  56.00  41.05   0.00
14:56:01  92.8   0.0   3.5   3.7   0.0   25   2589   6191    0    0    0  87.16    0.00  23.77  15.50  47.89  56.05  56.00  20.00  42.05  56.00  56.00  41.05   0.00
14:56:02  97.1   0.0   0.1   2.8   0.0   25   2838   6285    0    0    0  89.95    0.00  24.55  16.24  49.17  56.05  56.00  20.00  42.05  56.00  56.00  41.05   0.00
14:56:03  90.1   0.0   4.7   5.2   0.0   25   2862   6177    0    0    0  87.32    0.00  23.72  15.44  48.16  55.05  55.00  20.00  42.05  56.00  56.00  41.05   0.00
14:56:04  99.7   0.0   0.2   0.1   0.0   25   2404   6572    0    0    0  86.90    0.00  23.69  15.61  47.60  56.05  56.00  20.00  42.05  56.00  57.00  41.05   0.00
14:56:05  95.2   0.0   0.0   4.8   0.0   25   2309   6093    0    0    0  89.39    0.00  24.44  16.11  48.84  56.05  56.00  20.00  42.05  56.00  57.00  41.05   0.00
14:56:06  10.2   0.0   0.1  89.6   0.0    3   1471   1569    1    0    0  42.92    0.00  11.29   4.08  27.55  54.05  54.00  20.00  42.05  54.00  57.00  42.05   0.00
14:56:07  50.0   0.0   1.1  48.9   0.0   28  17776   9362    6    0    1  61.69    0.00  16.48   8.77  36.44  54.05  54.00  20.00  42.05  54.00  57.00  42.05   0.00
14:56:08  88.5   0.0   5.4   6.0   0.0   28   2601   6503    0    0    0  87.34    0.00  23.71  15.35  48.27  56.05  56.00  20.00  42.05  56.00  56.00  42.05   0.00
14:56:09  86.5   0.0   0.3  13.2   0.0   25   5810   6104    0    0    0  83.97    0.00  22.73  14.41  46.83  56.05  56.00  20.00  42.05  56.00  56.00  42.05   0.00
14:56:10  53.3   0.0   1.9  44.9   0.0   23  47838  11316    6    0    2  57.89    0.00  15.12   7.68  35.08  56.05  56.00  20.00  42.05  56.00  57.00  42.05   0.00
14:56:11  85.1   0.0   1.0  13.9   0.0   25  13834   6968    0    0    0  77.26    0.00  20.70  13.08  43.49  56.05  56.00  20.00  42.05  56.00  57.00  42.05   0.00
14:56:12  79.4   0.0   3.5  17.1   0.0   19   5236 119903    0    0    0  72.95    0.00  19.19  10.86  42.89  56.05  56.00  20.00  42.05  56.00  56.00  42.05   0.00
14:56:13  68.2   0.0   0.2  31.7   0.0   19   1706   4597    0    0    0  68.05    0.00  17.85   9.91  40.29  55.05  55.00  20.00  42.05  55.00  56.00  42.05   0.00
14:56:14  81.9   0.0   0.3  17.7   0.0   21   4832   5669    0    0    0  73.55    0.00  19.56  11.57  42.42  56.05  56.00  20.00  42.05  56.00  56.00  42.05   0.00
14:56:15  97.8   0.0   0.5   1.7   0.0   31   6910   7225    0    0    0  80.45    0.00  21.78  13.63  45.03  56.05  56.00  20.00  42.05  56.00  56.00  42.05   0.00
14:56:16  98.6   0.0   0.5   1.0   0.0   31   7248   7796    0    0    0  79.69    0.00  21.54  13.37  44.78  56.05  56.00  20.00  42.05  56.00  56.00  42.05   0.00
14:56:17  98.4   0.0   0.9   0.7   0.0   28   7435   8012    0    0    0  80.91    0.00  21.92  13.71  45.28  56.05  56.00  20.00  42.05  56.00  56.00  42.05   0.00
14:56:18  98.0   0.0   0.5   1.5   0.0   28   7581   8423    0    0    0  80.71    0.00  21.85  13.62  45.24  56.05  56.00  20.00  42.05  56.00  56.00  42.05   0.00
14:56:19  72.5   0.0   0.2  27.3   0.0   19   2310   5063    0    0    0  67.56    0.00  17.72   9.58  40.26  56.05  56.00  20.00  42.05  56.00  56.00  42.05   0.00
14:56:20  83.8   0.0   0.1  16.1   0.0   29   3140   6095    0    0    1  79.86    0.00  21.54  13.29  45.03  56.05  56.00  20.00  42.05  56.00  56.00  42.05   0.00
14:56:21  99.6   0.0   0.3   0.1   0.0   28   5053   7487    0    0    0  80.36    0.00  21.74  13.49  45.14  56.05  56.00  20.00  42.05  56.00  56.00  42.05   0.00
14:56:22  99.6   0.0   0.3   0.0   0.0   28   4401   7749    0    0    0  79.84    0.00  21.56  13.31  44.97  56.05  56.00  20.00  42.05  56.00  56.00  42.05   0.00
14:56:23  99.0   0.0   0.5   0.5   0.0   29   3961   7370    0    0    0  80.66    0.00  21.73  13.48  45.45  56.05  56.00  20.00  42.05  56.00  56.00  42.05   0.00
14:56:24  99.6   0.0   0.3   0.0   0.0   27   3519   7077    0    0    1  80.37    0.00  21.62  13.38  45.37  56.05  56.00  20.00  42.05  56.00  57.00  42.05   0.00
14:56:25  99.8   0.0   0.2   0.0   0.0   28   2022   6787    0    0    0  77.86    0.00  20.93  12.80  44.13  56.05  56.00  20.00  42.05  56.00  57.00  42.05   0.00
14:56:26  99.8   0.0   0.1   0.0   0.0   28   2489   6624    0    0    0  77.09    0.00  20.69  12.59  43.81  56.05  56.00  20.00  42.05  56.00  57.00  42.05   0.00
14:56:27  99.2   0.0   0.3   0.5   0.0   28   2597   6789    0    0    1  77.14    0.00  20.60  12.48  44.06  56.05  56.00  20.00  42.05  56.00  56.00  42.05   0.00
14:56:28  99.7   0.0   0.3   0.0   0.0   28   2355   6729    0    0    0  78.59    0.00  21.06  12.91  44.61  56.05  56.00  20.00  42.05  56.00  56.00  42.05   0.00
14:56:29  99.6   0.0   0.2   0.2   0.0   28   2337   7020    0    0    0  79.00    0.00  21.26  13.05  44.69  56.05  56.00  20.00  42.05  56.00  56.00  42.05   0.00
14:56:30  99.1   0.0   0.3   0.6   0.0   34   2880   6762    0    0    1  81.01    0.00  21.89  13.59  45.53  56.05  56.00  20.00  42.05  56.00  57.00  42.05   0.00
14:56:31  99.5   0.0   0.4   0.1   0.0   29   2644   6721    0    0    0  83.36    0.00  22.63  14.25  46.47  56.05  56.00  20.00  42.05  56.00  57.00  42.05   0.00
14:56:32  99.5   0.0   0.4   0.1   0.0   28   2600   6689    0    0    0  84.69    0.00  23.05  14.65  46.99  56.05  56.00  20.00  42.05  56.00  57.00  42.05   0.00
14:56:33  99.0   0.0   0.4   0.6   0.0   28   2373   6965    0    0    0  84.49    0.00  22.98  14.57  46.94  57.05  57.00  20.00  42.05  57.00  57.00  42.05   0.00
14:56:34  99.7   0.0   0.3   0.0   0.0   27   2301   6838    0    0    0  84.91    0.00  23.01  14.62  47.28  57.05  57.00  20.00  42.05  57.00  57.00  42.05   0.00
14:56:35  99.1   0.0   0.2   0.7   0.0   28   2379   6721    0    0    0  80.18    0.00  21.64  13.38  45.16  56.05  56.00  20.00  42.05  56.00  57.00  42.05   0.00
14:56:36  99.6   0.0   0.2   0.2   0.0   29   1848   6770    0    0    1  79.54    0.00  21.45  13.24  44.85  56.05  56.00  20.00  42.05  56.00  57.00  42.05   0.00
14:56:37  99.7   0.0   0.2   0.1   0.0   28   1806   6529    0    0    0  79.02    0.00  21.29  13.08  44.66  57.05  57.00  20.00  42.05  57.00  57.00  42.05   0.00
14:56:38  99.7   0.0   0.2   0.1   0.0   19   1866   6524    0    0    0  78.26    0.00  20.96  12.78  44.52  56.05  56.00  20.00  42.05  56.00  57.00  42.05   0.00
14:56:39  98.9   0.0   0.4   0.7   0.0   28   1888   6662    0    0    0  78.19    0.00  20.89  12.70  44.60  56.05  56.00  20.00  43.05  56.00  57.00  42.05   0.00
14:56:40  99.8   0.0   0.2   0.1   0.0   30   1688   6695    0    0    1  78.77    0.00  21.22  13.04  44.51  56.05  56.00  20.00  43.05  56.00  57.00  42.05   0.00
14:56:41  99.7   0.0   0.2   0.1   0.0   28   1445   6502    0    0    0  76.48    0.00  20.43  12.39  43.66  56.05  56.00  20.00  43.05  56.00  57.00  42.05   0.00
14:56:42  99.7   0.0   0.3   0.0   0.0   28   3032   7191    0    0    1  75.05    0.01  20.06  12.02  42.96  56.05  56.00  20.00  43.05  56.00  57.00  42.05   0.00
14:56:43  97.3   0.0   0.4   2.3   0.0   28  19351   8250    0    0    1  74.47    0.00  19.89  11.89  42.69  56.05  56.00  20.00  43.05  56.00  57.00  42.05   0.00
14:56:44  99.6   0.0   0.4   0.0   0.0   28   2226   6659    0    0    0  80.70    0.01  21.78  13.52  45.38  57.05  57.00  20.00  43.05  57.00  57.00  42.05   0.00
14:56:45  99.7   0.0   0.2   0.1   0.0   28   1799   6484    5    0    4  87.57    0.01  23.76  15.25  48.55  57.05  57.00  20.00  43.05  57.00  57.00  42.05   0.00
14:56:46  97.7   0.0   0.3   2.0   0.0   27   8726   7129    0    0    2  86.85    0.00  23.61  15.10  48.14  57.05  57.00  20.00  43.05  57.00  57.00  42.05   0.00
14:56:47  98.3   0.0   0.8   1.0   0.0   19   4471   7008    0    0    0  87.61    0.01  23.85  15.31  48.45  57.05  57.00  20.00  43.05  57.00  57.00  42.05   0.00
14:56:48  98.4   0.0   0.4   1.2   0.0   28   7250   7040    6    0    6  87.76    0.01  23.89  15.33  48.54  58.05  58.00  20.00  43.05  58.00  57.00  42.05   0.00
14:56:49  97.4   0.0   0.5   2.1   0.0   28  12958   7481    8    0    8  87.15    0.01  23.69  15.17  48.29  58.05  58.00  20.00  43.05  58.00  57.00  42.05   0.00
14:56:50  99.5   0.0   0.4   0.1   0.0   28   1421   6804    4    0    4  88.85    0.01  24.15  15.57  49.12  58.05  58.00  20.00  43.05  58.00  58.00  42.05   0.00
14:56:51  97.4   0.0   0.4   2.2   0.0   28  10891   7654   12    0   12  87.42    0.00  23.73  15.21  48.47  58.05  58.00  20.00  43.05  58.00  58.00  43.05   0.00
14:56:52  99.5   0.0   0.4   0.1   0.0   28   1314   6792    0    0    0  87.87    0.01  23.93  15.39  48.53  57.05  57.00  20.00  43.05  57.00  58.00  43.05   0.00
14:56:53  97.2   0.0   0.5   2.3   0.0   28  14290   7924    0    0    0  86.34    0.01  23.45  14.98  47.90  58.05  58.00  20.00  43.05  58.00  58.00  43.05   0.00
14:56:54  99.7   0.0   0.2   0.1   0.0   29   1606   6599    1    0    1  89.16    0.01  24.22  15.66  49.28  58.05  58.00  20.00  43.05  58.00  58.00  43.05   0.00
14:56:55  96.9   0.0   0.6   2.5   0.0   28  18660   7962    7    0    7  88.29    0.01  23.92  15.36  49.00  58.05  58.00  20.00  43.05  58.00  58.00  43.05   0.00
14:56:56  97.3   0.0   0.7   2.0   0.0   19  12869   7446    6    0    6  76.79    0.01  20.50  12.25  44.03  56.05  56.00  20.00  43.05  56.00  58.00  43.05   0.00
14:56:57  64.7   0.0   0.3  35.0   0.0    2   1279  11350    0    0    0  72.45    0.00  19.27  11.04  42.13  56.05  56.00  20.00  43.05  56.00  58.00  43.05   0.00
14:56:58  97.7   0.0   0.4   2.0   0.0   28   1493   6297    2    0    2  85.96    0.01  23.34  14.84  47.78  58.05  58.00  20.00  43.05  58.00  58.00  43.05   0.00
14:56:59  98.8   0.0   0.4   0.8   0.0   28   1690   6329    1    1    1  88.89    0.00  24.19  15.60  49.10  58.05  58.00  20.00  43.05  58.00  58.00  43.05   0.00
14:57:00  99.7   0.0   0.3   0.0   0.0   28   1255   6312    0    0    0  89.56    0.01  24.35  15.75  49.45  58.05  58.00  20.00  43.05  58.00  58.00  43.05   0.00
14:57:01  99.0   0.0   0.4   0.6   0.0   28   1814   6477    1    1    1  89.38    0.01  24.34  15.70  49.34  58.05  58.00  20.00  43.05  58.00  58.00  43.05   0.00
14:57:02  99.7   0.0   0.2   0.0   0.0   28   1142   6408    0    0    0  90.41    0.00  24.66  16.01  49.74  58.05  58.00  20.00  43.05  58.00  58.00  43.05   0.00
14:57:03  98.8   0.0   0.2   1.0   0.0   28   2431   6524    0    0    0  89.03    0.00  24.22  15.57  49.24  58.05  58.00  20.00  43.05  58.00  58.00  43.05   0.00
14:57:04  99.6   0.0   0.3   0.0   0.0   27   1403   6356    0    0    0  88.69    0.00  24.16  15.58  48.96  58.05  58.00  20.00  43.05  58.00  58.00  43.05   0.00
14:57:05  98.0   0.0   1.0   1.1   0.0   29   2108   6396    0    0    0  88.23    0.01  23.91  15.31  49.01  58.05  58.00  20.00  43.05  58.00  58.00  43.05   0.00
14:57:06  99.7   0.0   0.3   0.0   0.0   28   1138   6608    0    0    0  88.59    0.00  24.14  15.56  48.89  58.05  58.00  20.00  43.05  58.00  58.00  43.05   0.00
14:57:07  99.0   0.0   0.2   0.8   0.0   28   1439   6349    0    0    0  89.08    0.00  24.24  15.61  49.23  58.05  58.00  20.00  43.05  58.00  58.00  43.05   0.00
14:57:08  97.5   0.0   1.2   1.3   0.0   28   1449   6199    0    0    0  88.79    0.00  24.16  15.53  49.10  58.05  58.00  20.00  43.05  58.00  58.00  43.05   0.00
14:57:09  99.7   0.0   0.3   0.0   0.0   28   1083   6370    0    0    0  89.98    0.00  24.43  15.79  49.76  58.05  58.00  20.00  43.05  58.00  58.00  43.05   0.00
14:57:10  98.8   0.0   0.2   1.0   0.0   28   1725   6276    2    0    1  89.33    0.00  24.30  15.63  49.40  58.05  58.00  20.00  44.05  58.00  58.00  43.05   0.00
14:57:11  99.8   0.0   0.2   0.0   0.0   28   1290   6342    0    0    0  90.25    0.00  24.51  15.89  49.85  58.05  58.00  20.00  44.05  58.00  59.00  43.05   0.00
14:57:12  96.7   0.0   1.7   1.5   0.0   28   3609   6347    1    1    1  88.93    0.01  24.20  15.58  49.15  58.05  58.00  20.00  44.05  58.00  59.00  44.05   0.00
14:57:13  99.6   0.0   0.4   0.0   0.0   28   1883   6443    1    1    1  89.74    0.00  24.35  15.74  49.65  58.05  58.00  20.00  44.05  58.00  59.00  44.05   0.00
14:57:14  98.4   0.0   0.4   1.2   0.0   28   1813   6348    0    0    0  89.20    0.00  24.31  15.73  49.15  58.05  58.00  20.00  44.05  58.00  59.00  44.05   0.00
14:57:15  99.6   0.0   0.4   0.0   0.0   28   1267   6325    0    0    1  90.68    0.00  24.70  16.13  49.86  58.05  58.00  20.00  44.05  58.00  59.00  44.05   0.00
14:57:16  96.5   0.0   1.7   1.8   0.0   28   1526   6200    0    0    0  89.10    0.00  24.29  15.73  49.08  58.05  58.00  20.00  44.05  58.00  59.00  44.05   0.00
14:57:17  99.6   0.0   0.4   0.0   0.0   28   1271   6423    0    0    0  89.69    0.00  24.49  15.94  49.27  58.05  58.00  20.00  44.05  58.00  59.00  44.05   0.00
14:57:18  97.7   0.0   0.7   1.6   0.0   28   1541   6465    0    0    1  89.08    0.00  24.26  15.66  49.16  58.05  58.00  20.00  44.05  58.00  59.00  44.05   0.00
14:57:19  99.7   0.0   0.3   0.0   0.0   28   1050   6232    0    0    0  89.97    0.00  24.54  15.93  49.51  58.05  58.00  20.00  44.05  58.00  59.00  44.05   0.00
14:57:20  95.8   0.0   1.9   2.3   0.0   28   1294   6164    0    0    0  88.79    0.00  24.04  15.40  49.36  58.05  58.00  20.00  44.05  58.00  59.00  44.05   0.00
14:57:21  99.6   0.0   0.3   0.0   0.0   28    966   6235    0    0    0  90.79    0.00  24.85  16.31  49.64  58.05  58.00  20.00  44.05  58.00  59.00  44.05   0.00
14:57:22  97.8   0.0   0.4   1.8   0.0   28   2171   6427    1    1    1  85.35    0.00  23.13  14.64  47.58  58.05  58.00  20.00  44.05  58.00  59.00  44.05   0.00
14:57:23  99.7   0.0   0.3   0.0   0.0   28   3414   6699    1    1    1  78.98    0.01  21.22  13.01  44.74  58.05  58.00  20.00  44.05  58.00  59.00  44.05   0.00
14:57:24  99.7   0.0   0.2   0.0   0.0   27   4051   6677    1    1    2  81.46    0.01  21.94  13.64  45.87  58.05  58.00  20.00  44.05  58.00  59.00  44.05   0.00
14:57:25  96.8   0.0   1.0   2.2   0.0   29   3918   6286    2    2    2  89.62    0.01  24.42  15.78  49.41  58.05  58.00  20.00  44.05  58.00  58.00  44.05   0.00
14:57:26  99.7   0.0   0.3   0.0   0.0   28   1534   6442    1    1    1  90.40    0.01  24.66  16.00  49.72  58.05  58.00  20.00  44.05  58.00  58.00  44.05   0.00
14:57:27  97.7   0.0   0.4   1.9   0.0   28   1505   6196    0    0    0  90.53    0.00  24.56  15.86  50.10  58.05  58.00  20.00  44.05  58.00  58.00  44.05   0.00
14:57:28  99.7   0.0   0.2   0.1   0.0   28    982   6258    0    0    0  90.97    0.00  24.74  16.09  50.15  58.05  58.00  20.00  44.05  58.00  59.00  44.05   0.00
14:57:29  94.2   0.0   2.9   2.9   0.0   28   1393   6116    0    0    0  89.07    0.00  24.23  15.61  49.22  58.05  58.00  20.00  44.05  58.00  59.00  44.05   0.00
14:57:30  99.5   0.0   0.5   0.0   0.0   28   1039   6275    0    0    0  92.45    0.00  25.35  16.78  50.31  58.05  58.00  20.00  44.05  58.00  59.00  44.05   0.00
14:57:31  94.3   0.0   0.6   5.0   0.0   28  35775   9571    0    0    0  85.72    0.00  23.17  15.05  47.50  58.05  58.00  20.00  44.05  58.00  60.00  44.05   0.00
14:57:32  99.7   0.0   0.2   0.0   0.0   28   1132   6265    0    0    0  90.68    0.00  24.79  16.20  49.68  58.05  58.00  20.00  44.05  58.00  60.00  44.05   0.00
14:57:33  91.8   0.0   3.4   4.8   0.0   28  11703   7218    0    0    0  86.68    0.00  23.41  14.89  48.38  59.05  59.00  20.00  44.05  59.00  59.00  44.05   0.00
14:57:34  99.6   0.0   0.4   0.0   0.0   29   1124   6302    0    0    0  90.72    0.00  24.80  16.22  49.70  59.05  59.00  20.00  44.05  59.00  59.00  44.05   0.00
14:57:35  95.5   0.0   0.5   4.0   0.0   28  12404   7327    0    0    0  90.18    0.00  24.61  16.03  49.54  59.05  59.00  20.00  44.05  59.00  60.00  44.05   0.00
14:57:36  99.6   0.0   0.3   0.0   0.0   28   1076   6386    0    0    0  91.53    0.00  25.05  16.47  50.01  58.05  58.00  20.00  44.05  58.00  60.00  44.05   0.00
14:57:37  90.8   0.0   3.5   5.7   0.0   28  32355   9311    0    0    0  87.39    0.00  23.65  15.18  48.57  59.05  59.00  20.00  44.05  59.00  60.00  44.05   0.00
14:57:38  99.8   0.0   0.2   0.0   0.0   28    903   6374    0    0    0  92.68    0.00  25.39  17.13  50.16  60.05  60.00  20.00  44.05  60.00  60.00  44.05   0.00
14:57:39  99.6   0.0   0.2   0.1   0.0   28    926   6583    0    0    0  92.28    0.00  25.17  16.54  50.58  59.05  59.00  20.00  44.05  59.00  60.00  44.05   0.00
14:57:40  94.6   0.0   1.0   4.4   0.0   28  19971   8179    1    0    0  89.31    0.00  24.20  15.62  49.47  59.05  59.00  20.00  44.05  59.00  60.00  44.05   0.00
14:57:41  99.6   0.0   0.4   0.0   0.0   28   2482   6530    2    2    2  92.68    0.01  25.39  16.75  50.53  59.05  59.00  20.00  44.05  59.00  60.00  44.05   0.00
14:57:42  92.2   0.0   2.9   4.8   0.0   28  14145   7619    2    2    2  89.20    0.01  24.27  15.66  49.25  60.05  60.00  20.00  44.05  60.00  60.00  45.05   0.00
14:57:43  99.7   0.0   0.3   0.0   0.0   27   1657   6510    1    1    2  93.42    0.01  25.57  16.93  50.91  60.05  60.00  20.00  44.05  60.00  60.00  45.05   0.00
14:57:44  95.0   0.0   0.9   4.2   0.0   28   4458   6451    1    1    1  90.37    0.01  24.60  15.99  49.78  59.05  59.00  20.00  44.05  59.00  60.00  45.05   0.00
14:57:45  82.7   0.0   3.1  14.2   0.0   19   1740  24273    1    1    1  80.17    0.01  21.36  12.94  45.86  59.05  59.00  20.00  44.05  59.00  60.00  45.05   0.00
14:57:46  60.6   0.0   1.0  38.4   0.0    2   1959  45683    0    0    0  73.69    0.00  19.78  11.67  42.24  58.05  58.00  20.00  44.05  58.00  60.00  45.05   0.00
14:57:47  98.5   0.0   0.4   1.1   0.0   28   1053   6247    0    0    0  93.01    0.00  25.56  17.00  50.45  59.05  59.00  20.00  44.05  59.00  60.00  45.05   0.00
14:57:48  99.5   0.0   0.4   0.1   0.0   28   1049   6290    0    0    0  91.26    0.00  24.99  16.46  49.81  60.05  60.00  20.00  44.05  60.00  59.00  45.05   0.00
14:57:49  98.4   0.0   0.9   0.8   0.0   28   1466   6241    0    0    1  93.37    0.00  25.63  17.05  50.69  60.05  60.00  20.00  44.05  60.00  60.00  45.05   0.00
14:57:50  99.6   0.0   0.3   0.1   0.0   28   1077   6291    0    0    0  94.24    0.00  25.80  17.18  51.26  60.05  60.00  20.00  45.05  60.00  60.00  45.05   0.00
14:57:51  98.7   0.0   0.4   0.8   0.0   28   1320   6245    0    0    0  92.57    0.00  25.23  16.56  50.78  60.05  60.00  20.00  45.05  60.00  60.00  45.05   0.00
14:57:52  99.7   0.0   0.2   0.0   0.0   29    981   6237    0    0    0  94.06    0.00  25.86  17.27  50.93  60.05  60.00  20.00  45.05  60.00  60.00  45.05   0.00
14:57:53  99.8   0.0   0.1   0.0   0.0   28   1041   6246    0    0    0  93.22    0.00  25.57  16.96  50.69  60.05  60.00  20.00  45.05  60.00  60.00  45.05   0.00
14:57:54  98.6   0.0   0.3   1.1   0.0   28   1650   6473    0    0    0  92.82    0.00  25.34  16.73  50.75  60.05  60.00  20.00  45.05  60.00  60.00  45.05   0.00
14:57:55  99.8   0.0   0.2   0.0   0.0   28   1026   6239    0    0    1  93.94    0.00  25.81  17.19  50.94  60.05  60.00  20.00  45.05  60.00  60.00  45.05   0.00
14:57:56  98.5   0.0   0.2   1.3   0.0   28   1346   6225    0    0    0  93.16    0.00  25.46  16.84  50.85  60.05  60.00  20.00  45.05  60.00  60.00  45.05   0.00
14:57:57  99.7   0.0   0.2   0.0   0.0   28    947   6309    0    0    0  95.37    0.00  26.29  17.70  51.38  60.05  60.00  20.00  45.05  60.00  60.00  45.05   0.00
14:57:58  98.5   0.0   0.3   1.2   0.0   27   1390   6352    0    0    0  95.08    0.00  26.17  17.55  51.36  60.05  60.00  20.00  45.05  60.00  60.00  45.05   0.00
14:57:59  99.8   0.0   0.2   0.0   0.0   28    923   6213    0    0    0  96.80    0.00  26.55  17.95  52.30  60.05  60.00  20.00  45.05  60.00  61.00  45.05   0.00
14:58:00  50.6   0.0   0.2  49.1   0.1    2   2656   4507    0    0    0  67.16    0.00  18.18  10.11  38.87  58.05  58.00  20.00  45.05  58.00  61.00  45.05   0.00
14:58:01   6.7   0.0   0.1  93.2   0.0    3   2083   1950    3    0    4  41.54    0.00  10.90   3.48  27.16  59.05  59.00  20.00  45.05  59.00  59.00  45.05   0.00
14:58:02   9.1   0.0   0.2  90.7   0.0    3    546   1448    2    0    3  43.27    0.00  11.52   4.07  27.68  58.05  58.00  20.00  45.05  58.00  59.00  45.05   0.00
14:58:03   8.8   0.0   0.2  91.1   0.0    5    582   1310    3    0    0  43.36    0.00  11.56   4.12  27.69  59.05  59.00  20.00  45.05  59.00  59.00  45.05   0.00
14:58:04  10.4   0.0   0.2  89.4   0.0    4   1217   1300    0    0    1  43.67    0.00  11.60   4.12  27.95  58.05  58.00  20.00  45.05  58.00  59.00  45.05   0.00
14:58:05  10.3   0.0   0.1  89.6   0.0    2   1196   1454    1    0    1  44.67    0.00  11.89   4.43  28.35  58.05  58.00  20.00  45.05  58.00  59.00  45.05   0.00
14:58:06   4.8   0.0   0.0  95.2   0.0    2    509    797    0    0    2  39.20    0.00  10.05   2.66  26.49  58.05  58.00  20.00  45.05  58.00  59.00  45.05   0.00
14:58:07   4.4   0.0   0.0  95.5   0.0    2    382    644    0    0    1  38.47    0.00   9.91   2.53  26.03  57.05  57.00  20.00  45.05  57.00  59.00  45.05   0.00
14:58:08   4.7   0.0   0.1  95.2   0.0    3    298    723    0    0    0  38.15    0.00   9.81   2.45  25.90  58.05  58.00  20.00  45.05  58.00  59.00  45.05   0.00
14:58:09   6.3   0.0   0.0  93.6   0.1    2    322    814    0    0    0  41.08    0.00  10.68   3.28  27.12  58.05  58.00  20.00  45.05  58.00  58.00  45.05   0.00
14:58:10   4.2   0.0   0.0  95.7   0.0    2    300    620    0    0    0  37.57    0.00   9.61   2.27  25.69  58.05  58.00  20.00  45.05  58.00  58.00  45.05   0.00
14:58:11   4.3   0.0   0.0  95.7   0.0    2    320    640    0    0    1  36.79    0.00   9.38   2.01  25.40  57.05  57.00  20.00  45.05  57.00  58.00  45.05   0.00
14:58:12   4.2   0.0   0.0  95.8   0.0    2    250    613    0    0    0  38.64    0.00   9.99   2.63  26.02  58.05  58.00  20.00  45.05  58.00  58.00  45.05   0.00
14:58:13   5.8   0.0   0.2  94.0   0.0    2    324    832    0    0    0  40.49    0.00  10.48   3.12  26.88  57.05  57.00  20.00  45.05  57.00  58.00  45.05   0.00
14:58:14   4.2   0.0   0.0  95.8   0.0    2    319    682    0    0    0  37.60    0.00   9.62   2.27  25.71  57.05  57.00  20.00  45.05  57.00  58.00  45.05   0.00
14:58:15   4.3   0.0   0.0  95.6   0.0    2    346    698    0    0    0  38.56    0.00   9.86   2.50  26.20  57.05  57.00  20.00  45.05  57.00  58.00  45.05   0.00
14:58:16   4.2   0.0   0.0  95.8   0.0    2    265    617    0    0    0  37.86    0.00   9.64   2.32  25.89  58.05  58.00  20.00  45.05  58.00  58.00  45.05   0.00
14:58:17  13.6   0.0   0.3  86.2   0.0    4   2114   1943    4    0    1  47.14    0.00  12.65   5.13  29.36  58.05  58.00  20.00  45.05  58.00  58.00  45.05   0.00
14:58:18   9.9   0.0   0.1  90.0   0.0    2    998   1353    1    0    0  42.28    0.00  11.17   3.71  27.40  58.05  58.00  20.00  45.05  57.00  58.00  45.05   0.00
14:58:19   4.5   0.0   0.0  95.4   0.0    2    958    812    2    2    2  37.66    0.01   9.65   2.29  25.72  58.05  58.00  20.00  45.05  58.00  58.00  45.05   0.00
14:58:20   7.2   0.0   0.3  92.5   0.0    2   1547   1267    3    3    6  40.86    0.01  10.67   3.24  26.95  57.05  57.00  20.00  45.05  57.00  58.00  45.05   0.00
14:58:21   4.7   0.0   0.1  95.2   0.0    2   1365    973    3    3    3  36.62    0.01   9.27   1.84  25.50  57.05  57.00  20.00  45.05  57.00  58.00  45.05   0.00
14:58:22   6.3   0.0   0.0  93.7   0.0    2    734    883    1    1    4  35.96    0.00   9.18   1.76  25.01  58.05  57.00  20.00  45.05  57.00  58.00  45.05   0.00
14:58:23  10.7   0.0   0.2  89.1   0.0   19    535   1236    1    0    1  38.81    0.00   9.97   2.37  26.47  58.05  58.00  20.00  45.05  58.00  58.00  45.05   0.00
14:58:24  67.8   0.0   4.8  27.4   0.0   19  16041  72151    0    0    1  69.77    0.00  17.96   9.52  42.30  58.05  58.00  20.00  45.05  58.00  58.00  45.05   0.00
14:58:25  66.8   0.0   0.3  32.9   0.0   19   3424  83978    0    0    0  69.11    0.00  18.22  10.59  40.30  58.05  58.00  20.00  45.05  58.00  58.00  45.05   0.00
14:58:26  75.1   0.0   0.0  24.9   0.0   19    348   4886    0    0    0  77.15    0.00  20.63  12.64  43.88  58.05  58.00  20.00  45.05  58.00  58.00  45.05   0.00
14:58:27  60.4   0.0   0.0  39.5   0.0    4    528   4116    0    0    0  69.65    0.00  18.59  10.76  40.30  57.05  57.00  20.00  45.05  57.00  58.00  45.05   0.00
14:58:28   8.8   0.0   0.1  91.1   0.0    3    443   1042    0    0    1  38.71    0.00  10.07   2.84  25.80  57.05  57.00  20.00  45.05  57.00  58.00  45.05   0.00
14:58:29   7.6   0.0   0.2  92.2   0.0    3    425    960    0    0    1  38.54    0.00   9.98   2.53  26.04  58.05  58.00  20.00  45.05  58.00  58.00  45.05   0.00
14:58:30   7.3   0.0   0.1  92.6   0.0    5    733   1183    3    0    0  36.05    0.00   9.18   1.59  25.28  58.05  58.00  20.00  45.05  58.00  58.00  45.05   0.00
14:58:31  15.2   0.0   0.1  84.7   0.0    3   2300   1631    1    0    0  40.76    0.00  10.59   3.00  27.17  57.05  57.00  20.00  45.05  57.00  58.00  45.05   0.00
14:58:32  13.8   0.0   0.1  86.1   0.0    5   2171   1498    0    0    0  39.89    0.00  10.41   2.86  26.61  56.05  56.00  20.00  45.05  56.00  58.00  45.05   0.00
14:58:33  12.2   0.0   0.0  87.8   0.0    4    922   1285    0    0    1  40.21    0.00  10.54   3.05  26.63  56.05  56.00  20.00  45.05  56.00  58.00  45.05   0.00
14:58:34   8.2   0.0   0.1  91.7   0.0    3    633   1111    1    0    1  39.46    0.00  10.19   2.77  26.51  58.05  58.00  20.00  45.05  58.00  58.00  45.05   0.00
14:58:35   6.5   0.0   0.0  93.5   0.0    3    591    806    0    0    2  38.80    0.00  10.04   2.73  26.03  57.05  56.00  20.00  45.05  56.00  58.00  45.05   0.00
14:58:36   5.2   0.0   0.0  94.8   0.0    3    325    676    0    0    1  38.30    0.00   9.85   2.52  25.93  57.05  57.00  20.00  45.05  57.00  57.00  45.05   0.00
14:58:37   4.6   0.0   0.0  95.3   0.1    2    341    692    0    0    0  38.40    0.00   9.78   2.49  26.13  57.05  57.00  20.00  45.05  57.00  57.00  45.05   0.00
14:58:38   4.3   0.0   0.1  95.6   0.0    2    306    715    0    0    0  37.67    0.00   9.64   2.36  25.67  56.05  56.00  20.00  45.05  57.00  57.00  45.05   0.00
14:58:39  10.5   0.0   0.3  89.3   0.0    5   1065   1580    5    1    1  39.53    0.01  10.27   2.78  26.48  57.05  57.00  20.00  45.05  57.00  57.00  45.05   0.00
14:58:40  10.6   0.0   0.1  89.3   0.0    2   1125   1251    1    1    1  37.55    0.00   9.57   2.02  25.96  57.05  57.00  20.00  45.05  57.00  57.00  45.05   0.00
14:58:41  12.0   0.0   0.2  87.8   0.0    3   1634   1622    3    2    3  39.62    0.01  10.20   2.64  26.78  57.05  57.00  20.00  45.05  57.00  57.00  45.05   0.00
14:58:42   9.3   0.0   0.1  90.5   0.0    4   1084   1194    2    2    4  38.30    0.00   9.86   2.26  26.17  56.05  56.00  20.00  45.05  56.00  57.00  45.05   0.00
14:58:43   9.3   0.0   0.2  90.5   0.0    2   1542   1452    3    1    4  39.24    0.00  10.17   2.71  26.34  57.05  57.00  20.00  45.05  57.00  57.00  45.05   0.00
14:58:44   4.9   0.0   0.0  95.0   0.0    2   1069    861    0    0    1  38.01    0.00   9.74   2.44  25.83  57.05  57.00  20.00  45.05  57.00  57.00  45.05   0.00
14:58:45   4.6   0.0   0.1  95.2   0.0    2   2316   1140    0    0    1  38.34    0.01   9.73   2.41  26.19  56.05  56.00  20.00  45.05  56.00  57.00  45.05   0.00
14:58:46   4.2   0.0   0.0  95.8   0.0    2    438    676    0    0    0  37.59    0.00   9.59   2.31  25.69  56.05  56.00  20.00  45.05  56.00  57.00  45.05   0.00
14:58:47   4.5   0.0   0.1  95.4   0.0    2   1116    839    0    0    0  38.20    0.00   9.72   2.44  26.04  57.05  57.00  20.00  45.05  57.00  57.00  45.05   0.00
14:58:48   4.6   0.0   0.1  95.3   0.0    2   1926    934    0    0    0  37.49    0.01   9.53   2.22  25.73  56.05  56.00  20.00  45.05  56.00  57.00  45.05   0.00
14:58:49   5.1   0.0   0.3  94.7   0.0    2   2256   1180    0    0    0  37.84    0.01   9.67   2.36  25.80  56.05  56.00  20.00  45.05  56.00  57.00  45.05   0.00
14:58:50  12.2   0.0   0.5  87.3   0.0    5   2760   1987    4    0    0  40.77    0.01  10.65   3.08  27.02  56.05  56.00  20.00  45.05  56.00  57.00  45.05   0.00
14:58:51  12.6   0.0   0.3  87.0   0.0    5   2909   1760    1    0    1  39.90    0.01  10.37   2.78  26.75  57.05  57.00  20.00  45.05  57.00  57.00  45.05   0.00
14:58:52  14.7   0.0   0.2  85.1   0.0    5   1930   1644    1    0    0  41.63    0.01  10.95   3.39  27.28  57.05  57.00  20.00  45.05  57.00  57.00  45.05   0.00
14:58:53   8.0   0.0   2.8  89.1   0.1    2   1196   1657    4    4    0  41.83    0.00  10.71   3.13  27.98  57.05  57.00  20.00  45.05  57.00  57.00  44.05   0.00
14:58:54   3.6   0.0   0.9  95.4   0.1    1   1692   2393   15   12   58  37.11    0.00   9.14   2.27  25.70  56.05  56.00  20.00  45.05  56.00  57.00  44.05   0.00
-------- ----- ----- ----- ----- ----- ---- ------ ------ ---- ---- ---- ------  ------ ------ ------ ------ ------ ------ ------ ------ ------ ------ ------ ------
 Average  56.1   0.0   4.3  39.6   0.0 16.4 60134.5 20290.4  2.0  0.4  1.8  65.19    0.00  17.20   9.40  38.59  54.98  54.92  20.00  42.13  54.92  55.53  41.69   0.00
 GeoMean   0.0   0.0   0.0   0.0   0.0 11.6 6618.3 6708.8  0.0  0.0  0.0  62.00    0.00  16.21   7.51  37.49  54.90  54.84  20.00  42.08  54.83  55.44  41.62   0.00
  StdDev  37.0   0.0   9.7  36.4   0.0 10.3 135180.9 35611.7  6.5  3.0  6.5  19.57    0.00   5.62   5.10   8.90   3.04   3.04   0.00   2.05   3.04   2.98   2.40   0.00
-------- ----- ----- ----- ----- ----- ---- ------ ------ ---- ---- ---- ------  ------ ------ ------ ------ ------ ------ ------ ------ ------ ------ ------ ------
 Minimum   0.0   0.0   0.0   0.0   0.0  1.0  250.0  177.0  0.0  0.0  0.0  22.68    0.00   5.11   0.06  17.50  47.05  47.00  20.00  39.05  47.00  48.00  38.05   0.00
 Maximum  99.8   0.0  40.7 100.0   0.5 37.0 474879.0 128599.0 66.0 45.0 58.0  96.80    0.01  26.55  17.95  52.30  60.05  60.00  20.00  45.05  60.00  61.00  45.05   0.00
-------- ----- ----- ----- ----- ----- ---- ------ ------ ---- ---- ---- ------  ------ ------ ------ ------ ------ ------ ------ ------ ------ ------ ------ ------
Summary:
CPU:  65.19 Watts on average with standard deviation 19.57 
Note: power read from RAPL domains: uncore, pkg-0, core, psys.
These readings do not cover all the hardware in this device.

Histogram (of 350 power measurements)

 Range (Watts)  Count
22.676 - 30.087     3 #
30.088 - 37.500    15 #########
37.501 - 44.912    62 ########################################
44.913 - 52.324    35 ######################
52.325 - 59.737    38 ########################
59.738 - 67.149    17 ##########
67.150 - 74.561    34 #####################
74.562 - 81.974    57 ####################################
81.975 - 89.386    50 ################################
89.387 - 96.798    39 #########################

Histogram (of 350 CPU utilization measurements)

  Range (%CPU)    Count
  0.042 -  10.037    48 ###############
 10.038 -  20.032    54 #################
 20.033 -  30.028     8 ##
 30.029 -  40.024     6 #
 40.025 -  50.020     6 #
 50.021 -  60.016     8 ##
 60.017 -  70.012    49 ################
 70.013 -  80.007    41 #############
 80.008 -  90.003     9 ##
 90.004 -  99.999   121 ########################################

Histogram (of 350 thermal zone TCPU readings)

 Range (C)    Count
47.050 - 48.349     5 ###
48.350 - 49.649    29 #################
49.650 - 50.949     7 ####
50.950 - 52.249    24 ##############
52.250 - 53.549    38 #######################
53.550 - 54.849    64 #######################################
54.850 - 56.149    61 #####################################
56.150 - 57.449    30 ##################
57.450 - 58.749    65 ########################################
58.750 - 60.049    27 ################

Histogram (of 350 thermal zone x86_pkg_temp readings)

 Range (C)    Count
47.000 - 48.299     5 ###
48.300 - 49.599    29 ##################
49.600 - 50.899     7 ####
50.900 - 52.199    24 ###############
52.200 - 53.499    39 ########################
53.500 - 54.799    63 #######################################
54.800 - 56.099    62 ######################################
56.100 - 57.399    30 ##################
57.400 - 58.699    64 ########################################
58.700 - 59.999    27 ################

Range is zero, cannot produce histogram of thermal zone INT3400 Thermal

Histogram (of 350 thermal zone SEN3 readings)

 Range (C)    Count
39.050 - 39.649    62 ############################
39.650 - 40.249    25 ###########
40.250 - 40.849     0 
40.850 - 41.449    41 ###################
41.450 - 42.049    86 ########################################
42.050 - 42.649     0 
42.650 - 43.249    31 ##############
43.250 - 43.849     0 
43.850 - 44.449    40 ##################
44.450 - 45.049    65 ##############################

Histogram (of 350 thermal zone TCPU_PCI readings)

 Range (C)    Count
47.000 - 48.299     5 ###
48.300 - 49.599    29 ##################
49.600 - 50.899     7 ####
50.900 - 52.199    23 ##############
52.200 - 53.499    41 ##########################
53.500 - 54.799    63 ########################################
54.800 - 56.099    60 ######################################
56.100 - 57.399    32 ####################
57.400 - 58.699    63 ########################################
58.700 - 59.999    27 #################

Histogram (of 350 thermal zone iwlwifi_1 readings)

 Range (C)    Count
48.000 - 49.299     9 ####
49.300 - 50.599    27 ##############
50.600 - 51.899     7 ###
51.900 - 53.199    34 #################
53.200 - 54.499    45 #######################
54.500 - 55.799    46 ########################
55.800 - 57.099    76 ########################################
57.100 - 58.399    51 ##########################
58.400 - 59.699    28 ##############
59.700 - 60.999    27 ##############

Histogram (of 350 thermal zone acpitz readings)

 Range (C)    Count
38.050 - 38.749    54 ##############################
38.750 - 39.449    20 ###########
39.450 - 40.149    41 #######################
40.150 - 40.849     0 
40.850 - 41.549    66 #####################################
41.550 - 42.249    45 #########################
42.250 - 42.949     0 
42.950 - 43.649    21 ###########
43.650 - 44.349    32 ##################
44.350 - 45.049    71 ########################################

Range is zero, cannot produce histogram of thermal zone SEN2
