Running for 86400.0 seconds (86400 samples at 1.0 second intervals).
Power measurements will start in 0 seconds time.

  Time    User  Nice   Sys  Idle    IO  Run Ctxt/s  IRQ/s Fork Exec Exit  Watts  uncore  pkg-0   core   psys   TCPU x86_pk INT340   SEN3 TCPU_P iwlwif acpitz   SEN2
16:18:13   0.0   0.0   0.0 100.0   0.0    1    416    387    0    0    0   8.58    0.00   2.24   0.24   6.10  60.05  60.00  20.00  47.05  60.00  66.00  49.05   0.00
16:18:14   0.0   0.0   0.1  99.9   0.0    1    370    208    0    0    0   9.59    0.00   2.47   0.13   6.99  60.05  60.00  20.00  47.05  60.00  66.00  49.05   0.00
16:18:15   0.0   0.0   0.2  99.8   0.0    2    523    276    8    6    8   8.13    0.00   2.11   0.21   5.81  58.05  58.00  20.00  47.05  58.00  61.00  49.05   0.00
16:18:16  12.9   0.0   0.9  86.2   0.0    8  36385   5042   40    0    0  72.27    0.00  20.22  14.39  37.65  68.05  68.00  20.00  47.05  68.00  61.00  49.05   0.00
16:18:17  16.5   0.0   0.6  82.9   0.0    4  33707   4414    4    0    0  78.76    0.00  22.27  16.23  40.26  68.05  68.00  20.00  47.05  68.00  61.00  49.05   0.00
16:18:18  18.7   0.0   0.6  80.6   0.0    4  26203   4673   29    4   28  83.09    0.00  23.36  16.97  42.76  72.05  72.00  20.00  47.05  72.00  68.00  49.05   0.00
16:18:19  17.7   0.0   1.5  80.7   0.1    7  62622  11212   94    5   41  95.44    0.00  27.38  20.99  47.06  74.05  74.00  20.00  47.05  74.00  71.00  49.05   0.00
16:18:20  20.8   0.0   1.3  78.0   0.0    5  76972  16057   32   37   33  91.61    0.00  26.30  19.97  45.34  68.05  68.00  20.00  47.05  70.00  71.00  49.05   0.00
16:18:21  17.0   0.0   0.8  82.2   0.0    6  44414   6846   38   37   30  99.26    0.00  28.64  21.93  48.70  81.05  81.00  20.00  47.05  81.00  77.00  49.05   0.00
16:18:22  74.3   0.0   2.4  23.2   0.0   19  63379  16419   18    0    0 108.20    0.00  31.34  24.63  52.22  62.05  62.00  20.00  47.05  62.00  77.00  49.05   0.00
16:18:23  67.9   0.0   0.7  31.4   0.0   14  27679   7813    0    0    0 107.35    0.00  30.74  23.83  52.78  69.05  69.00  20.00  47.05  69.00  68.00  49.05   0.00
16:18:24  74.4   0.0   0.9  24.6   0.0   20  20132   7435    0    0    2 105.38    0.00  30.25  23.39  51.74  69.05  69.00  20.00  47.05  69.00  68.00  49.05   0.00
16:18:25  75.1   0.0   0.6  24.2   0.0   17  26737   8121    0    0    2 103.64    0.00  30.04  23.17  50.43  67.05  67.00  20.00  47.05  67.00  68.00  49.05   0.00
16:18:26  57.0   0.0   0.8  42.2   0.0    6  24076   6860    0    0    0  98.35    0.00  28.41  21.58  48.36  78.05  78.00  20.00  47.05  78.00  68.00  49.05   0.00
16:18:27  36.1   0.0   0.3  63.6   0.0    5  20224   5481    1    0    5 105.41    0.00  30.73  24.42  50.26  78.05  78.00  20.00  47.05  78.00  68.00  49.05   0.00
16:18:28  54.8   0.0   0.8  44.4   0.0   22  21171   6889   13    0    0 107.10    0.00  31.31  24.67  51.12  68.05  68.00  20.00  47.05  68.00  68.00  49.05   0.00
16:18:29  65.0   0.0   0.4  34.6   0.0   28  14228   6769   24    0    3  99.04    0.00  28.92  22.55  47.57  69.05  69.00  20.00  47.05  69.00  74.00  49.05   0.00
16:18:30  98.0   0.0   0.4   1.6   0.0   28   5718   7542    0    0    0 104.51    0.00  30.71  24.25  49.54  69.05  69.00  20.00  47.05  69.00  71.00  49.05   0.00
16:18:31  81.9   0.0   0.7  17.4   0.0    5   6270   6392    0    0    0  95.99    0.00  28.12  21.75  46.12  68.05  68.00  20.00  48.05  68.00  71.00  49.05   0.00
16:18:32  68.6   0.0   1.0  30.4   0.0   21  37920  43458    1    0    1 107.89    0.00  31.64  24.95  51.29  69.05  69.00  20.00  48.05  69.00  69.00  49.05   0.00
16:18:33  93.9   0.0   0.6   5.5   0.0   26  13479   7461    0    0    0 103.12    0.00  30.11  23.48  49.53  67.05  67.00  20.00  48.05  67.00  69.00  49.05   0.00
16:18:34  89.8   0.0   0.8   9.4   0.0    2  16086   7805    0    0    0  97.96    0.00  28.41  21.61  47.95  64.05  64.00  20.00  48.05  64.00  68.00  49.05   0.00
16:18:35  93.9   0.0   0.6   5.5   0.0   19  11867   8223    0    0    0 106.37    0.00  31.19  24.44  50.74  66.05  66.00  20.00  48.05  66.00  68.00  49.05   0.00
16:18:36  96.5   0.0   0.8   2.7   0.0   30  10441   8119    0    0    0 101.56    0.00  29.65  22.94  48.98  69.05  69.00  20.00  48.05  69.00  68.00  49.05   0.00
16:18:37  96.5   0.0   0.7   2.8   0.0   28  10675   7848    0    0    0 101.50    0.00  29.62  22.89  48.99  68.05  68.00  20.00  48.05  68.00  68.00  49.05   0.00
16:18:38  95.7   0.0   0.6   3.7   0.0   27  12182   7766    0    0    0 102.50    0.00  29.78  22.86  49.86  67.05  67.00  20.00  48.05  67.00  68.00  49.05   0.00
16:18:39  96.1   0.0   0.6   3.3   0.0   32  12497   7985    0    0    0 103.68    0.00  30.25  23.42  50.01  68.05  68.00  20.00  48.05  68.00  68.00  49.05   0.00
16:18:40  95.3   0.0   0.5   4.2   0.0   28  11013   7469    0    0    0 103.10    0.00  30.08  23.28  49.75  66.05  66.00  20.00  48.05  67.00  69.00  49.05   0.00
16:18:41  95.4   0.0   0.5   4.0   0.0   27  10613   7333    0    0    0 104.23    0.00  30.43  23.60  50.20  68.05  68.00  20.00  48.05  68.00  69.00  49.05   0.00
16:18:42  94.6   0.0   1.3   4.1   0.0   28  10708   7408    0    0    0 104.17    0.00  30.39  23.54  50.24  68.05  68.00  20.00  48.05  68.00  69.00  49.05   0.00
16:18:43  95.8   0.0   0.8   3.4   0.0   26   8669   7883    0    0    0  97.32    0.00  28.27  21.61  47.44  67.05  67.00  20.00  48.05  67.00  69.00  49.05   0.00
16:18:44  95.7   0.0   0.7   3.5   0.0   18   8472   7377    0    0    0 100.12    0.00  29.16  22.41  48.55  67.05  67.00  20.00  48.05  67.00  68.00  49.05   0.00
16:18:45  86.6   0.0   0.6  12.8   0.0   28  14552  28941    0    0    1 102.81    0.00  30.06  23.28  49.48  69.05  69.00  20.00  48.05  69.00  68.00  49.05   0.00
16:18:46  30.0   0.0   0.5  69.4   0.0    5   9152   3610    0    0    2  72.80    0.00  20.30  14.01  38.49  73.05  73.00  20.00  48.05  73.00  69.00  49.05   0.00
16:18:47  17.6   0.0   0.2  82.3   0.0    5   5514   2065    0    0    1  69.82    0.00  19.17  12.94  37.71  73.05  73.00  20.00  48.05  73.00  69.00  49.05   0.00
16:18:48  15.8   0.0   0.4  83.8   0.0    5  10427   3019    0    0    0  73.22    0.00  20.10  13.90  39.22  73.05  73.00  20.00  48.05  73.00  69.00  49.05   0.00
16:18:49  12.2   0.0   0.5  87.4   0.0    1   8891   3231    7    4   48  62.46    0.00  16.87  10.73  34.86  68.05  68.00  20.00  48.05  68.00  74.00  49.05   0.00
-------- ----- ----- ----- ----- ----- ---- ------ ------ ---- ---- ---- ------  ------ ------ ------ ------ ------ ------ ------ ------ ------ ------ ------ ------
 Average  58.3   0.0   0.7  41.0   0.0 15.1 19848.2 8265.9  8.4  2.5  5.5  89.09    0.00  25.70  19.49  43.89  68.59  68.54  20.00  47.56  68.62  68.70  49.05   0.00
 GeoMean   0.0   0.0   0.0  20.7   0.0  9.9 12398.5 5669.6  0.0  0.0  0.0  78.47    0.00  22.41  14.19  39.89  68.44  68.39  20.00  47.56  68.47  68.62  49.05   0.00
  StdDev  35.8   0.0   0.4  35.9   0.0 10.7 17676.0 7656.8 18.3  8.4 12.5  26.73    0.00   7.97   6.81  12.05   4.61   4.61   0.00   0.50   4.60   3.35   0.00   0.00
-------- ----- ----- ----- ----- ----- ---- ------ ------ ---- ---- ---- ------  ------ ------ ------ ------ ------ ------ ------ ------ ------ ------ ------ ------
 Minimum   0.0   0.0   0.0   1.6   0.0  1.0  370.0  208.0  0.0  0.0  0.0   8.13    0.00   2.11   0.13   5.81  58.05  58.00  20.00  47.05  58.00  61.00  49.05   0.00
 Maximum  98.0   0.0   2.4 100.0   0.1 32.0 76972.0 43458.0 94.0 37.0 48.0 108.20    0.00  31.64  24.95  52.78  81.05  81.00  20.00  48.05  81.00  77.00  49.05   0.00
-------- ----- ----- ----- ----- ----- ---- ------ ------ ---- ---- ---- ------  ------ ------ ------ ------ ------ ------ ------ ------ ------ ------ ------ ------
Summary:
CPU:  89.09 Watts on average with standard deviation 26.73 
Note: power read from RAPL domains: uncore, pkg-0, core, psys.
These readings do not cover all the hardware in this device.

Histogram (of 37 power measurements)

  Range (Watts)   Count
  8.135 -  18.140     3 #####
 18.141 -  28.146     0 
 28.147 -  38.152     0 
 38.153 -  48.158     0 
 48.159 -  58.164     0 
 58.165 -  68.170     1 #
 68.171 -  78.176     4 #######
 78.177 -  88.182     2 ###
 88.183 -  98.188     5 #########
 98.189 - 108.194    22 ########################################

Histogram (of 37 CPU utilization measurements)

 Range (%CPU)   Count
 0.042 -  9.874     3 #########
 9.875 - 19.708     8 ########################
19.709 - 29.541     1 ###
29.542 - 39.374     2 ######
39.375 - 49.208     0 
49.209 - 59.041     2 ######
59.042 - 68.875     2 ######
68.876 - 78.708     4 ############
78.709 - 88.541     2 ######
88.542 - 98.375    13 ########################################

Histogram (of 37 thermal zone TCPU readings)

 Range (°C)    Count
58.050 - 60.349     3 #######
60.350 - 62.649     1 ##
62.650 - 64.949     1 ##
64.950 - 67.249     7 ################
67.250 - 69.549    17 ########################################
69.550 - 71.849     0 
71.850 - 74.149     5 ###########
74.150 - 76.449     0 
76.450 - 78.749     2 ####
78.750 - 81.049     1 ##

Histogram (of 37 thermal zone x86_pkg_temp readings)

 Range (°C)    Count
58.000 - 60.299     3 #######
60.300 - 62.599     1 ##
62.600 - 64.899     1 ##
64.900 - 67.199     7 ################
67.200 - 69.499    17 ########################################
69.500 - 71.799     0 
71.800 - 74.099     5 ###########
74.100 - 76.399     0 
76.400 - 78.699     2 ####
78.700 - 80.999     1 ##

Range is zero, cannot produce histogram of thermal zone INT3400 Thermal

Histogram (of 37 thermal zone SEN3 readings)

 Range (°C)    Count
47.050 - 47.149    18 #####################################
47.150 - 47.249     0 
47.250 - 47.349     0 
47.350 - 47.449     0 
47.450 - 47.549     0 
47.550 - 47.649     0 
47.650 - 47.749     0 
47.750 - 47.849     0 
47.850 - 47.949     0 
47.950 - 48.049    19 ########################################

Histogram (of 37 thermal zone TCPU_PCI readings)

 Range (°C)    Count
58.000 - 60.299     3 #######
60.300 - 62.599     1 ##
62.600 - 64.899     1 ##
64.900 - 67.199     7 #################
67.200 - 69.499    16 ########################################
69.500 - 71.799     1 ##
71.800 - 74.099     5 ############
74.100 - 76.399     0 
76.400 - 78.699     2 #####
78.700 - 80.999     1 ##

Histogram (of 37 thermal zone iwlwifi_1 readings)

 Range (°C)    Count
61.000 - 62.599     3 #####
62.600 - 64.199     0 
64.200 - 65.799     0 
65.800 - 67.399     2 ###
67.400 - 68.999    24 ########################################
69.000 - 70.599     0 
70.600 - 72.199     4 ######
72.200 - 73.799     0 
73.800 - 75.399     2 ###
75.400 - 76.999     2 ###

Range is zero, cannot produce histogram of thermal zone acpitz

Range is zero, cannot produce histogram of thermal zone SEN2
