Running for 86400.0 seconds (86400 samples at 1.0 second intervals).
Power measurements will start in 0 seconds time.

  Time    User  Nice   Sys  Idle    IO  Run Ctxt/s  IRQ/s Fork Exec Exit  Watts  uncore  pkg-0   core   psys   TCPU x86_pk   SEN2 INT340 TCPU_P iwlwif acpitz   SEN3
21:24:41   0.0   0.0   0.0 100.0   0.0    1    206    340    0    0    0   6.86    0.00   1.71   0.17   4.98  54.05  54.00  43.05  20.00  54.00  71.00  42.05   0.00
21:24:42   0.0   0.0   0.0 100.0   0.0    1    276    148    0    0    0   2.57    0.00   0.66   0.08   1.82  53.05  53.00  43.05  20.00  53.00  60.00  42.05   0.00
21:24:43   0.1   0.0   0.1  99.8   0.0    2    253    151    6    5    5   5.15    0.00   1.32   0.12   3.71  52.05  52.00  43.05  20.00  52.00  60.00  42.05   0.00
21:24:44  15.0   0.0   0.7  84.3   0.0    2  40975   5600   46    1    3 100.49    0.00  29.07  23.50  47.92  56.05  56.00  43.05  20.00  56.00  63.00  42.05   0.00
21:24:45  15.8   0.0   0.8  83.5   0.0    6  35265   4206    5    4    4  96.52    0.00  27.76  22.23  46.53  73.05  73.00  42.05  20.00  73.00  63.00  42.05   0.00
21:24:46  15.2   0.0   0.8  84.0   0.1    1  23591   4458   68    4   63  85.46    0.00  24.08  18.00  43.38  56.05  56.00  42.05  20.00  56.00  72.00  42.05   0.00
21:24:47  18.7   0.0   1.1  80.1   0.0   11  59641  14151   48    1    3  89.44    0.00  25.75  20.11  43.59  58.05  58.00  42.05  20.00  58.00  72.00  42.05   0.00
21:24:48  16.5   0.0   1.0  82.6   0.0    6  75143  11759    6    2    9  83.96    0.00  24.12  18.69  41.15  70.05  70.00  42.05  20.00  70.00  60.00  42.05   0.00
21:24:49  10.4   0.0   1.0  88.6   0.0    3  19221   4250   66   88   66  82.10    0.00  22.40  15.87  43.83  68.05  68.00  42.05  20.00  68.00  60.00  42.05   0.00
21:24:50  24.5   0.0   0.6  74.9   0.0   24  40861   5879   32    0    0 118.87    0.00  34.35  28.57  55.95  61.05  61.00  43.05  20.00  61.00  60.00  42.05   0.00
21:24:51  75.0   0.0   1.4  23.6   0.0   21  51512  14142    0    0    2 106.49    0.00  30.56  24.10  51.83  61.05  61.00  43.05  20.00  61.00  72.00  42.05   0.00
21:24:52  68.5   0.0   0.8  30.7   0.0   19  18351   6952    0    0    1 103.53    0.00  29.85  23.51  50.17  58.05  58.00  43.05  20.00  58.00  62.00  42.05   0.00
21:24:53  75.7   0.0   0.7  23.6   0.0   20  17963   7406    0    0    0 102.70    0.00  29.97  23.50  49.23  61.05  61.00  43.05  20.00  61.00  62.00  42.05   0.00
21:24:54  69.0   0.0   0.5  30.4   0.0   19  14923   6628    0    0    0 102.89    0.00  30.06  23.55  49.28  61.05  61.00  43.05  20.00  61.00  60.00  42.05   0.00
21:24:55  48.3   0.0   0.4  51.3   0.0    5  17282   5479    1    0    1 102.52    0.00  29.85  23.78  48.89  61.05  61.00  42.05  20.00  61.00  60.00  42.05   0.00
21:24:56  23.8   0.0   0.3  75.8   0.1    5  15781   3439    0    0    2 100.49    0.00  28.74  22.60  49.15  69.05  69.00  42.05  20.00  69.00  69.00  42.05   0.00
21:24:57  53.6   0.0   0.7  45.7   0.0   28  25146   7055   36    0    1 110.11    0.00  32.36  26.35  51.40  68.05  68.00  42.05  20.00  68.00  69.00  42.05   0.00
21:24:58  87.0   0.0   0.5  12.4   0.0   28   9156  31158    0    0    0 103.46    0.00  30.46  24.46  48.55  61.05  61.00  42.05  20.00  61.00  69.00  42.05   0.00
21:24:59  83.4   0.0   0.5  16.1   0.0   28   7977   6898    0    0    0 102.35    0.00  29.84  23.69  48.83  61.05  61.00  42.05  20.00  61.00  63.00  42.05   0.00
21:25:00  53.8   0.0   0.5  45.7   0.0    7  46543   8142    0    0    0  99.50    0.00  28.91  23.03  47.55  70.05  70.00  42.05  20.00  71.00  63.00  42.05   0.00
21:25:01  91.9   0.0   0.6   7.5   0.0   32  18859   7647    0    0    0 108.17    0.00  31.62  25.14  51.41  61.05  61.00  43.05  20.00  61.00  63.00  42.05   0.00
21:25:02  85.7   0.0   1.0  13.3   0.0   28  23920  10354    3    2    3 101.47    0.00  29.73  23.47  48.27  62.05  62.00  43.05  20.00  62.00  65.00  42.05   0.00
21:25:03  96.7   0.0   0.7   2.6   0.0   28  12707   8344    0    0    0 102.17    0.00  29.88  23.53  48.76  61.05  61.00  43.05  20.00  61.00  62.00  42.05   0.00
21:25:04  96.3   0.0   0.8   2.9   0.0   28  13703   8529    0    0    0 101.70    0.00  29.70  23.35  48.65  61.05  61.00  43.05  20.00  61.00  62.00  42.05   0.00
21:25:05  96.7   0.0   0.5   2.7   0.0   28  12567   8090    0    0    0 101.76    0.00  29.73  23.38  48.65  61.05  61.00  43.05  20.00  61.00  62.00  42.05   0.00
21:25:06  95.8   0.0   0.6   3.5   0.0   28  11573   8069    0    0    0 101.94    0.00  29.78  23.43  48.73  61.05  61.00  43.05  20.00  61.00  62.00  42.05   0.00
21:25:07  96.0   0.0   0.4   3.6   0.0   28  10923   7257    0    0    0 102.24    0.00  29.83  23.41  49.01  62.05  62.00  43.05  20.00  63.00  62.00  42.05   0.00
21:25:08  77.9   0.0   0.5  21.6   0.0   28  14270  28387    0    0    0 100.83    0.00  29.47  23.05  48.31  61.05  61.00  43.05  20.00  61.00  62.00  42.05   0.00
21:25:09  32.3   0.0   0.2  67.5   0.0    5   9257   3821    0    0    0  84.77    0.00  24.18  18.32  42.27  72.05  72.00  43.05  20.00  73.00  62.00  42.05   0.00
21:25:10  14.6   0.0   0.3  85.1   0.0    2   8184   2141    0    0    2  73.91    0.00  20.89  15.27  37.76  57.05  57.00  43.05  20.00  57.00  62.00  42.05   0.00
21:25:11  12.6   0.0   0.2  87.2   0.0    5   5670   1871    1    0    1  63.61    0.00  17.89  12.19  33.53  67.05  67.00  43.05  20.00  67.00  62.00  42.05   0.00
-------- ----- ----- ----- ----- ----- ---- ------ ------ ---- ---- ---- ------  ------ ------ ------ ------ ------ ------ ------ ------ ------ ------ ------ ------
 Average  50.0   0.0   0.6  49.4   0.0 15.4 21345.1 7830.7 10.3  3.5  5.4  88.65    0.00  25.63  20.01  43.00  61.92  61.87  42.70  20.00  61.97  63.74  42.05   0.00
 GeoMean   0.0   0.0   0.0  30.0   0.0  9.4 12396.3 4987.9  0.0  0.0  0.0  71.97    0.00  20.54  13.18  36.27  61.69  61.64  42.69  20.00  61.73  63.63  42.05   0.00
  StdDev  35.1   0.0   0.3  35.1   0.0 11.4 17692.6 6726.3 20.1 15.5 15.7  29.49    0.00   8.68   7.29  13.61   5.33   5.33   0.48   0.00   5.45   3.92   0.00   0.00
-------- ----- ----- ----- ----- ----- ---- ------ ------ ---- ---- ---- ------  ------ ------ ------ ------ ------ ------ ------ ------ ------ ------ ------ ------
 Minimum   0.0   0.0   0.0   2.6   0.0  1.0  206.0  148.0  0.0  0.0  0.0   2.57    0.00   0.66   0.08   1.82  52.05  52.00  42.05  20.00  52.00  60.00  42.05   0.00
 Maximum  96.7   0.0   1.4 100.0   0.1 32.0 75143.0 31158.0 68.0 88.0 66.0 118.87    0.00  34.35  28.57  55.95  73.05  73.00  43.05  20.00  73.00  72.00  42.05   0.00
-------- ----- ----- ----- ----- ----- ---- ------ ------ ---- ---- ---- ------  ------ ------ ------ ------ ------ ------ ------ ------ ------ ------ ------ ------
Summary:
CPU:  88.65 Watts on average with standard deviation 29.49 
Note: power read from RAPL domains: uncore, pkg-0, core, psys.
These readings do not cover all the hardware in this device.

Histogram (of 31 power measurements)

  Range (Watts)   Count
  2.567 -  14.197     3 ######
 14.198 -  25.828     0 
 25.829 -  37.458     0 
 37.459 -  49.089     0 
 49.090 -  60.720     0 
 60.721 -  72.350     1 ##
 72.351 -  83.981     3 ######
 83.982 -  95.612     3 ######
 95.613 - 107.243    18 ########################################
107.244 - 118.873     3 ######

Histogram (of 31 CPU utilization measurements)

 Range (%CPU)   Count
 0.000 -  9.735     3 #################
 9.736 - 19.472     7 ########################################
19.473 - 29.208     3 #################
29.209 - 38.945     1 #####
38.946 - 48.681     1 #####
48.682 - 58.417     2 ###########
58.418 - 68.154     0 
68.155 - 77.890     4 ######################
77.891 - 87.627     4 ######################
87.628 - 97.363     6 ##################################

Histogram (of 31 thermal zone TCPU readings)

 Range (°C)    Count
52.050 - 54.149     3 ########
54.150 - 56.249     2 #####
56.250 - 58.349     3 ########
58.350 - 60.449     0 
60.450 - 62.549    15 ########################################
62.550 - 64.649     0 
64.650 - 66.749     0 
66.750 - 68.849     3 ########
68.850 - 70.949     3 ########
70.950 - 73.049     2 #####

Histogram (of 31 thermal zone x86_pkg_temp readings)

 Range (°C)    Count
52.000 - 54.099     3 ########
54.100 - 56.199     2 #####
56.200 - 58.299     3 ########
58.300 - 60.399     0 
60.400 - 62.499    15 ########################################
62.500 - 64.599     0 
64.600 - 66.699     0 
66.700 - 68.799     3 ########
68.800 - 70.899     3 ########
70.900 - 72.999     2 #####

Histogram (of 31 thermal zone SEN2 readings)

 Range (°C)    Count
42.050 - 42.149    11 ######################
42.150 - 42.249     0 
42.250 - 42.349     0 
42.350 - 42.449     0 
42.450 - 42.549     0 
42.550 - 42.649     0 
42.650 - 42.749     0 
42.750 - 42.849     0 
42.850 - 42.949     0 
42.950 - 43.049    20 ########################################

Range is zero, cannot produce histogram of thermal zone INT3400 Thermal

Histogram (of 31 thermal zone TCPU_PCI readings)

 Range (°C)    Count
52.000 - 54.099     3 ########
54.100 - 56.199     2 #####
56.200 - 58.299     3 ########
58.300 - 60.399     0 
60.400 - 62.499    14 ########################################
62.500 - 64.599     1 ##
64.600 - 66.699     0 
66.700 - 68.799     3 ########
68.800 - 70.899     2 #####
70.900 - 72.999     3 ########

Histogram (of 31 thermal zone iwlwifi_1 readings)

 Range (°C)    Count
60.000 - 61.199     7 #########################
61.200 - 62.399    11 ########################################
62.400 - 63.599     5 ##################
63.600 - 64.799     0 
64.800 - 65.999     1 ###
66.000 - 67.199     0 
67.200 - 68.399     0 
68.400 - 69.599     3 ##########
69.600 - 70.799     0 
70.800 - 71.999     4 ##############

Range is zero, cannot produce histogram of thermal zone acpitz

Range is zero, cannot produce histogram of thermal zone SEN3
