Running for 86400.0 seconds (86400 samples at 1.0 second intervals).
Power measurements will start in 0 seconds time.

  Time    User  Nice   Sys  Idle    IO  Run Ctxt/s  IRQ/s Fork Exec Exit  Watts  uncore  pkg-0   core   psys   TCPU x86_pk INT340   SEN3 TCPU_P iwlwif acpitz   SEN2
15:50:44   0.0   0.0   0.0 100.0   0.0    1    155    267    0    0    0   4.59    0.00   1.20   0.20   3.19  54.05  54.00  20.00  42.05  54.00  69.00  43.05   0.00
15:50:45   0.0   0.0   0.0 100.0   0.0    1    520    130    0    0    0   2.53    0.00   0.69   0.08   1.76  54.05  54.00  20.00  42.05  54.00  59.00  43.05   0.00
15:50:46   0.1   0.0   0.1  99.8   0.0    2    309    163   12    3    3   3.13    0.00   0.88   0.19   2.05  52.05  52.00  20.00  42.05  52.00  59.00  43.05   0.00
15:50:47   4.4   0.0   0.1  95.5   0.0    2   1338    645    5    0    0  38.73    0.00  11.43   6.40  20.89  62.05  62.00  20.00  42.05  62.00  57.00  43.05   0.00
15:50:48   4.2   0.0   0.0  95.8   0.0    2    573    527    0    0    0  37.99    0.00  11.11   5.89  20.98  62.05  62.00  20.00  42.05  62.00  57.00  43.05   0.00
15:50:49   4.2   0.0   0.0  95.8   0.0    2    664    625    0    0    0  38.55    0.00  11.22   6.15  21.19  62.05  62.00  20.00  42.05  62.00  63.00  43.05   0.00
15:50:50   4.1   0.0   0.0  95.9   0.0    2    550    546    0    0    0  39.04    0.00  11.02   5.91  22.10  62.05  62.00  20.00  42.05  62.00  63.00  43.05   0.00
15:50:51   4.2   0.0   0.0  95.7   0.1    2    642    635    2    0    3  39.53    0.00  11.11   5.91  22.51  61.05  61.00  20.00  42.05  61.00  63.00  43.05   0.00
15:50:52   4.2   0.0   0.0  95.8   0.0    2    524    528    0    0    0  39.58    0.00  11.15   5.93  22.51  62.05  62.00  20.00  42.05  62.00  63.00  43.05   0.00
15:50:53   4.2   0.0   0.0  95.8   0.0    2    540    520    0    0    0  37.31    0.00  10.94   5.88  20.49  62.05  62.00  20.00  42.05  62.00  63.00  43.05   0.00
15:50:54   4.1   0.0   0.0  95.9   0.0    2    488    514    0    0    0  37.09    0.00  10.98   5.93  20.18  62.05  62.00  20.00  42.05  62.00  63.00  43.05   0.00
15:50:55   4.2   0.0   0.0  95.7   0.1    2    679    580    0    0    0  40.35    0.00  11.37   5.92  23.06  64.05  64.00  20.00  42.05  64.00  63.00  43.05   0.00
15:50:56   4.1   0.0   0.0  95.9   0.0    2    485    478    0    0    0  39.46    0.00  11.08   5.89  22.49  62.05  62.00  20.00  42.05  62.00  63.00  43.05   0.00
15:50:57   4.2   0.0   0.0  95.8   0.0    2    492    521    0    0    0  37.08    0.00  10.98   5.92  20.18  62.05  62.00  20.00  42.05  62.00  63.00  43.05   0.00
15:50:58   4.1   0.0   0.0  95.8   0.0    2    567    536    0    0    0  37.18    0.00  10.96   5.89  20.34  62.05  62.00  20.00  42.05  62.00  63.00  43.05   0.00
15:50:59   4.2   0.0   0.0  95.8   0.0    2    542    544    0    0    0  38.03    0.00  11.15   5.90  20.98  62.05  62.00  20.00  42.05  62.00  63.00  43.05   0.00
15:51:00   4.1   0.0   0.0  95.8   0.0    2    516    550    0    0    0  38.00    0.00  11.15   5.93  20.91  62.05  62.00  20.00  42.05  62.00  63.00  43.05   0.00
15:51:01   4.2   0.0   0.0  95.8   0.0    2    546    513    0    0    0  37.11    0.00  10.96   5.89  20.26  62.05  62.00  20.00  42.05  62.00  63.00  43.05   0.00
15:51:02   4.2   0.0   0.0  95.8   0.0    2    567    552    0    0    0  37.11    0.00  10.99   5.91  20.21  62.05  62.00  20.00  42.05  62.00  63.00  43.05   0.00
15:51:03   4.2   0.0   0.0  95.8   0.0    2    554    555    0    0    0  37.32    0.00  11.01   5.91  20.40  62.05  62.00  20.00  42.05  62.00  63.00  43.05   0.00
15:51:04   4.2   0.0   0.0  95.8   0.0    2    543    504    0    0    0  37.81    0.00  11.10   5.89  20.82  62.05  62.00  20.00  42.05  62.00  63.00  43.05   0.00
15:51:05   4.1   0.0   0.0  95.9   0.0    2    499    497    0    0    0  36.98    0.00  10.94   5.90  20.14  62.05  62.00  20.00  42.05  62.00  63.00  43.05   0.00
15:51:06   4.2   0.0   0.0  95.8   0.0    2    552    507    0    0    0  36.93    0.00  10.94   5.88  20.11  61.05  61.00  20.00  42.05  61.00  63.00  43.05   0.00
15:51:07   4.1   0.0   0.0  95.9   0.0    2    542    521    0    0    0  37.03    0.00  10.95   5.90  20.17  62.05  62.00  20.00  42.05  62.00  63.00  43.05   0.00
15:51:08   4.2   0.0   0.0  95.8   0.0    2    472    491    0    0    0  37.01    0.00  10.96   5.91  20.14  62.05  62.00  20.00  42.05  62.00  63.00  43.05   0.00
15:51:09   4.1   0.0   0.0  95.9   0.0    2    530    495    0    0    0  36.94    0.00  10.94   5.90  20.11  62.05  62.00  20.00  42.05  62.00  63.00  43.05   0.00
15:51:10   4.2   0.0   0.1  95.7   0.0    2    580    585    0    0    0  38.45    0.00  11.23   5.95  21.26  62.05  62.00  20.00  42.05  62.00  63.00  43.05   0.00
15:51:11   4.2   0.0   0.0  95.8   0.0    2    534    541    0    0    0  36.93    0.00  10.95   5.89  20.09  62.05  62.00  20.00  42.05  62.00  63.00  43.05   0.00
15:51:12   4.1   0.0   0.0  95.9   0.0    2    556    532    0    0    0  36.99    0.00  10.94   5.90  20.15  62.05  62.00  20.00  42.05  62.00  63.00  43.05   0.00
15:51:13   4.2   0.0   0.0  95.8   0.0    2    513    531    0    0    0  38.16    0.00  11.14   5.89  21.13  62.05  62.00  20.00  42.05  62.00  63.00  43.05   0.00
15:51:14   4.1   0.0   0.0  95.9   0.0    3    483    521    0    0    0  36.93    0.00  10.93   5.90  20.10  61.05  61.00  20.00  42.05  61.00  63.00  43.05   0.00
15:51:15   4.2   0.0   0.0  95.8   0.0    2    588    546    0    0    0  36.93    0.00  10.93   5.89  20.11  61.05  61.00  20.00  42.05  61.00  63.00  43.05   0.00
15:51:16   4.2   0.0   0.0  95.8   0.0    2    801    536    0    0    0  36.99    0.00  10.95   5.92  20.12  62.05  62.00  20.00  42.05  62.00  63.00  43.05   0.00
15:51:17   4.2   0.0   0.0  95.8   0.0    1    495    496    0    0    0  36.90    0.00  10.93   5.90  20.08  62.05  62.00  20.00  42.05  60.00  63.00  43.05   0.00
15:51:18   4.1   0.0   0.0  95.9   0.0    2    535    497    0    0    0  36.92    0.00  10.93   5.91  20.08  62.05  62.00  20.00  42.05  62.00  63.00  43.05   0.00
15:51:19   4.2   0.0   0.0  95.8   0.0    2    513    512    0    0    0  36.92    0.00  10.93   5.89  20.10  62.05  62.00  20.00  42.05  62.00  63.00  43.05   0.00
15:51:20   4.1   0.0   0.0  95.9   0.0    2    526    494    0    0    0  36.90    0.00  10.92   5.88  20.09  62.05  62.00  20.00  42.05  61.00  63.00  43.05   0.00
15:51:21   4.2   0.0   0.0  95.8   0.0    2    468    501    0    0    0  36.90    0.00  10.92   5.90  20.08  61.05  61.00  20.00  42.05  61.00  63.00  43.05   0.00
15:51:22   4.2   0.0   0.0  95.8   0.0    2    534    560    0    0    0  36.94    0.00  10.94   5.91  20.10  62.05  62.00  20.00  42.05  62.00  63.00  43.05   0.00
15:51:23   4.2   0.0   0.1  95.7   0.0    2    747    664    1    0    0  38.34    0.00  11.17   6.12  21.04  62.05  62.00  20.00  42.05  62.00  63.00  43.05   0.00
15:51:24   4.2   0.0   0.0  95.8   0.0    2    462    528    0    0    0  38.88    0.00  11.00   5.90  21.98  61.05  61.00  20.00  42.05  61.00  63.00  42.05   0.00
15:51:25   4.2   0.0   0.0  95.8   0.0    2    465    516    0    0    0  38.79    0.00  10.96   5.88  21.95  61.05  61.00  20.00  42.05  61.00  62.00  42.05   0.00
15:51:26   4.1   0.0   0.0  95.9   0.0    2    540    554    0    0    0  38.89    0.00  10.99   5.89  22.01  62.05  62.00  20.00  42.05  61.00  62.00  42.05   0.00
15:51:27   4.1   0.0   0.0  95.9   0.0    2    531    548    0    0    0  37.25    0.00  10.95   5.90  20.40  62.05  62.00  20.00  42.05  62.00  62.00  42.05   0.00
15:51:28   4.2   0.0   0.0  95.8   0.0    2    500    561    0    0    0  37.91    0.00  11.12   5.88  20.91  61.05  61.00  20.00  42.05  61.00  63.00  42.05   0.00
15:51:29   4.2   0.0   0.0  95.8   0.0    2    524    557    0    0    0  37.06    0.00  10.96   5.91  20.19  62.05  62.00  20.00  42.05  62.00  63.00  42.05   0.00
15:51:30   4.2   0.0   0.0  95.8   0.0    2    480    541    0    0    0  36.86    0.00  10.93   5.88  20.05  62.05  62.00  20.00  42.05  62.00  63.00  42.05   0.00
15:51:31   4.2   0.0   0.0  95.8   0.0    2    582    575    0    0    0  37.00    0.00  10.95   5.90  20.15  61.05  61.00  20.00  42.05  62.00  63.00  42.05   0.00
15:51:32   4.2   0.0   0.0  95.8   0.0    2    504    558    0    0    0  36.96    0.00  10.94   5.90  20.12  61.05  61.00  20.00  42.05  61.00  63.00  42.05   0.00
15:51:33   4.2   0.0   0.0  95.8   0.0    2    467    544    0    0    0  36.98    0.00  10.95   5.90  20.12  60.05  60.00  20.00  42.05  61.00  63.00  42.05   0.00
15:51:34   4.2   0.0   0.0  95.8   0.0    2    542    562    0    0    0  36.93    0.00  10.94   5.89  20.09  61.05  61.00  20.00  42.05  61.00  63.00  43.05   0.00
15:51:35   4.2   0.0   0.0  95.8   0.0    2    524    584    0    0    0  36.98    0.00  10.95   5.90  20.12  61.05  61.00  20.00  42.05  61.00  62.00  43.05   0.00
15:51:36   4.2   0.0   0.0  95.8   0.0    2    478    551    0    0    0  36.92    0.00  10.92   5.88  20.11  61.05  61.00  20.00  42.05  61.00  62.00  43.05   0.00
15:51:37   4.1   0.0   0.0  95.8   0.0    2    536    560    0    0    0  37.99    0.00  11.13   5.89  20.97  61.05  61.00  20.00  42.05  61.00  62.00  43.05   0.00
15:51:38   4.2   0.0   0.0  95.8   0.0    2    508    561    0    0    0  36.92    0.00  10.92   5.88  20.11  61.05  61.00  20.00  42.05  61.00  62.00  43.05   0.00
15:51:39   4.1   0.0   0.0  95.8   0.0    2    543    573    0    0    0  37.08    0.00  10.94   5.90  20.24  61.05  61.00  20.00  42.05  61.00  62.00  43.05   0.00
15:51:40   4.2   0.0   0.0  95.8   0.0    2    568    584    0    0    0  37.96    0.00  11.11   5.89  20.97  61.05  61.00  20.00  42.05  61.00  62.00  43.05   0.00
15:51:41   4.2   0.0   0.0  95.8   0.0    2    476    550    0    0    0  36.86    0.00  10.91   5.89  20.06  60.05  60.00  20.00  42.05  60.00  62.00  43.05   0.00
15:51:42   4.2   0.0   0.0  95.8   0.0    2    583    578    0    0    0  36.90    0.00  10.92   5.89  20.09  60.05  60.00  20.00  42.05  61.00  62.00  43.05   0.00
15:51:43   4.2   0.0   0.0  95.8   0.0    2    530    583    0    0    0  36.91    0.00  10.91   5.88  20.13  62.05  62.00  20.00  42.05  61.00  62.00  43.05   0.00
15:51:44   4.1   0.0   0.0  95.8   0.0    2    466    540    0    0    0  36.83    0.00  10.91   5.89  20.03  60.05  60.00  20.00  42.05  60.00  62.00  42.05   0.00
15:51:45   4.1   0.0   0.0  95.8   0.0    2    552    567    0    0    0  37.30    0.00  11.01   5.90  20.40  61.05  61.00  20.00  42.05  61.00  62.00  42.05   0.00
15:51:46   4.2   0.0   0.0  95.8   0.0    2    805    596    0    0    0  37.57    0.00  11.05   5.91  20.61  61.05  61.00  20.00  42.05  60.00  61.00  42.05   0.00
15:51:47   4.2   0.0   0.0  95.8   0.0    2    533    563    0    0    0  36.84    0.00  10.90   5.88  20.06  62.05  62.00  20.00  42.05  61.00  61.00  42.05   0.00
15:51:48   4.2   0.0   0.0  95.8   0.0    2    544    562    0    0    0  36.84    0.00  10.90   5.89  20.05  61.05  61.00  20.00  42.05  61.00  62.00  42.05   0.00
15:51:49   4.2   0.0   0.0  95.8   0.0    2    636    654    0    0    0  38.61    0.00  11.19   6.13  21.28  61.05  61.00  20.00  42.05  61.00  62.00  42.05   0.00
15:51:50   4.2   0.0   0.0  95.8   0.0    2    502    585    0    0    0  38.90    0.00  10.98   5.89  22.03  60.05  60.00  20.00  42.05  60.00  62.00  42.05   0.00
15:51:51   4.2   0.0   0.0  95.8   0.0    2    610    607    0    0    0  39.98    0.00  11.21   5.91  22.86  61.05  61.00  20.00  42.05  61.00  62.00  42.05   0.00
15:51:52   4.2   0.0   0.0  95.8   0.0    2    508    560    0    0    0  39.66    0.00  11.16   5.89  22.61  61.05  61.00  20.00  42.05  61.00  62.00  42.05   0.00
15:51:53   4.2   0.0   0.0  95.8   0.0    2    534    536    0    0    0  37.06    0.00  10.91   5.88  20.28  60.05  60.00  20.00  42.05  60.00  62.00  42.05   0.00
15:51:54   4.2   0.0   0.0  95.8   0.0    2    482    572    0    0    0  36.96    0.00  10.93   5.89  20.15  61.05  61.00  20.00  42.05  61.00  62.00  42.05   0.00
15:51:55   4.2   0.0   0.0  95.8   0.0    2    556    580    0    0    0  37.03    0.00  10.95   5.91  20.17  62.05  62.00  20.00  42.05  62.00  62.00  42.05   0.00
15:51:56   4.2   0.0   0.0  95.8   0.0    2    538    577    0    0    0  36.87    0.00  10.91   5.89  20.07  61.05  61.00  20.00  42.05  61.00  62.00  42.05   0.00
15:51:57   4.2   0.0   0.0  95.8   0.0    2    492    561    0    0    0  36.86    0.00  10.92   5.89  20.06  61.05  61.00  20.00  42.05  61.00  62.00  42.05   0.00
15:51:58   4.2   0.0   0.0  95.8   0.0    2    502    568    0    0    0  36.87    0.00  10.92   5.90  20.05  60.05  60.00  20.00  42.05  60.00  62.00  42.05   0.00
15:51:59   4.2   0.0   0.0  95.8   0.0    2    588    565    0    0    0  36.85    0.00  10.90   5.88  20.06  61.05  61.00  20.00  42.05  61.00  62.00  42.05   0.00
15:52:00   4.2   0.0   0.0  95.8   0.0    2    500    574    0    0    0  36.95    0.00  10.94   5.91  20.10  60.05  60.00  20.00  42.05  60.00  61.00  42.05   0.00
15:52:01   4.2   0.0   0.0  95.8   0.0    2    464    563    0    0    0  37.02    0.00  10.95   5.92  20.15  61.05  61.00  20.00  42.05  61.00  61.00  42.05   0.00
15:52:02   4.2   0.0   0.0  95.8   0.0    2    584    538    0    0    0  37.94    0.00  11.13   5.91  20.90  60.05  60.00  20.00  42.05  60.00  62.00  42.05   0.00
15:52:03   4.1   0.0   0.0  95.9   0.0    2    518    554    0    0    0  36.87    0.00  10.92   5.90  20.05  61.05  61.00  20.00  42.05  61.00  62.00  42.05   0.00
15:52:04   4.2   0.0   0.0  95.8   0.0    2    536    543    0    0    0  36.92    0.00  10.93   5.90  20.09  61.05  60.00  20.00  42.05  60.00  62.00  42.05   0.00
15:52:05   4.1   0.0   0.0  95.9   0.0    2    472    541    0    0    0  36.88    0.00  10.93   5.91  20.05  61.05  61.00  20.00  42.05  61.00  62.00  42.05   0.00
15:52:06   4.2   0.0   0.0  95.8   0.0    2    468    552    0    0    0  36.89    0.00  10.93   5.90  20.06  61.05  61.00  20.00  42.05  61.00  61.00  42.05   0.00
15:52:07   4.2   0.0   0.0  95.8   0.0    2    602    560    0    0    0  36.91    0.00  10.92   5.89  20.10  60.05  60.00  20.00  42.05  60.00  61.00  42.05   0.00
15:52:08   4.1   0.0   0.0  95.8   0.0    2    469    547    0    0    0  36.90    0.00  10.92   5.90  20.08  61.05  61.00  20.00  42.05  61.00  62.00  42.05   0.00
15:52:09   4.2   0.0   0.0  95.8   0.0    2    464    514    0    0    0  36.79    0.00  10.90   5.88  20.02  61.05  61.00  20.00  42.05  61.00  62.00  42.05   0.00
15:52:10   4.2   0.0   0.0  95.8   0.0    2    592    550    0    0    0  37.01    0.00  10.95   5.92  20.13  60.05  60.00  20.00  42.05  60.00  62.00  42.05   0.00
15:52:11   4.2   0.0   0.0  95.8   0.0    2    524    551    0    0    0  36.89    0.00  10.93   5.91  20.05  61.05  61.00  20.00  42.05  61.00  62.00  42.05   0.00
15:52:12   4.2   0.0   0.0  95.8   0.0    2    500    550    0    0    0  37.83    0.00  11.10   5.89  20.85  60.05  60.00  20.00  42.05  60.00  62.00  42.05   0.00
15:52:13   4.1   0.0   0.0  95.8   0.0    2    541    518    0    0    0  36.97    0.00  10.93   5.92  20.11  61.05  61.00  20.00  42.05  61.00  62.00  42.05   0.00
15:52:14   4.2   0.0   0.0  95.8   0.0    2    472    553    0    0    0  36.82    0.00  10.90   5.89  20.03  60.05  60.00  20.00  42.05  60.00  62.00  42.05   0.00
15:52:15   4.2   0.0   0.0  95.8   0.0    2    590    556    0    0    0  36.82    0.00  10.90   5.89  20.04  60.05  60.00  20.00  42.05  60.00  61.00  42.05   0.00
15:52:16   4.1   0.0   0.0  95.9   0.0    2    772    573    0    0    0  36.85    0.00  10.90   5.89  20.06  60.05  60.00  20.00  42.05  60.00  61.00  42.05   0.00
15:52:17   4.2   0.0   0.0  95.8   0.0    2    499    559    0    0    0  37.92    0.00  11.07   5.88  20.97  61.05  61.00  20.00  42.05  61.00  61.00  42.05   0.00
15:52:18   4.1   0.0   0.0  95.8   0.0    2    552    582    0    0    0  36.86    0.00  10.91   5.90  20.05  60.05  60.00  20.00  42.05  60.00  61.00  42.05   0.00
15:52:19   4.2   0.0   0.0  95.8   0.0    2    512    562    0    0    0  36.82    0.00  10.89   5.89  20.05  61.05  61.00  20.00  42.05  61.00  61.00  42.05   0.00
15:52:20   4.2   0.0   0.0  95.8   0.0    2    482    542    0    0    0  36.79    0.00  10.89   5.90  20.01  61.05  61.00  20.00  42.05  61.00  61.00  42.05   0.00
15:52:21   4.2   0.0   0.0  95.8   0.0    2    532    526    0    0    0  36.78    0.00  10.88   5.88  20.01  60.05  60.00  20.00  42.05  60.00  61.00  42.05   0.00
15:52:22   4.1   0.0   0.0  95.9   0.0    2    560    581    0    0    0  36.84    0.00  10.90   5.90  20.04  61.05  61.00  20.00  42.05  61.00  61.00  42.05   0.00
15:52:23   4.2   0.0   0.0  95.8   0.0    2    687    647    0    0    0  38.43    0.00  11.16   6.12  21.15  61.05  61.00  20.00  42.05  61.00  61.00  42.05   0.00
15:52:24   4.2   0.0   0.0  95.8   0.0    2    518    542    0    0    0  38.77    0.00  10.96   5.88  21.93  60.05  60.00  20.00  42.05  60.00  61.00  42.05   0.00
15:52:25   4.1   0.0   0.0  95.9   0.0    2    462    509    0    0    0  38.74    0.00  10.95   5.88  21.91  61.05  61.00  20.00  42.05  61.00  62.00  42.05   0.00
15:52:26   4.2   0.0   0.0  95.8   0.0    2    546    543    0    0    0  38.72    0.00  10.97   5.90  21.85  60.05  60.00  20.00  42.05  60.00  61.00  42.05   0.00
15:52:27   4.1   0.0   0.0  95.8   0.0    2    573    563    0    0    0  38.11    0.00  11.09   5.88  21.14  61.05  61.00  20.00  42.05  61.00  61.00  42.05   0.00
15:52:28   4.2   0.0   0.0  95.8   0.0    2    476    566    0    0    0  36.97    0.00  10.94   5.91  20.12  61.05  61.00  20.00  42.05  61.00  61.00  42.05   0.00
15:52:29   4.2   0.0   0.0  95.8   0.0    2    509    541    0    0    0  36.84    0.00  10.91   5.89  20.04  61.05  61.00  20.00  42.05  61.00  61.00  42.05   0.00
15:52:30   4.2   0.0   0.0  95.8   0.0    2    500    542    0    0    0  36.81    0.00  10.90   5.88  20.03  60.05  60.00  20.00  42.05  60.00  61.00  42.05   0.00
15:52:31   4.1   0.0   0.0  95.9   0.0    2    514    535    0    0    0  36.78    0.00  10.89   5.88  20.02  61.05  61.00  20.00  42.05  61.00  61.00  42.05   0.00
15:52:32   4.2   0.0   0.0  95.8   0.0    2    550    556    0    0    0  37.87    0.00  11.11   5.90  20.87  60.05  60.00  20.00  42.05  60.00  61.00  42.05   0.00
15:52:33   4.2   0.0   0.0  95.8   0.0    2    475    534    0    0    0  36.81    0.00  10.90   5.88  20.02  61.05  61.00  20.00  42.05  61.00  61.00  42.05   0.00
15:52:34   4.1   0.0   0.0  95.9   0.0    2    470    533    0    0    0  36.79    0.00  10.89   5.88  20.02  61.05  61.00  20.00  42.05  61.00  61.00  42.05   0.00
15:52:35   4.2   0.0   0.0  95.8   0.0    2    582    550    0    0    0  36.86    0.00  10.92   5.90  20.04  60.05  60.00  20.00  42.05  60.00  61.00  42.05   0.00
15:52:36   4.2   0.0   0.0  95.8   0.0    2    462    529    0    0    0  36.82    0.00  10.90   5.89  20.02  60.05  60.00  20.00  42.05  60.00  61.00  42.05   0.00
15:52:37   4.2   0.0   0.0  95.8   0.0    2    546    530    0    0    0  40.07    0.00  11.26   5.89  22.93  60.05  60.00  20.00  42.05  60.00  61.00  42.05   0.00
15:52:38   4.1   0.0   0.0  95.9   0.0    2    496    563    0    0    0  37.20    0.00  10.93   5.89  20.39  60.05  60.00  20.00  42.05  60.00  61.00  42.05   0.00
15:52:39   4.2   0.0   0.0  95.8   0.0    2    552    551    0    0    0  36.88    0.00  10.91   5.90  20.07  60.05  60.00  20.00  42.05  60.00  61.00  42.05   0.00
15:52:40   4.2   0.0   0.0  95.8   0.0    2    548    560    0    0    0  36.72    0.00  10.87   5.88  19.97  60.05  60.00  20.00  42.05  60.00  61.00  42.05   0.00
15:52:41   4.1   0.0   0.0  95.9   0.0    2    472    558    0    0    0  36.80    0.00  10.89   5.89  20.03  61.05  61.00  20.00  42.05  61.00  61.00  42.05   0.00
15:52:42   4.2   0.0   0.0  95.8   0.0    2    522    579    0    0    0  37.81    0.00  11.07   5.88  20.85  61.05  61.00  20.00  42.05  61.00  61.00  42.05   0.00
15:52:43   4.1   0.0   0.0  95.8   0.0    2    582    559    0    0    0  36.78    0.00  10.88   5.89  20.02  60.05  60.00  20.00  42.05  60.00  61.00  42.05   0.00
15:52:44   4.2   0.0   0.0  95.8   0.0    2    480    537    0    0    0  36.74    0.00  10.88   5.89  19.97  61.05  61.00  20.00  42.05  61.00  61.00  42.05   0.00
15:52:45   4.1   0.0   0.0  95.9   0.0    2    484    522    0    0    0  36.71    0.00  10.87   5.88  19.96  61.05  61.00  20.00  42.05  60.00  61.00  42.05   0.00
15:52:46   4.2   0.0   0.0  95.8   0.0    2    832    620    0    0    0  36.92    0.00  10.92   5.91  20.10  60.05  60.00  20.00  42.05  60.00  61.00  42.05   0.00
15:52:47   4.1   0.0   0.0  95.9   0.0    2    543    561    0    0    0  36.73    0.00  10.87   5.89  19.97  60.05  60.00  20.00  42.05  60.00  62.00  42.05   0.00
15:52:48   4.2   0.0   0.0  95.8   0.0    2    549    561    0    0    0  36.80    0.00  10.89   5.89  20.01  61.05  61.00  20.00  42.05  61.00  62.00  42.05   0.00
15:52:49   4.1   0.0   0.0  95.8   0.0    2    645    635    0    0    0  39.09    0.00  11.27   6.21  21.61  60.05  60.00  20.00  42.05  60.00  61.00  42.05   0.00
15:52:50   4.2   0.0   0.0  95.8   0.0    2    493    584    0    0    0  38.79    0.00  10.96   5.89  21.94  60.05  60.00  20.00  42.05  60.00  61.00  42.05   0.00
15:52:51   4.2   0.0   0.0  95.8   0.0    2    593    613    0    0    0  38.88    0.00  10.98   5.89  22.00  61.05  61.00  20.00  42.05  61.00  61.00  42.05   0.00
15:52:52   4.2   0.0   0.0  95.8   0.0    2    538    576    0    0    0  39.47    0.00  11.15   5.90  22.41  61.05  61.00  20.00  42.05  61.00  61.00  42.05   0.00
15:52:53   4.2   0.0   0.0  95.8   0.0    2    485    564    0    0    0  37.02    0.00  10.90   5.88  20.24  61.05  61.00  20.00  42.05  61.00  61.00  42.05   0.00
15:52:54   4.2   0.0   0.0  95.8   0.0    2    544    575    0    0    0  36.83    0.00  10.90   5.88  20.05  61.05  61.00  20.00  42.05  61.00  61.00  42.05   0.00
15:52:55   4.2   0.0   0.0  95.8   0.0    2    540    571    0    0    0  36.85    0.00  10.91   5.90  20.04  60.05  60.00  20.00  42.05  60.00  61.00  42.05   0.00
15:52:56   4.2   0.0   0.0  95.8   0.0    2    482    565    0    0    0  36.83    0.00  10.90   5.88  20.05  60.05  60.00  20.00  42.05  60.00  61.00  42.05   0.00
15:52:57   4.2   0.0   0.0  95.8   0.0    2    558    575    0    0    0  37.86    0.00  11.10   5.91  20.85  60.05  60.00  20.00  42.05  60.00  61.00  42.05   0.00
15:52:58   4.2   0.0   0.0  95.8   0.0    2    506    591    0    0    0  36.93    0.00  10.92   5.89  20.11  61.05  61.00  20.00  42.05  61.00  61.00  42.05   0.00
15:52:59   4.2   0.0   0.0  95.8   0.0    2    582    568    0    0    0  36.89    0.00  10.92   5.89  20.07  61.05  61.00  20.00  42.05  61.00  61.00  42.05   0.00
15:53:00   4.1   0.0   0.0  95.9   0.0    2    501    606    0    0    0  36.87    0.00  10.91   5.89  20.07  60.05  60.00  20.00  42.05  60.00  61.00  42.05   0.00
15:53:01   4.2   0.0   0.0  95.8   0.0    2    496    573    0    0    0  36.88    0.00  10.92   5.90  20.06  61.05  61.00  20.00  42.05  61.00  61.00  42.05   0.00
15:53:02   4.1   0.0   0.0  95.9   0.0    2    620    594    0    0    0  37.90    0.00  11.11   5.90  20.89  61.05  61.00  20.00  42.05  61.00  61.00  42.05   0.00
15:53:03   4.2   0.0   0.0  95.8   0.0    2    554    589    0    0    0  36.85    0.00  10.91   5.89  20.05  61.05  61.00  20.00  42.05  61.00  61.00  42.05   0.00
15:53:04   4.2   0.0   0.0  95.8   0.0    2    468    563    0    0    0  36.82    0.00  10.90   5.90  20.02  61.05  61.00  20.00  42.05  61.00  61.00  42.05   0.00
15:53:05   4.1   0.0   0.0  95.9   0.0    2    540    534    0    0    0  36.78    0.00  10.89   5.89  20.01  61.05  61.00  20.00  42.05  61.00  61.00  42.05   0.00
15:53:06   4.2   0.0   0.0  95.8   0.0    2    490    547    0    0    0  36.80    0.00  10.89   5.88  20.02  61.05  61.00  20.00  42.05  61.00  61.00  42.05   0.00
15:53:07   4.2   0.0   0.0  95.8   0.0    2    546    587    0    0    0  37.89    0.00  11.09   5.89  20.91  61.05  61.00  20.00  42.05  61.00  61.00  42.05   0.00
15:53:08   4.2   0.0   0.0  95.8   0.0    2    536    567    0    0    0  36.87    0.00  10.90   5.88  20.08  61.05  61.00  20.00  42.05  61.00  61.00  42.05   0.00
15:53:09   4.2   0.0   0.0  95.8   0.0    2    466    532    0    0    0  36.79    0.00  10.90   5.88  20.01  61.05  61.00  20.00  42.05  61.00  61.00  42.05   0.00
15:53:10   4.3   0.0   0.0  95.7   0.0    2    602    569    0    0    0  36.94    0.00  10.94   5.91  20.09  60.05  60.00  20.00  42.05  60.00  61.00  42.05   0.00
15:53:11   4.1   0.0   0.0  95.9   0.0    2    538    586    0    0    0  36.91    0.00  10.93   5.91  20.08  60.05  60.00  20.00  42.05  60.00  61.00  42.05   0.00
15:53:12   4.2   0.0   0.0  95.8   0.0    2    487    535    0    0    0  36.77    0.00  10.89   5.88  19.99  60.05  60.00  20.00  42.05  60.00  61.00  42.05   0.00
15:53:13   4.2   0.0   0.0  95.8   0.0    2    551    551    0    0    0  36.95    0.00  10.91   5.90  20.14  60.05  60.00  20.00  42.05  60.00  61.00  42.05   0.00
15:53:14   4.1   0.0   0.0  95.9   0.0    2    466    550    0    0    0  36.81    0.00  10.89   5.90  20.02  60.05  60.00  20.00  42.05  60.00  61.00  42.05   0.00
15:53:15   4.1   0.0   0.0  95.8   0.0    2    532    559    0    0    0  36.79    0.00  10.88   5.89  20.01  60.05  60.00  20.00  42.05  60.00  61.00  42.05   0.00
15:53:16   4.2   0.0   0.0  95.8   0.0    2    516    575    0    0    0  36.90    0.00  10.92   5.91  20.07  61.05  61.00  20.00  42.05  61.00  61.00  42.05   0.00
15:53:17   4.2   0.0   0.0  95.8   0.0    2    800    625    0    0    0  38.03    0.00  11.08   5.88  21.07  61.05  60.00  20.00  42.05  60.00  61.00  42.05   0.00
15:53:18   4.2   0.0   0.0  95.8   0.0    2    482    565    0    0    0  36.85    0.00  10.90   5.90  20.04  60.05  60.00  20.00  41.05  60.00  61.00  42.05   0.00
15:53:19   4.2   0.0   0.0  95.8   0.0    2    592    586    0    0    0  36.81    0.00  10.89   5.89  20.03  60.05  60.00  20.00  41.05  60.00  61.00  42.05   0.00
15:53:20   4.2   0.0   0.0  95.8   0.0    2    462    552    0    0    0  36.76    0.00  10.88   5.89  19.99  61.05  61.00  20.00  41.05  61.00  61.00  42.05   0.00
15:53:21   4.2   0.0   0.0  95.8   0.0    2    524    509    0    0    0  36.71    0.00  10.87   5.88  19.96  59.05  59.00  20.00  41.05  59.00  61.00  42.05   0.00
15:53:22   4.2   0.0   0.0  95.8   0.0    2    496    577    0    0    0  36.93    0.00  10.91   5.89  20.13  60.05  60.00  20.00  41.05  60.00  61.00  42.05   0.00
15:53:23   4.2   0.0   0.0  95.8   0.0    2    696    676    0    0    0  38.98    0.00  11.30   6.12  21.56  61.05  62.00  20.00  41.05  62.00  61.00  42.05   0.00
15:53:24   4.1   0.0   0.0  95.9   0.0    2    522    560    0    0    0  38.77    0.00  10.95   5.89  21.93  61.05  61.00  20.00  41.05  60.00  61.00  42.05   0.00
15:53:25   4.1   0.0   0.0  95.8   0.0    2    485    538    0    0    0  38.75    0.00  10.95   5.89  21.90  61.05  61.00  20.00  41.05  61.00  61.00  41.05   0.00
15:53:26   4.2   0.0   0.0  95.8   0.0    3    469    554    0    0    0  38.77    0.00  10.96   5.90  21.92  60.05  60.00  20.00  41.05  61.00  61.00  41.05   0.00
15:53:27   4.2   0.0   0.0  95.8   0.0    2    615    614    0    0    0  38.37    0.00  11.12   5.91  21.34  61.05  61.00  20.00  41.05  60.00  61.00  41.05   0.00
15:53:28   4.2   0.0   0.0  95.8   0.0    2    464    567    0    0    0  36.91    0.00  10.91   5.90  20.09  60.05  60.00  20.00  42.05  60.00  61.00  41.05   0.00
15:53:29   4.1   0.0   0.0  95.9   0.0    2    490    544    0    0    0  36.83    0.00  10.90   5.89  20.04  60.05  60.00  20.00  42.05  60.00  61.00  41.05   0.00
15:53:30   4.2   0.0   0.0  95.8   0.0    2    530    556    0    0    0  36.84    0.00  10.90   5.89  20.05  60.05  60.00  20.00  42.05  60.00  61.00  42.05   0.00
15:53:31   4.1   0.0   0.0  95.8   0.0    2    550    561    0    0    0  36.80    0.00  10.89   5.88  20.03  60.05  60.00  20.00  42.05  60.00  61.00  42.05   0.00
15:53:32   4.2   0.0   0.0  95.8   0.0    2    500    553    0    0    0  37.84    0.00  11.09   5.89  20.86  60.05  60.00  20.00  42.05  60.00  61.00  42.05   0.00
15:53:33   4.2   0.0   0.0  95.8   0.0    2    531    559    0    0    0  36.96    0.00  10.92   5.90  20.14  60.05  60.00  20.00  41.05  60.00  61.00  42.05   0.00
15:53:34   4.2   0.0   0.0  95.8   0.0    2    462    552    0    0    0  36.89    0.00  10.91   5.91  20.06  61.05  60.00  20.00  41.05  60.00  61.00  42.05   0.00
15:53:35   4.1   0.0   0.0  95.9   0.0    2    590    557    0    0    0  36.88    0.00  10.91   5.89  20.07  59.05  59.00  20.00  41.05  59.00  61.00  42.05   0.00
15:53:36   4.2   0.0   0.0  95.8   0.0    2    448    533    0    0    0  36.82    0.00  10.89   5.88  20.05  60.05  60.00  20.00  41.05  60.00  61.00  42.05   0.00
15:53:37   4.1   0.0   0.0  95.8   0.0    2    500    563    0    0    0  36.79    0.00  10.90   5.89  20.00  60.05  60.00  20.00  41.05  59.00  61.00  42.05   0.00
15:53:38   4.2   0.0   0.0  95.8   0.0    2    536    542    0    0    0  36.79    0.00  10.89   5.89  20.01  60.05  60.00  20.00  41.05  61.00  61.00  42.05   0.00
15:53:39   4.1   0.0   0.0  95.8   0.0    2    564    565    0    0    0  36.92    0.00  10.91   5.91  20.10  60.05  60.00  20.00  41.05  60.00  61.00  42.05   0.00
15:53:40   4.2   0.0   0.0  95.8   0.0    2    480    534    0    0    0  36.83    0.00  10.90   5.90  20.03  61.05  61.00  20.00  41.05  61.00  61.00  42.05   0.00
15:53:41   4.1   0.0   0.0  95.9   0.0    2    530    548    0    0    0  36.81    0.00  10.88   5.89  20.04  61.05  61.00  20.00  41.05  59.00  60.00  42.05   0.00
15:53:42   4.2   0.0   0.0  95.8   0.0    2    512    588    0    0    0  37.90    0.00  11.10   5.91  20.90  60.05  60.00  20.00  41.05  60.00  60.00  42.05   0.00
15:53:43   4.2   0.0   0.0  95.8   0.0    2    530    590    0    0    0  36.95    0.00  10.91   5.91  20.13  60.05  60.00  20.00  41.05  60.00  60.00  42.05   0.00
15:53:44   4.2   0.0   0.0  95.8   0.0    2    514    564    0    0    0  36.84    0.00  10.91   5.90  20.04  60.05  60.00  20.00  41.05  60.00  60.00  42.05   0.00
15:53:45   4.2   0.0   0.0  95.8   0.0    2    481    545    0    0    0  36.84    0.00  10.90   5.90  20.04  60.05  60.00  20.00  41.05  60.00  60.00  42.05   0.00
15:53:46   4.1   0.0   0.0  95.8   0.0    2    520    550    0    0    0  36.81    0.00  10.89   5.90  20.02  59.05  59.00  20.00  41.05  59.00  60.00  42.05   0.00
15:53:47   4.1   0.0   0.0  95.9   0.0    2    848    607    0    0    0  37.90    0.00  11.09   5.91  20.90  58.05  58.00  20.00  41.05  60.00  60.00  42.05   0.00
15:53:48   4.2   0.0   0.0  95.8   0.0    2    472    568    0    0    0  36.83    0.00  10.89   5.90  20.04  59.05  59.00  20.00  41.05  60.00  60.00  42.05   0.00
15:53:49   4.2   0.0   0.0  95.8   0.0    2    710    680    0    0    0  38.44    0.00  11.16   6.14  21.14  60.05  60.00  20.00  41.05  60.00  60.00  42.05   0.00
15:53:50   4.2   0.0   0.0  95.8   0.0    2    470    569    0    0    0  38.79    0.00  10.95   5.89  21.95  60.05  60.00  20.00  41.05  60.00  61.00  42.05   0.00
15:53:51   4.2   0.0   0.0  95.8   0.0    2    540    569    0    0    0  38.79    0.00  10.95   5.89  21.95  60.05  60.00  20.00  41.05  60.00  61.00  41.05   0.00
15:53:52   4.1   0.0   0.0  95.8   0.0    2    580    569    0    0    0  40.79    0.00  11.34   5.89  23.56  60.05  60.00  20.00  41.05  60.00  61.00  41.05   0.00
15:53:53   4.1   0.0   0.0  95.9   0.0    2    473    540    0    0    0  37.09    0.00  10.88   5.90  20.30  60.05  60.00  20.00  41.05  60.00  61.00  41.05   0.00
15:53:54   4.2   0.0   0.0  95.8   0.0    2    479    577    0    0    0  36.84    0.00  10.90   5.89  20.04  60.05  60.00  20.00  41.05  61.00  61.00  41.05   0.00
15:53:55   4.2   0.0   0.0  95.8   0.0    2    607    577    0    0    0  36.95    0.00  10.94   5.92  20.10  60.05  60.00  20.00  41.05  60.00  61.00  41.05   0.00
15:53:56   4.2   0.0   0.0  95.8   0.0    2    460    536    0    0    0  36.80    0.00  10.88   5.88  20.04  60.05  60.00  20.00  41.05  60.00  61.00  42.05   0.00
15:53:57   4.1   0.0   0.0  95.9   0.0    2    486    543    0    0    0  36.84    0.00  10.90   5.90  20.04  60.05  60.00  20.00  41.05  61.00  61.00  42.05   0.00
15:53:58   4.2   0.0   0.0  95.8   0.0    2    526    541    0    0    0  36.79    0.00  10.88   5.89  20.02  60.05  60.00  20.00  41.05  60.00  61.00  42.05   0.00
15:53:59   4.2   0.0   0.0  95.8   0.0    2    542    546    0    0    0  36.88    0.00  10.90   5.90  20.08  61.05  61.00  20.00  41.05  61.00  61.00  42.05   0.00
15:54:00   4.2   0.0   0.0  95.8   0.0    2    548    566    0    0    0  36.86    0.00  10.91   5.90  20.05  60.05  60.00  20.00  41.05  60.00  61.00  42.05   0.00
15:54:01   4.2   0.0   0.0  95.8   0.0    2    498    571    0    0    0  36.91    0.00  10.93   5.92  20.06  60.05  60.00  20.00  41.05  60.00  61.00  41.05   0.00
15:54:02   4.1   0.0   0.0  95.9   0.0    2    496    573    0    0    0  36.82    0.00  10.90   5.89  20.03  60.05  60.00  20.00  41.05  60.00  60.00  41.05   0.00
15:54:03   4.2   0.0   0.0  95.8   0.0    2    592    581    0    0    0  36.92    0.00  10.92   5.91  20.10  60.05  60.00  20.00  41.05  60.00  60.00  41.05   0.00
15:54:04   4.2   0.0   0.0  95.8   0.0    2    461    556    0    0    0  36.85    0.00  10.92   5.91  20.02  60.05  60.00  20.00  41.05  61.00  61.00  41.05   0.00
15:54:05   4.2   0.0   0.0  95.8   0.0    2    472    541    0    0    0  36.80    0.00  10.88   5.89  20.03  61.05  61.00  20.00  41.05  60.00  61.00  41.05   0.00
15:54:06   4.2   0.0   0.0  95.8   0.0    2    542    574    0    0    0  37.84    0.00  11.09   5.89  20.86  60.05  60.00  20.00  41.05  60.00  61.00  41.05   0.00
15:54:07   4.2   0.0   0.0  95.8   0.0    2    552    581    0    0    0  37.85    0.00  11.10   5.90  20.85  60.05  60.00  20.00  41.05  61.00  61.00  41.05   0.00
15:54:08   4.1   0.0   0.0  95.9   0.0    2    466    541    0    0    0  36.85    0.00  10.91   5.90  20.04  60.05  60.00  20.00  41.05  60.00  61.00  41.05   0.00
15:54:09   4.2   0.0   0.0  95.8   0.0    2    530    558    0    0    0  36.84    0.00  10.90   5.90  20.04  60.05  60.00  20.00  41.05  60.00  61.00  41.05   0.00
15:54:10   4.2   0.0   0.0  95.8   0.0    2    534    563    0    0    0  37.04    0.00  10.96   5.94  20.14  60.05  60.00  20.00  41.05  60.00  60.00  41.05   0.00
15:54:11   4.2   0.0   0.0  95.8   0.0    2    594    579    0    0    0  36.96    0.00  10.93   5.93  20.10  60.05  60.00  20.00  41.05  60.00  60.00  41.05   0.00
15:54:12   4.2   0.0   0.0  95.8   0.0    2    499    559    0    0    0  36.85    0.00  10.89   5.90  20.06  60.05  60.00  20.00  41.05  60.00  60.00  41.05   0.00
15:54:13   4.2   0.0   0.0  95.8   0.0    2    495    547    0    0    0  36.92    0.00  10.92   5.92  20.08  60.05  61.00  20.00  41.05  61.00  60.00  41.05   0.00
15:54:14   4.1   0.0   0.0  95.8   0.0    2    522    550    0    0    0  36.77    0.00  10.87   5.89  20.00  60.05  60.00  20.00  41.05  60.00  60.00  41.05   0.00
15:54:15   4.1   0.0   0.0  95.8   0.0    2    534    558    0    0    0  36.90    0.00  10.90   5.91  20.08  60.05  60.00  20.00  41.05  60.00  60.00  41.05   0.00
15:54:16   4.2   0.0   0.0  95.8   0.0    2    461    539    0    0    0  37.80    0.00  11.08   5.90  20.81  59.05  59.00  20.00  41.05  59.00  60.00  41.05   0.00
15:54:17   4.1   0.0   0.0  95.9   0.0    2    829    538    0    0    0  36.82    0.00  10.89   5.91  20.02  60.05  60.00  20.00  41.05  60.00  60.00  41.05   0.00
15:54:18   4.2   0.0   0.0  95.8   0.0    2    495    548    0    0    0  36.81    0.00  10.88   5.90  20.02  60.05  60.00  20.00  41.05  61.00  60.00  41.05   0.00
15:54:19   4.2   0.0   0.0  95.8   0.0    2    530    555    0    0    0  36.84    0.00  10.90   5.90  20.04  60.05  60.00  20.00  41.05  60.00  60.00  41.05   0.00
15:54:20   4.2   0.0   0.0  95.8   0.0    2    534    557    0    0    0  36.82    0.00  10.89   5.90  20.03  60.05  60.00  20.00  41.05  60.00  60.00  41.05   0.00
15:54:21   4.2   0.0   0.0  95.8   0.0    2    484    560    0    0    0  37.83    0.00  11.09   5.91  20.83  60.05  60.00  20.00  41.05  60.00  60.00  41.05   0.00
15:54:22   4.2   0.0   0.0  95.8   0.0    2    500    569    0    0    0  36.82    0.00  10.89   5.90  20.03  60.05  60.00  20.00  41.05  60.00  60.00  41.05   0.00
15:54:23   4.1   0.0   0.0  95.9   0.0    2    749    710    0    0    0  38.38    0.00  11.19   6.17  21.01  60.05  60.00  20.00  41.05  60.00  60.00  41.05   0.00
15:54:24   4.1   0.0   0.0  95.9   0.0    2    452    552    0    0    0  38.84    0.00  10.96   5.90  21.97  60.05  60.00  20.00  41.05  60.00  60.00  41.05   0.00
15:54:25   4.2   0.0   0.0  95.8   0.0    2    528    539    0    0    0  38.73    0.00  10.94   5.89  21.89  58.05  58.00  20.00  41.05  58.00  60.00  41.05   0.00
15:54:26   4.2   0.0   0.0  95.8   0.0    2    483    576    0    0    0  38.79    0.00  10.96   5.90  21.93  60.05  60.00  20.00  41.05  60.00  60.00  41.05   0.00
15:54:27   4.1   0.0   0.0  95.8   0.0    2    544    568    0    0    0  37.13    0.00  10.91   5.91  20.30  60.05  60.00  20.00  41.05  60.00  61.00  41.05   0.00
15:54:28   4.1   0.0   0.0  95.9   0.0    2    539    529    0    0    0  36.82    0.00  10.89   5.90  20.03  59.05  59.00  20.00  41.05  59.00  60.00  41.05   0.00
15:54:29   4.2   0.0   0.0  95.8   0.0    2    476    553    0    0    0  36.84    0.00  10.89   5.89  20.05  60.05  60.00  20.00  41.05  60.00  60.00  41.05   0.00
15:54:30   4.2   0.0   0.0  95.8   0.0    2    512    612    0    0    0  36.85    0.00  10.90   5.90  20.05  59.05  59.00  20.00  41.05  59.00  60.00  41.05   0.00
15:54:31   4.2   0.0   0.0  95.8   0.0    2    594    626    0    0    0  38.04    0.00  11.14   5.94  20.96  60.05  60.00  20.00  41.05  60.00  60.00  41.05   0.00
15:54:32   4.2   0.0   0.0  95.8   0.0    2    476    548    0    0    0  36.83    0.00  10.90   5.90  20.03  60.05  60.00  20.00  41.05  60.00  60.00  41.05   0.00
15:54:33   4.2   0.0   0.0  95.8   0.0    2    468    520    0    0    0  36.81    0.00  10.89   5.90  20.03  60.05  60.00  20.00  41.05  60.00  60.00  41.05   0.00
15:54:34   4.1   0.0   0.0  95.9   0.0    2    521    547    0    0    0  36.84    0.00  10.90   5.90  20.04  59.05  59.00  20.00  41.05  59.00  60.00  41.05   0.00
15:54:35   4.2   0.0   0.0  95.8   0.0    2    538    559    0    0    0  36.85    0.00  10.90   5.90  20.04  59.05  59.00  20.00  41.05  59.00  60.00  41.05   0.00
15:54:36   4.2   0.0   0.0  95.8   0.0    2    533    562    0    0    0  37.85    0.00  11.08   5.90  20.87  58.05  58.00  20.00  41.05  58.00  60.00  41.05   0.00
15:54:37   4.2   0.0   0.0  95.8   0.0    2    479    600    0    0    0  36.97    0.00  10.93   5.92  20.12  60.05  60.00  20.00  41.05  60.00  60.00  41.05   0.00
15:54:38   4.2   0.0   0.0  95.8   0.0    2    482    546    0    0    0  36.81    0.00  10.89   5.90  20.02  59.05  59.00  20.00  41.05  59.00  60.00  41.05   0.00
15:54:39   4.2   0.0   0.0  95.8   0.0    2    590    579    0    0    0  36.96    0.00  10.92   5.91  20.13  60.05  60.00  20.00  41.05  60.00  60.00  41.05   0.00
15:54:40   4.1   0.0   0.0  95.9   0.0    2    484    553    0    0    0  36.86    0.00  10.88   5.90  20.07  60.05  60.00  20.00  41.05  60.00  61.00  41.05   0.00
15:54:41   4.2   0.0   0.0  95.8   0.0    2    489    554    0    0    0  37.88    0.00  11.11   5.91  20.86  60.05  60.00  20.00  41.05  60.00  61.00  41.05   0.00
15:54:42   4.2   0.0   0.0  95.8   0.0    2    572    583    0    0    0  36.91    0.00  10.91   5.91  20.09  60.05  60.00  20.00  41.05  60.00  60.00  41.05   0.00
15:54:43   4.1   0.0   0.0  95.8   0.0    2    530    570    0    0    0  36.85    0.00  10.89   5.91  20.05  60.05  60.00  20.00  41.05  60.00  60.00  41.05   0.00
15:54:44   4.1   0.0   0.0  95.9   0.0    2    462    541    0    0    0  36.82    0.00  10.89   5.91  20.02  60.05  60.00  20.00  41.05  60.00  60.00  41.05   0.00
15:54:45   4.2   0.0   0.0  95.8   0.0    2    522    559    0    0    0  36.85    0.00  10.89   5.90  20.06  61.05  61.00  20.00  41.05  61.00  60.00  41.05   0.00
15:54:46   4.2   0.0   0.0  95.8   0.0    2    476    565    0    0    0  37.87    0.00  11.09   5.91  20.87  59.05  59.00  20.00  41.05  59.00  60.00  41.05   0.00
-------- ----- ----- ----- ----- ----- ---- ------ ------ ---- ---- ---- ------  ------ ------ ------ ------ ------ ------ ------ ------ ------ ------ ------ ------
 Average   4.1   0.0   0.0  95.9   0.0  2.0  535.8  554.7  0.1  0.0  0.0  36.93    0.00  10.84   5.84  20.26  60.56  60.51  20.00  41.70  60.50  61.32  42.03   0.00
 GeoMean   0.0   0.0   0.0  95.9   0.0  2.0  529.1  550.6  0.0  0.0  0.0  36.24    0.00  10.63   5.64  19.92  60.55  60.49  20.00  41.70  60.49  61.31  42.02   0.00
  StdDev   0.5   0.0   0.0   0.5   0.0  0.1   91.4   52.5  0.8  0.2  0.3   3.84    0.00   1.11   0.64   2.13   1.19   1.19   0.00   0.48   1.17   1.18   0.66   0.00
-------- ----- ----- ----- ----- ----- ---- ------ ------ ---- ---- ---- ------  ------ ------ ------ ------ ------ ------ ------ ------ ------ ------ ------ ------
 Minimum   0.0   0.0   0.0  95.5   0.0  1.0  155.0  130.0  0.0  0.0  0.0   2.53    0.00   0.69   0.08   1.76  52.05  52.00  20.00  41.05  52.00  57.00  41.05   0.00
 Maximum   4.4   0.0   0.1 100.0   0.1  3.0 1338.0  710.0 12.0  3.0  3.0  40.79    0.00  11.43   6.40  23.56  64.05  64.00  20.00  42.05  64.00  69.00  43.05   0.00
-------- ----- ----- ----- ----- ----- ---- ------ ------ ---- ---- ---- ------  ------ ------ ------ ------ ------ ------ ------ ------ ------ ------ ------ ------
Summary:
CPU:  36.93 Watts on average with standard deviation 3.84  
Note: power read from RAPL domains: uncore, pkg-0, core, psys.
These readings do not cover all the hardware in this device.

Histogram (of 243 power measurements)

 Range (Watts)  Count
 2.534 -  6.359     3 
 6.360 - 10.185     0 
10.186 - 14.011     0 
14.012 - 17.836     0 
17.837 - 21.662     0 
21.663 - 25.488     0 
25.489 - 29.314     0 
29.315 - 33.139     0 
33.140 - 36.965   142 ########################################
36.966 - 40.791    98 ###########################

Histogram (of 243 CPU utilization measurements)

Range (%CPU)  Count
0.000 - 0.454     3 
0.455 - 0.908     0 
0.909 - 1.363     0 
1.364 - 1.817     0 
1.818 - 2.272     0 
2.273 - 2.726     0 
2.727 - 3.181     0 
3.182 - 3.635     0 
3.636 - 4.090     1 
4.091 - 4.544   239 ########################################

Histogram (of 243 thermal zone TCPU readings)

 Range (°C)    Count
52.050 - 53.249     1 
53.250 - 54.449     2 
54.450 - 55.649     0 
55.650 - 56.849     0 
56.850 - 58.049     3 #
58.050 - 59.249    11 ####
59.250 - 60.449   106 ########################################
60.450 - 61.649    81 ##############################
61.650 - 62.849    38 ##############
62.850 - 64.049     1 

Histogram (of 243 thermal zone x86_pkg_temp readings)

 Range (°C)    Count
52.000 - 53.199     1 
53.200 - 54.399     2 
54.400 - 55.599     0 
55.600 - 56.799     0 
56.800 - 57.999     3 #
58.000 - 59.199    11 ####
59.200 - 60.399   108 ########################################
60.400 - 61.599    78 ############################
61.600 - 62.799    39 ##############
62.800 - 63.999     1 

Range is zero, cannot produce histogram of thermal zone INT3400 Thermal

Histogram (of 243 thermal zone SEN3 readings)

 Range (°C)    Count
41.050 - 41.149    84 #####################
41.150 - 41.249     0 
41.250 - 41.349     0 
41.350 - 41.449     0 
41.450 - 41.549     0 
41.550 - 41.649     0 
41.650 - 41.749     0 
41.750 - 41.849     0 
41.850 - 41.949     0 
41.950 - 42.049   159 ########################################

Histogram (of 243 thermal zone TCPU_PCI readings)

 Range (°C)    Count
52.000 - 53.199     1 
53.200 - 54.399     2 
54.400 - 55.599     0 
55.600 - 56.799     0 
56.800 - 57.999     2 
58.000 - 59.199    12 ####
59.200 - 60.399   106 ########################################
60.400 - 61.599    84 ###############################
61.600 - 62.799    35 #############
62.800 - 63.999     1 

Histogram (of 243 thermal zone iwlwifi_1 readings)

 Range (°C)    Count
57.000 - 58.199     2 
58.200 - 59.399     2 
59.400 - 60.599    45 ################
60.600 - 61.799   110 ########################################
61.800 - 62.999    83 ##############################
63.000 - 64.199     0 
64.200 - 65.399     0 
65.400 - 66.599     0 
66.600 - 67.799     0 
67.800 - 68.999     1 

Histogram (of 243 thermal zone acpitz readings)

 Range (°C)    Count
41.050 - 41.249    56 ################
41.250 - 41.449     0 
41.450 - 41.649     0 
41.650 - 41.849     0 
41.850 - 42.049   137 ########################################
42.050 - 42.249     0 
42.250 - 42.449     0 
42.450 - 42.649     0 
42.650 - 42.849     0 
42.850 - 43.049    50 ##############

Range is zero, cannot produce histogram of thermal zone SEN2
