Running for 86400.0 seconds (86400 samples at 1.0 second intervals).
Power measurements will start in 0 seconds time.

  Time    User  Nice   Sys  Idle    IO  Run Ctxt/s  IRQ/s Fork Exec Exit  Watts  uncore  pkg-0   core   psys   TCPU x86_pk   SEN2 INT340 TCPU_P iwlwif acpitz   SEN3
21:45:15   0.0   0.0   0.0 100.0   0.0    1    215    352    0    0    0   4.99    0.00   1.27   0.18   3.54  49.05  49.00  39.05  20.00  49.00  52.00  39.05   0.00
21:45:16   0.0   0.0   0.0  99.9   0.1    1    209    115    1    0    0   4.82    0.00   1.25   0.07   3.49  49.05  49.00  39.05  20.00  49.00  52.00  39.05   0.00
21:45:17   0.0   0.0   0.1  99.8   0.0    2    310    175    8    6    8   5.92    0.00   1.54   0.15   4.23  48.05  48.00  39.05  20.00  48.00  52.00  39.05   0.00
21:45:18  11.6   0.0   0.9  87.5   0.0    5  31424   4785   39    0    0  75.35    0.00  21.32  16.07  37.96  67.05  67.00  39.05  20.00  66.00  50.00  39.05   0.00
21:45:19  15.5   0.0   0.6  83.9   0.0    5  29618   3939    4    0    0  85.65    0.00  24.54  19.09  42.03  68.05  68.00  39.05  20.00  68.00  54.00  39.05   0.00
21:45:20  17.2   0.0   0.6  82.2   0.0    3  23567   4149   50    7   28  99.19    0.00  28.54  22.64  48.02  58.05  58.00  39.05  20.00  58.00  54.00  38.05   0.00
21:45:21  21.4   0.0   1.7  76.9   0.0    6  89128  16551   75    2   41  99.02    0.00  28.63  22.64  47.74  61.05  61.00  39.05  20.00  61.00  68.00  38.05   0.00
21:45:22  15.4   0.0   1.4  83.2   0.0    4  56725  10677   45   54   46  87.66    0.00  24.90  18.77  44.00  60.05  60.00  39.05  20.00  60.00  68.00  38.05   0.00
21:45:23  16.7   0.0   1.0  82.3   0.0    5  43694   5593   27   36   29  79.48    0.00  21.53  15.40  42.55  65.05  65.00  39.05  20.00  65.00  64.00  38.05   0.00
21:45:24  45.7   0.0   1.5  52.7   0.0   18  60739   8708   30    0    0 109.05    0.00  31.34  25.25  52.47  58.05  58.00  39.05  20.00  58.00  64.00  38.05   0.00
21:45:25  69.2   0.0   1.5  29.3   0.0   20  37123  12856    0    0    1 105.28    0.00  30.22  23.80  51.26  58.05  58.00  39.05  20.00  58.00  66.00  39.05   0.00
21:45:26  78.3   0.0   0.8  20.9   0.0   18  24882   7982    0    0    2 101.93    0.00  29.66  23.37  48.90  56.05  56.00  39.05  20.00  56.00  66.00  39.05   0.00
21:45:27  69.5   0.0   0.8  29.7   0.0   21  17855   6946    0    0    0 102.78    0.00  30.06  23.63  49.09  60.05  60.00  39.05  20.00  60.00  66.00  39.05   0.00
21:45:28  69.3   0.0   1.0  29.7   0.0    5  43413   9576    0    0    0  99.72    0.00  29.08  22.82  47.82  59.05  59.00  39.05  20.00  59.00  57.00  39.05   0.00
21:45:29  36.7   0.0   0.4  62.9   0.0    5  15737   4521    1    0    1 105.05    0.00  30.62  24.66  49.76  69.05  69.00  39.05  20.00  69.00  57.00  39.05   0.00
21:45:30  20.6   0.0   0.4  79.0   0.0   28  20661   3669    9    0    1  94.66    0.00  27.24  21.27  46.15  69.05  69.00  39.05  20.00  69.00  57.00  39.05   0.00
21:45:31  78.5   0.0   0.7  20.8   0.0   27  18301   8746   24    0    0 106.22    0.00  31.07  24.83  50.33  58.05  58.00  39.05  20.00  58.00  66.00  39.05   0.00
21:45:32  93.0   0.0   0.5   6.4   0.0    5   6247   7111    0    0    0  98.56    0.00  28.85  22.93  46.78  59.05  59.00  39.05  20.00  59.00  66.00  39.05   0.00
21:45:33  49.3   0.0   1.0  49.6   0.0    9  36562  45112    0    0    0 100.60    0.00  29.36  23.17  48.07  70.05  70.00  39.05  20.00  71.00  58.00  39.05   0.00
21:45:34  77.2   0.0   0.8  22.0   0.0   26  33524   7616    1    0    0 108.31    0.00  31.82  25.65  50.84  58.05  58.00  39.05  20.00  58.00  58.00  39.05   0.00
21:45:35  88.6   0.0   0.5  10.9   0.0   27  11336   7980    0    0    2 101.69    0.00  29.80  23.59  48.30  57.05  57.00  39.05  20.00  57.00  60.00  39.05   0.00
21:45:36  96.2   0.0   0.4   3.4   0.0   32  12256   8349    0    0    0 102.81    0.00  29.96  23.55  49.29  58.05  58.00  39.05  20.00  58.00  60.00  39.05   0.00
21:45:37  96.4   0.0   0.8   2.8   0.0   27  14122   8470    0    0    0 101.98    0.00  29.82  23.56  48.59  58.05  58.00  39.05  20.00  58.00  60.00  39.05   0.00
21:45:38  95.9   0.0   0.8   3.3   0.0   31  13143   8277    0    0    0 102.01    0.00  29.83  23.55  48.63  58.05  58.00  39.05  20.00  58.00  59.00  39.05   0.00
21:45:39  95.7   0.0   0.7   3.6   0.0   27  14754   8035    0    0    0 101.89    0.00  29.79  23.53  48.58  58.05  58.00  39.05  20.00  58.00  59.00  39.05   0.00
21:45:40  95.0   0.0   1.1   3.9   0.0   28  11854   7626    0    0    0 101.91    0.00  29.80  23.54  48.58  58.05  58.00  39.05  20.00  58.00  59.00  39.05   0.00
21:45:41  74.0   0.0   0.3  25.7   0.0    5  15373   6977    0    0    0  95.81    0.00  27.89  21.78  46.15  67.05  67.00  39.05  20.00  67.00  59.00  39.05   0.00
21:45:42  21.8   0.0   0.3  77.9   0.0    8  15852  20280    0    0    0 102.29    0.00  29.80  24.02  48.48  72.05  72.00  39.05  20.00  72.00  59.00  39.05   0.00
21:45:43  11.7   0.0   0.3  87.9   0.0    1  13654   3256    5    4   46  74.03    0.00  21.36  16.23  36.44  53.05  53.00  39.05  20.00  53.00  70.00  39.05   0.00
-------- ----- ----- ----- ----- ----- ---- ------ ------ ---- ---- ---- ------  ------ ------ ------ ------ ------ ------ ------ ------ ------ ------ ------ ------
 Average  50.4   0.0   0.7  48.9   0.0 13.8 24561.3 8566.5 11.0  3.8  7.1  88.23    0.00  25.55  19.99  42.69  59.98  59.93  39.05  20.00  59.93  60.00  38.88   0.00
 GeoMean   0.0   0.0   0.0  29.8   0.0  8.6 14072.2 5375.5  0.0  0.0  0.0  71.90    0.00  20.57  12.94  36.19  59.67  59.61  39.05  20.00  59.61  59.76  38.88   0.00
  StdDev  35.0   0.0   0.4  35.1   0.0 11.0 19545.4 8121.0 19.1 11.6 14.6  29.55    0.00   8.69   7.23  13.69   6.15   6.15   0.00   0.00   6.17   5.39   0.38   0.00
-------- ----- ----- ----- ----- ----- ---- ------ ------ ---- ---- ---- ------  ------ ------ ------ ------ ------ ------ ------ ------ ------ ------ ------ ------
 Minimum   0.0   0.0   0.0   2.8   0.0  1.0  209.0  115.0  0.0  0.0  0.0   4.82    0.00   1.25   0.07   3.49  48.05  48.00  39.05  20.00  48.00  50.00  38.05   0.00
 Maximum  96.4   0.0   1.7 100.0   0.1 32.0 89128.0 45112.0 75.0 54.0 46.0 109.05    0.00  31.82  25.65  52.47  72.05  72.00  39.05  20.00  72.00  70.00  39.05   0.00
-------- ----- ----- ----- ----- ----- ---- ------ ------ ---- ---- ---- ------  ------ ------ ------ ------ ------ ------ ------ ------ ------ ------ ------ ------
Summary:
CPU:  88.23 Watts on average with standard deviation 29.55 
Note: power read from RAPL domains: uncore, pkg-0, core, psys.
These readings do not cover all the hardware in this device.

Histogram (of 29 power measurements)

  Range (Watts)   Count
  4.817 -  15.240     3 ######
 15.241 -  25.664     0 
 25.665 -  36.087     0 
 36.088 -  46.511     0 
 46.512 -  56.935     0 
 56.936 -  67.359     0 
 67.360 -  77.782     2 ####
 77.783 -  88.206     3 ######
 88.207 -  98.630     3 ######
 98.631 - 109.054    18 ########################################

Histogram (of 29 CPU utilization measurements)

 Range (%CPU)   Count
 0.000 -  9.723     3 #################
 9.724 - 19.446     6 ##################################
19.447 - 29.170     3 #################
29.171 - 38.894     1 #####
38.895 - 48.617     1 #####
48.618 - 58.341     1 #####
58.342 - 68.064     0 
68.065 - 77.788     4 ######################
77.789 - 87.512     3 #################
87.513 - 97.235     7 ########################################

Histogram (of 29 thermal zone TCPU readings)

 Range (°C)    Count
48.050 - 50.449     3 ########
50.450 - 52.849     0 
52.850 - 55.249     1 ##
55.250 - 57.649     2 #####
57.650 - 60.049    14 ########################################
60.050 - 62.449     1 ##
62.450 - 64.849     0 
64.850 - 67.249     3 ########
67.250 - 69.649     3 ########
69.650 - 72.049     2 #####

Histogram (of 29 thermal zone x86_pkg_temp readings)

 Range (°C)    Count
48.000 - 50.399     3 ########
50.400 - 52.799     0 
52.800 - 55.199     1 ##
55.200 - 57.599     2 #####
57.600 - 59.999    14 ########################################
60.000 - 62.399     1 ##
62.400 - 64.799     0 
64.800 - 67.199     3 ########
67.200 - 69.599     3 ########
69.600 - 71.999     2 #####

Range is zero, cannot produce histogram of thermal zone SEN2

Range is zero, cannot produce histogram of thermal zone INT3400 Thermal

Histogram (of 29 thermal zone TCPU_PCI readings)

 Range (°C)    Count
48.000 - 50.399     3 ########
50.400 - 52.799     0 
52.800 - 55.199     1 ##
55.200 - 57.599     2 #####
57.600 - 59.999    14 ########################################
60.000 - 62.399     1 ##
62.400 - 64.799     0 
64.800 - 67.199     3 ########
67.200 - 69.599     3 ########
69.600 - 71.999     2 #####

Histogram (of 29 thermal zone iwlwifi_1 readings)

 Range (°C)    Count
50.000 - 51.999     4 ####################
52.000 - 53.999     2 ##########
54.000 - 55.999     0 
56.000 - 57.999     5 #########################
58.000 - 59.999     8 ########################################
60.000 - 61.999     0 
62.000 - 63.999     2 ##########
64.000 - 65.999     5 #########################
66.000 - 67.999     2 ##########
68.000 - 69.999     1 #####

Histogram (of 29 thermal zone acpitz readings)

 Range (°C)    Count
38.050 - 38.149     5 ########
38.150 - 38.249     0 
38.250 - 38.349     0 
38.350 - 38.449     0 
38.450 - 38.549     0 
38.550 - 38.649     0 
38.650 - 38.749     0 
38.750 - 38.849     0 
38.850 - 38.949     0 
38.950 - 39.049    24 ########################################

Range is zero, cannot produce histogram of thermal zone SEN3
