Running for 86400.0 seconds (86400 samples at 1.0 second intervals).
Power measurements will start in 0 seconds time.

  Time    User  Nice   Sys  Idle    IO  Run Ctxt/s  IRQ/s Fork Exec Exit  Watts  uncore  pkg-0   core   psys   TCPU x86_pk   SEN2 INT340 TCPU_P iwlwif acpitz   SEN3
22:05:48   0.0   0.0   0.1  99.9   0.0    1    386    444    0    0    0   5.33    0.00   1.34   0.23   3.75  49.05  49.00  39.05  20.00  49.00  54.00  39.05   0.00
22:05:49   0.0   0.0   0.0 100.0   0.0    1    185     96    0    0    0   3.60    0.00   0.86   0.07   2.67  49.05  49.00  39.05  20.00  49.00  54.00  39.05   0.00
22:05:50   0.0   0.0   0.2  99.8   0.0    2    323    167    9    6    8   3.99    0.00   0.96   0.15   2.88  48.05  48.00  39.05  20.00  48.00  51.00  39.05   0.00
22:05:51  12.5   0.0   0.7  86.8   0.0    9  30345   4503   38    0    0  75.57    0.00  20.79  15.38  39.40  67.05  67.00  39.05  20.00  67.00  51.00  39.05   0.00
22:05:52  16.7   0.0   0.5  82.7   0.1    5  26802   3823    4    0    0  72.39    0.00  20.09  14.36  37.94  57.05  57.00  39.05  20.00  57.00  62.00  39.05   0.00
22:05:53  18.2   0.0   0.4  81.4   0.0    3  22004   4368   30    4   28  72.89    0.00  20.19  14.20  38.51  57.05  57.00  39.05  20.00  57.00  62.00  39.05   0.00
22:05:54  22.5   0.0   1.9  75.6   0.0   13  82058  16432  100    5   47  99.69    0.00  28.71  22.66  48.33  58.05  58.00  39.05  20.00  58.00  62.00  39.05   0.00
22:05:55  16.6   0.0   0.8  82.6   0.0    5  49610   8934   12   10   15  71.18    0.00  19.90  14.25  37.03  58.05  58.00  39.05  20.00  58.00  58.00  39.05   0.00
22:05:56  13.6   0.0   1.0  85.3   0.0    5  34262   5228   60   80   60  73.63    0.00  20.22  13.75  39.66  64.05  64.00  39.05  20.00  64.00  57.00  39.05   0.00
22:05:57  31.7   0.0   1.0  67.3   0.0   25  49075   8033   33    0    0 100.38    0.00  29.04  23.10  48.24  59.05  59.00  39.05  20.00  59.00  57.00  39.05   0.00
22:05:58  75.3   0.0   1.8  22.9   0.0   20  55125  16319    0    0    0 104.39    0.00  30.50  24.18  49.71  58.05  58.00  39.05  20.00  58.00  60.00  39.05   0.00
22:05:59  67.2   0.0   0.7  32.1   0.0   22  21892   7061    0    0    1 101.96    0.00  29.77  23.51  48.68  56.05  56.00  39.05  20.00  56.00  60.00  39.05   0.00
22:06:00  73.2   0.0   1.1  25.7   0.0   19  22212   7619    0    0    2 103.61    0.00  30.31  24.00  49.30  58.05  58.00  39.05  20.00  59.00  58.00  39.05   0.00
22:06:01  65.3   0.0   0.8  33.9   0.0   16  38130   8670    0    0    0 101.61    0.00  29.68  23.43  48.50  59.05  58.00  39.05  20.00  58.00  58.00  39.05   0.00
22:06:02  38.7   0.0   0.6  60.7   0.1    5  20200   5349    2    0    1 105.10    0.00  30.66  24.70  49.73  58.05  58.00  39.05  20.00  58.00  59.00  39.05   0.00
22:06:03  24.6   0.0   0.3  75.1   0.0    3  16775   3541    0    0    0  97.92    0.00  28.01  21.94  47.97  67.05  67.00  39.05  20.00  67.00  59.00  39.05   0.00
22:06:04  56.3   0.0   0.7  43.0   0.0   24  31228   8475   32    0    2 111.72    0.00  32.87  26.85  52.00  60.05  60.00  39.05  20.00  60.00  59.00  39.05   0.00
22:06:05  97.0   0.0   1.0   2.0   0.0   19   9755  37388    0    0    0 101.73    0.00  29.86  23.91  47.96  55.05  55.00  39.05  20.00  55.00  68.00  39.05   0.00
22:06:06  66.8   0.0   0.7  32.5   0.0    3  14448   7413    0    0    0  97.77    0.00  28.55  22.44  46.78  58.05  58.00  39.05  20.00  58.00  58.00  39.05   0.00
22:06:07  19.6   0.0   0.6  79.8   0.0    8  66111   7805    0    0    0 102.29    0.00  29.65  23.84  48.81  69.05  69.00  39.05  20.00  69.00  58.00  39.05   0.00
22:06:08  82.9   0.0   0.5  16.5   0.0   10  17880   8020    0    0    0 105.17    0.00  30.71  24.32  50.14  62.05  62.00  39.05  20.00  62.00  62.00  39.05   0.00
22:06:09  95.1   0.0   0.7   4.2   0.0   32  11471   8018    0    0    1 106.53    0.00  31.29  24.94  50.31  58.05  58.00  39.05  20.00  57.00  62.00  39.05   0.00
22:06:10  96.8   0.0   0.7   2.5   0.0   30  13011   9163    0    0    0 102.35    0.00  29.94  23.64  48.76  58.05  58.00  39.05  20.00  58.00  58.00  39.05   0.00
22:06:11  96.4   0.0   0.7   3.0   0.0   31  12022   8474    0    0    0 101.98    0.00  29.82  23.50  48.66  57.05  57.00  39.05  20.00  58.00  58.00  39.05   0.00
22:06:12  95.6   0.0   0.7   3.7   0.0   27  15007   8519    0    0    0 101.59    0.00  29.69  23.39  48.51  58.05  58.00  39.05  20.00  58.00  58.00  39.05   0.00
22:06:13  94.6   0.0   0.8   4.6   0.0   37  14015   8038    0    0    0 101.42    0.00  29.63  23.31  48.48  58.05  58.00  39.05  20.00  58.00  58.00  39.05   0.00
22:06:14  86.3   0.0   0.9  12.9   0.0    5  12100   7237    0    0    0  97.33    0.00  28.34  22.08  46.90  58.05  58.00  39.05  20.00  58.00  58.00  39.05   0.00
22:06:15  57.2   0.0   0.3  42.5   0.0    5  23559  24081    0    0    0  97.51    0.00  28.40  22.27  46.84  66.05  66.00  39.05  20.00  65.00  59.00  39.05   0.00
22:06:16  17.4   0.0   0.2  82.4   0.0    5   4901   1872    0    0    2  82.71    0.00  23.41  17.73  41.56  64.05  64.00  39.05  20.00  64.00  65.00  39.05   0.00
22:06:17  13.3   0.0   0.3  86.5   0.0    4   8779   2130    1    0    1  68.76    0.00  19.44  13.82  35.50  58.05  58.00  39.05  20.00  58.00  65.00  39.05   0.00
22:06:18   9.9   0.0   0.6  89.5   0.0    1   6662   2866    7    4   48  63.87    0.00  18.07  12.59  33.21  54.05  54.00  39.05  20.00  52.00  56.00  39.05   0.00
-------- ----- ----- ----- ----- ----- ---- ------ ------ ---- ---- ---- ------  ------ ------ ------ ------ ------ ------ ------ ------ ------ ------ ------ ------
 Average  47.1   0.0   0.7  52.2   0.0 12.7 23559.1 8067.3 10.6  3.5  7.0  85.03    0.00  24.54  18.99  41.51  58.60  58.52  39.05  20.00  58.45  58.84  39.05   0.00
 GeoMean   0.0   0.0   0.0  31.9   0.0  7.9 13656.8 5039.4  0.0  0.0  0.0  68.67    0.00  19.45  12.61  34.91  58.40  58.31  39.05  20.00  58.25  58.73  39.05   0.00
  StdDev  34.6   0.0   0.4  34.8   0.0 10.9 19287.8 7239.1 21.9 14.2 15.8  29.54    0.00   8.78   7.38  13.50   4.84   4.84   0.00   0.00   4.86   3.61   0.00   0.00
-------- ----- ----- ----- ----- ----- ---- ------ ------ ---- ---- ---- ------  ------ ------ ------ ------ ------ ------ ------ ------ ------ ------ ------ ------
 Minimum   0.0   0.0   0.0   2.0   0.0  1.0  185.0   96.0  0.0  0.0  0.0   3.60    0.00   0.86   0.07   2.67  48.05  48.00  39.05  20.00  48.00  51.00  39.05   0.00
 Maximum  97.0   0.0   1.9 100.0   0.1 37.0 82058.0 37388.0 100.0 80.0 60.0 111.72    0.00  32.87  26.85  52.00  69.05  69.00  39.05  20.00  69.00  68.00  39.05   0.00
-------- ----- ----- ----- ----- ----- ---- ------ ------ ---- ---- ---- ------  ------ ------ ------ ------ ------ ------ ------ ------ ------ ------ ------ ------
Summary:
CPU:  85.03 Watts on average with standard deviation 29.54 
Note: power read from RAPL domains: uncore, pkg-0, core, psys.
These readings do not cover all the hardware in this device.

Histogram (of 31 power measurements)

  Range (Watts)   Count
  3.597 -  14.408     3 ########
 14.409 -  25.221     0 
 25.222 -  36.034     0 
 36.035 -  46.847     0 
 46.848 -  57.659     0 
 57.660 -  68.472     1 ##
 68.473 -  79.285     6 #################
 79.286 -  90.098     1 ##
 90.099 - 100.910     6 #################
100.911 - 111.723    14 ########################################

Histogram (of 31 CPU utilization measurements)

 Range (%CPU)   Count
 0.000 -  9.802     3 ###############
 9.803 - 19.605     8 ########################################
19.606 - 29.408     3 ###############
29.409 - 39.211     1 #####
39.212 - 49.014     1 #####
49.015 - 58.817     2 ##########
58.818 - 68.620     3 ###############
68.621 - 78.423     2 ##########
78.424 - 88.226     2 ##########
88.227 - 98.029     6 ##############################

Histogram (of 31 thermal zone TCPU readings)

 Range (째C)    Count
48.050 - 50.149     3 ########
50.150 - 52.249     0 
52.250 - 54.349     1 ##
54.350 - 56.449     2 #####
56.450 - 58.549    15 ########################################
58.550 - 60.649     3 ########
60.650 - 62.749     1 ##
62.750 - 64.849     2 #####
64.850 - 66.949     1 ##
66.950 - 69.049     3 ########

Histogram (of 31 thermal zone x86_pkg_temp readings)

 Range (째C)    Count
48.000 - 50.099     3 #######
50.100 - 52.199     0 
52.200 - 54.299     1 ##
54.300 - 56.399     2 #####
56.400 - 58.499    16 ########################################
58.500 - 60.599     2 #####
60.600 - 62.699     1 ##
62.700 - 64.799     2 #####
64.800 - 66.899     1 ##
66.900 - 68.999     3 #######

Range is zero, cannot produce histogram of thermal zone SEN2

Range is zero, cannot produce histogram of thermal zone INT3400 Thermal

Histogram (of 31 thermal zone TCPU_PCI readings)

 Range (째C)    Count
48.000 - 50.099     3 ########
50.100 - 52.199     1 ##
52.200 - 54.299     0 
54.300 - 56.399     2 #####
56.400 - 58.499    15 ########################################
58.500 - 60.599     3 ########
60.600 - 62.699     1 ##
62.700 - 64.799     2 #####
64.800 - 66.899     1 ##
66.900 - 68.999     3 ########

Histogram (of 31 thermal zone iwlwifi_1 readings)

 Range (째C)    Count
51.000 - 52.699     2 #####
52.700 - 54.399     2 #####
54.400 - 56.099     1 ##
56.100 - 57.799     2 #####
57.800 - 59.499    14 ########################################
59.500 - 61.199     2 #####
61.200 - 62.899     5 ##############
62.900 - 64.599     0 
64.600 - 66.299     2 #####
66.300 - 67.999     1 ##

Range is zero, cannot produce histogram of thermal zone acpitz

Range is zero, cannot produce histogram of thermal zone SEN3
