Running for 86400.0 seconds (86400 samples at 1.0 second intervals).
Power measurements will start in 0 seconds time.

  Time    User  Nice   Sys  Idle    IO  Run Ctxt/s  IRQ/s Fork Exec Exit  Watts  uncore  pkg-0   core   psys   TCPU x86_pk INT340   SEN3 TCPU_P iwlwif acpitz   SEN2
15:55:43   0.0   0.0   0.0 100.0   0.0    1    238    359    0    0    0   5.03    0.00   1.35   0.21   3.47  55.05  55.00  20.00  42.05  55.00  61.00  43.05   0.00
15:55:44   0.0   0.0   0.0 100.0   0.0    1    146     94    0    0    0   2.04    0.00   0.57   0.07   1.40  54.05  54.00  20.00  42.05  54.00  61.00  43.05   0.00
15:55:45   0.0   0.0   0.1  99.9   0.0    3    204    111    6    3    3   2.53    0.00   0.71   0.16   1.66  52.05  52.00  20.00  42.05  52.00  57.00  43.05   0.00
15:55:46   4.6   0.0   0.2  95.1   0.1    2   1385    753   12    0    0  39.38    0.00  11.47   6.22  21.69  60.05  60.00  20.00  42.05  60.00  57.00  43.05   0.00
15:55:47   4.1   0.0   0.1  95.8   0.0    2    652    580    0    0    0  38.14    0.00  11.16   5.93  21.04  61.05  61.00  20.00  42.05  61.00  57.00  43.05   0.00
15:55:48   4.2   0.0   0.0  95.8   0.0    2    787    557    0    0    0  37.19    0.00  10.99   5.96  20.24  60.05  60.00  20.00  42.05  60.00  59.00  43.05   0.00
15:55:49   4.1   0.0   0.1  95.8   0.0    2    724    693    0    0    0  39.82    0.00  11.31   6.19  22.31  61.05  61.00  20.00  42.05  61.00  61.00  43.05   0.00
15:55:50   4.2   0.0   0.0  95.8   0.0    2    490    507    0    0    0  39.06    0.00  11.02   5.93  22.11  61.05  61.00  20.00  42.05  61.00  61.00  43.05   0.00
15:55:51   4.1   0.0   0.0  95.9   0.0    2    602    568    0    0    0  39.07    0.00  11.02   5.91  22.14  61.05  61.00  20.00  42.05  61.00  62.00  43.05   0.00
15:55:52   4.2   0.0   0.0  95.8   0.0    2    637    491    0    0    0  38.18    0.00  11.02   5.94  21.22  60.05  60.00  20.00  42.05  60.00  62.00  43.05   0.00
15:55:53   4.2   0.0   0.0  95.7   0.0    2    499    554    0    0    0  38.24    0.00  11.17   5.92  21.15  60.05  60.00  20.00  42.05  60.00  62.00  43.05   0.00
15:55:54   4.2   0.0   0.0  95.8   0.0    2    586    562    0    0    0  37.25    0.00  11.01   5.95  20.29  60.05  60.00  20.00  42.05  60.00  62.00  43.05   0.00
15:55:55   4.2   0.0   0.0  95.8   0.0    2    530    559    0    0    0  37.12    0.00  10.97   5.92  20.23  60.05  60.00  20.00  42.05  60.00  61.00  43.05   0.00
15:55:56   4.1   0.0   0.0  95.8   0.0    2    530    543    0    0    0  37.11    0.00  10.98   5.92  20.21  60.05  60.00  20.00  42.05  60.00  61.00  43.05   0.00
15:55:57   4.2   0.0   0.0  95.8   0.0    2    486    546    0    0    0  37.12    0.00  10.98   5.93  20.21  59.05  59.00  20.00  42.05  59.00  61.00  43.05   0.00
15:55:58   4.2   0.0   0.0  95.8   0.0    2    584    564    0    0    0  38.16    0.00  11.18   5.94  21.05  60.05  60.00  20.00  42.05  60.00  61.00  43.05   0.00
15:55:59   4.2   0.0   0.0  95.8   0.0    2    553    536    0    0    0  37.06    0.00  10.96   5.91  20.19  60.05  60.00  20.00  42.05  60.00  60.00  43.05   0.00
15:56:00   4.1   0.0   0.0  95.9   0.0    2    547    561    0    0    0  37.13    0.00  10.97   5.92  20.23  60.05  60.00  20.00  42.05  60.00  60.00  43.05   0.00
15:56:01   4.2   0.0   0.0  95.7   0.1    2    519    588    0    0    0  38.10    0.00  11.15   5.93  21.02  60.05  60.00  20.00  42.05  60.00  61.00  43.05   0.00
15:56:02   4.2   0.0   0.0  95.8   0.0    2    588    549    0    0    0  37.40    0.00  11.02   5.92  20.46  61.05  61.00  20.00  42.05  61.00  61.00  43.05   0.00
15:56:03   4.1   0.0   0.0  95.8   0.0    2    539    580    0    0    0  38.11    0.00  11.15   5.91  21.05  59.05  59.00  20.00  42.05  59.00  60.00  43.05   0.00
15:56:04   4.2   0.0   0.0  95.8   0.0    2    532    518    0    0    0  36.98    0.00  10.93   5.90  20.15  60.05  60.00  20.00  42.05  60.00  60.00  43.05   0.00
15:56:05   4.1   0.0   0.0  95.8   0.0    2    480    549    0    0    0  37.06    0.00  10.96   5.92  20.19  60.05  60.00  20.00  42.05  60.00  60.00  43.05   0.00
15:56:06   4.2   0.0   0.0  95.8   0.0    2    561    571    0    0    0  37.07    0.00  10.96   5.92  20.19  60.05  60.00  20.00  42.05  60.00  60.00  43.05   0.00
15:56:07   4.2   0.0   0.0  95.8   0.0    2    536    564    0    0    0  37.14    0.00  10.98   5.94  20.22  60.05  60.00  20.00  42.05  60.00  60.00  43.05   0.00
15:56:08   4.2   0.0   0.0  95.8   0.0    2    531    559    0    0    0  37.13    0.00  10.99   5.95  20.19  59.05  59.00  20.00  42.05  59.00  60.00  43.05   0.00
15:56:09   4.2   0.0   0.0  95.8   0.0    2    473    545    0    0    0  37.08    0.00  10.97   5.93  20.18  60.05  60.00  20.00  42.05  60.00  60.00  43.05   0.00
15:56:10   4.2   0.0   0.0  95.8   0.0    2    600    578    0    0    0  37.34    0.00  11.02   5.97  20.35  59.05  59.00  20.00  42.05  59.00  60.00  43.05   0.00
15:56:11   4.1   0.0   0.0  95.8   0.0    2    542    559    0    0    0  37.06    0.00  10.96   5.91  20.20  60.05  60.00  20.00  42.05  60.00  60.00  43.05   0.00
15:56:12   4.2   0.0   0.0  95.8   0.0    2    581    552    0    0    0  38.12    0.00  11.16   5.92  21.04  59.05  59.00  20.00  42.05  59.00  60.00  43.05   0.00
15:56:13   4.2   0.0   0.0  95.8   0.0    2    503    553    0    0    0  37.12    0.00  10.97   5.94  20.21  60.05  60.00  20.00  42.05  60.00  60.00  43.05   0.00
15:56:14   4.2   0.0   0.0  95.8   0.0    2    540    527    0    0    0  37.01    0.00  10.94   5.91  20.17  60.05  60.00  20.00  42.05  60.00  60.00  43.05   0.00
15:56:15   4.2   0.0   0.0  95.8   0.0    2    531    542    0    0    0  36.97    0.00  10.93   5.91  20.13  60.05  60.00  20.00  42.05  60.00  60.00  43.05   0.00
15:56:16   4.2   0.0   0.0  95.8   0.0    2    528    516    0    0    0  37.04    0.00  10.95   5.92  20.17  59.05  59.00  20.00  42.05  59.00  60.00  43.05   0.00
15:56:17   4.1   0.0   0.0  95.8   0.0    2    500    553    0    0    0  37.13    0.00  10.98   5.94  20.21  60.05  60.00  20.00  42.05  60.00  60.00  43.05   0.00
15:56:18   4.2   0.0   0.0  95.8   0.0    2    859    586    0    0    0  37.16    0.00  10.98   5.94  20.23  59.05  59.00  20.00  42.05  59.00  60.00  43.05   0.00
15:56:19   4.1   0.0   0.0  95.9   0.0    2    516    509    0    0    0  36.99    0.00  10.95   5.92  20.12  60.05  60.00  20.00  42.05  60.00  60.00  43.05   0.00
15:56:20   4.1   0.0   0.0  95.9   0.0    2    531    537    0    0    0  36.98    0.00  10.94   5.91  20.14  59.05  59.00  20.00  42.05  59.00  60.00  43.05   0.00
15:56:21   4.2   0.0   0.0  95.8   0.0    2    487    518    0    0    0  37.07    0.00  10.97   5.93  20.17  60.05  60.00  20.00  42.05  60.00  60.00  43.05   0.00
15:56:22   4.2   0.0   0.0  95.8   0.0    2    574    584    0    0    0  37.10    0.00  10.97   5.94  20.18  60.05  60.00  20.00  42.05  60.00  60.00  43.05   0.00
15:56:23   4.2   0.0   0.1  95.8   0.0    2    716    712    0    0    0  39.00    0.00  11.22   6.15  21.63  60.05  60.00  20.00  42.05  60.00  60.00  43.05   0.00
15:56:24   4.2   0.0   0.0  95.8   0.0    2    551    570    0    0    1  39.02    0.00  11.01   5.91  22.09  59.05  59.00  20.00  42.05  59.00  60.00  43.05   0.00
15:56:25   4.2   0.0   0.0  95.8   0.0    2    466    561    0    0    0  39.01    0.00  11.01   5.92  22.07  60.05  60.00  20.00  42.05  60.00  60.00  43.05   0.00
15:56:26   4.2   0.0   0.0  95.8   0.0    2    542    573    0    0    0  38.64    0.00  11.01   5.93  21.69  59.05  59.00  20.00  42.05  59.00  60.00  43.05   0.00
15:56:27   4.2   0.0   0.0  95.8   0.0    2    548    597    0    0    0  37.33    0.00  10.98   5.94  20.42  60.05  60.00  20.00  42.05  60.00  60.00  43.05   0.00
15:56:28   4.2   0.0   0.0  95.8   0.0    2    538    563    0    0    0  37.06    0.00  10.97   5.94  20.15  60.05  60.00  20.00  42.05  60.00  60.00  43.05   0.00
15:56:29   4.2   0.0   0.0  95.8   0.0    1    477    537    0    0    0  37.04    0.00  10.96   5.92  20.15  59.05  59.00  20.00  42.05  59.00  60.00  43.05   0.00
15:56:30   4.2   0.0   0.0  95.8   0.0    2    577    593    0    0    0  37.11    0.00  10.98   5.93  20.20  60.05  60.00  20.00  42.05  60.00  60.00  43.05   0.00
15:56:31   4.2   0.0   0.0  95.8   0.0    2    594    580    0    0    0  37.06    0.00  10.96   5.91  20.19  59.05  59.00  20.00  42.05  59.00  60.00  43.05   0.00
15:56:32   4.2   0.0   0.0  95.8   0.0    2    507    616    0    0    0  38.19    0.00  11.20   5.96  21.03  60.05  60.00  20.00  42.05  60.00  60.00  43.05   0.00
15:56:33   4.1   0.0   0.0  95.8   0.0    2    548    547    0    0    0  37.04    0.00  10.96   5.91  20.18  59.05  59.00  20.00  42.05  59.00  60.00  43.05   0.00
15:56:34   4.1   0.0   0.0  95.9   0.0    3    482    523    0    0    0  36.97    0.00  10.94   5.90  20.13  59.05  59.00  20.00  42.05  59.00  60.00  43.05   0.00
15:56:35   4.2   0.0   0.0  95.8   0.0    2    603    574    0    0    0  37.04    0.00  10.95   5.91  20.19  60.05  60.00  20.00  42.05  60.00  60.00  43.05   0.00
15:56:36   4.1   0.0   0.0  95.8   0.0    2    488    544    0    0    0  38.07    0.00  11.14   5.92  21.02  59.05  59.00  20.00  42.05  59.00  60.00  43.05   0.00
15:56:37   4.1   0.0   0.0  95.9   0.0    2    536    541    0    0    0  36.99    0.00  10.94   5.91  20.14  59.05  59.00  20.00  42.05  59.00  60.00  43.05   0.00
15:56:38   4.2   0.0   0.0  95.8   0.0    3    493    552    0    0    0  37.01    0.00  10.95   5.91  20.15  59.05  59.00  20.00  42.05  59.00  60.00  43.05   0.00
15:56:39   4.1   0.0   0.0  95.8   0.0    2    593    611    0    0    0  37.21    0.00  11.00   5.96  20.25  60.05  60.00  20.00  42.05  59.00  60.00  43.05   0.00
15:56:40   4.1   0.0   0.0  95.9   0.0    2    502    558    0    0    0  36.94    0.00  10.91   5.90  20.13  59.05  59.00  20.00  42.05  59.00  60.00  43.05   0.00
15:56:41   4.2   0.0   0.0  95.8   0.0    2    541    553    0    0    0  36.99    0.00  10.93   5.91  20.16  59.05  59.00  20.00  42.05  59.00  60.00  43.05   0.00
15:56:42   4.2   0.0   0.0  95.8   0.0    2    516    584    0    0    0  37.03    0.00  10.94   5.92  20.18  59.05  59.00  20.00  42.05  59.00  60.00  43.05   0.00
15:56:43   4.2   0.0   0.0  95.8   0.0    2    586    577    0    0    0  36.98    0.00  10.93   5.90  20.15  59.05  59.00  20.00  42.05  59.00  60.00  43.05   0.00
15:56:44   4.2   0.0   0.1  95.8   0.0    2    482    549    0    0    0  37.00    0.00  10.94   5.92  20.15  59.05  59.00  20.00  42.05  59.00  60.00  43.05   0.00
15:56:45   4.1   0.0   0.0  95.9   0.0    2    533    565    0    0    0  37.08    0.00  10.97   5.94  20.16  59.05  59.00  20.00  42.05  59.00  60.00  43.05   0.00
15:56:46   4.2   0.0   0.0  95.8   0.0    2    498    559    0    0    0  37.00    0.00  10.94   5.92  20.14  60.05  60.00  20.00  42.05  60.00  60.00  43.05   0.00
15:56:47   4.2   0.0   0.0  95.8   0.0    2    606    615    0    0    0  38.09    0.00  11.14   5.92  21.02  59.05  59.00  20.00  42.05  59.00  60.00  43.05   0.00
15:56:48   4.2   0.0   0.0  95.8   0.0    2    786    616    0    0    0  37.19    0.00  10.99   5.96  20.25  59.05  59.00  20.00  42.05  59.00  60.00  43.05   0.00
15:56:49   4.1   0.0   0.1  95.8   0.0    2    698    668    1    0    0  39.28    0.00  11.24   6.15  21.88  59.05  59.00  20.00  42.05  59.00  60.00  43.05   0.00
15:56:50   4.2   0.0   0.0  95.8   0.0    2    506    581    0    0    0  39.00    0.00  11.00   5.91  22.10  59.05  59.00  20.00  42.05  59.00  60.00  43.05   0.00
15:56:51   4.1   0.0   0.0  95.9   0.0    2    592    585    0    0    0  38.95    0.00  10.99   5.90  22.06  59.05  59.00  20.00  42.05  59.00  60.00  43.05   0.00
15:56:52   4.2   0.0   0.0  95.8   0.0    2    528    591    0    0    0  39.40    0.00  11.18   5.92  22.30  59.05  59.00  20.00  42.05  59.00  60.00  43.05   0.00
15:56:53   4.1   0.0   0.0  95.9   0.0    2    548    561    0    0    0  37.18    0.00  10.95   5.92  20.32  59.05  59.00  20.00  42.05  59.00  60.00  42.05   0.00
15:56:54   4.1   0.0   0.0  95.9   0.0    3    499    556    0    0    0  37.13    0.00  10.99   5.96  20.18  59.05  59.00  20.00  42.05  59.00  60.00  42.05   0.00
15:56:55   4.2   0.0   0.0  95.8   0.0    2    597    582    0    0    0  36.99    0.00  10.94   5.90  20.15  59.05  59.00  20.00  42.05  59.00  60.00  42.05   0.00
15:56:56   4.2   0.0   0.0  95.8   0.0    2    470    550    0    0    0  37.00    0.00  10.95   5.91  20.13  59.05  59.00  20.00  42.05  59.00  60.00  42.05   0.00
15:56:57   4.2   0.0   0.0  95.8   0.0    2    544    592    0    0    0  37.20    0.00  11.00   5.96  20.24  59.05  59.00  20.00  42.05  59.00  60.00  42.05   0.00
15:56:58   4.2   0.0   0.0  95.8   0.0    2    502    570    0    0    0  37.07    0.00  10.96   5.93  20.19  59.05  59.00  20.00  42.05  59.00  60.00  42.05   0.00
15:56:59   4.1   0.0   0.0  95.9   0.0    2    572    588    0    0    0  37.07    0.00  10.95   5.92  20.20  59.05  59.00  20.00  42.05  59.00  60.00  42.05   0.00
15:57:00   4.2   0.0   0.0  95.8   0.0    2    503    578    0    0    0  37.13    0.00  10.97   5.94  20.22  59.05  59.00  20.00  42.05  59.00  60.00  42.05   0.00
15:57:01   4.2   0.0   0.0  95.8   0.0    2    554    584    0    0    0  38.13    0.00  11.17   5.93  21.03  59.05  59.00  20.00  42.05  59.00  60.00  42.05   0.00
15:57:02   4.1   0.0   0.0  95.8   0.0    2    570    599    0    0    0  38.19    0.00  11.17   5.94  21.08  59.05  59.00  20.00  42.05  59.00  60.00  42.05   0.00
15:57:03   4.1   0.0   0.0  95.9   0.0    2    596    600    0    0    0  37.09    0.00  10.96   5.93  20.20  59.05  59.00  20.00  42.05  59.00  60.00  42.05   0.00
15:57:04   4.2   0.0   0.0  95.8   0.0    2    476    558    0    0    0  37.10    0.00  10.97   5.93  20.20  59.05  59.00  20.00  42.05  59.00  60.00  42.05   0.00
15:57:05   4.2   0.0   0.0  95.8   0.0    2    539    575    0    0    0  37.16    0.00  11.00   5.95  20.21  59.05  59.00  20.00  42.05  59.00  60.00  42.05   0.00
15:57:06   4.2   0.0   0.0  95.8   0.0    2    496    560    0    0    0  36.99    0.00  10.94   5.91  20.15  59.05  59.00  20.00  42.05  59.00  60.00  42.05   0.00
15:57:07   4.1   0.0   0.0  95.8   0.0    2    608    610    0    0    0  38.14    0.00  11.16   5.93  21.05  59.05  60.00  20.00  42.05  60.00  60.00  42.05   0.00
15:57:08   4.2   0.0   0.0  95.8   0.0    2    480    552    0    0    0  36.98    0.00  10.93   5.91  20.14  59.05  59.00  20.00  42.05  59.00  60.00  42.05   0.00
15:57:09   4.1   0.0   0.0  95.8   0.0    2    534    579    0    0    0  37.03    0.00  10.95   5.91  20.17  59.05  59.00  20.00  42.05  59.00  60.00  42.05   0.00
15:57:10   4.2   0.0   0.0  95.8   0.0    2    550    584    0    0    0  37.22    0.00  11.01   5.98  20.24  59.05  59.00  20.00  42.05  59.00  60.00  42.05   0.00
15:57:11   4.2   0.0   0.0  95.8   0.0    2    586    631    0    0    0  37.15    0.00  10.98   5.94  20.23  59.05  59.00  20.00  42.05  60.00  60.00  42.05   0.00
15:57:12   4.2   0.0   0.0  95.8   0.0    2    488    563    0    0    0  37.02    0.00  10.94   5.91  20.17  59.05  59.00  20.00  42.05  59.00  60.00  42.05   0.00
15:57:13   4.1   0.0   0.0  95.8   0.0    2    541    564    0    0    0  37.10    0.00  10.95   5.93  20.23  59.05  59.00  20.00  42.05  59.00  60.00  42.05   0.00
15:57:14   4.2   0.0   0.0  95.8   0.0    2    519    540    0    0    0  36.96    0.00  10.92   5.91  20.12  59.05  59.00  20.00  42.05  59.00  60.00  42.05   0.00
15:57:15   4.2   0.0   0.0  95.8   0.0    2    562    599    0    0    0  37.13    0.00  10.97   5.96  20.20  59.05  59.00  20.00  42.05  59.00  60.00  42.05   0.00
15:57:16   4.2   0.0   0.0  95.8   0.0    2    526    542    0    0    0  37.04    0.00  10.94   5.92  20.17  59.05  59.00  20.00  42.05  59.00  60.00  42.05   0.00
15:57:17   4.2   0.0   0.0  95.8   0.0    2    488    568    0    0    0  37.06    0.00  10.94   5.95  20.17  59.05  59.00  20.00  42.05  60.00  60.00  42.05   0.00
15:57:18   4.2   0.0   0.0  95.8   0.0    2    866    605    0    0    0  37.15    0.00  10.97   5.94  20.23  59.05  59.00  20.00  42.05  58.00  60.00  42.05   0.00
15:57:19   4.1   0.0   0.0  95.8   0.0    2    518    534    0    0    0  36.94    0.00  10.92   5.91  20.11  59.05  59.00  20.00  42.05  59.00  59.00  42.05   0.00
15:57:20   4.2   0.0   0.0  95.8   0.0    2    552    546    0    0    0  37.05    0.00  10.94   5.94  20.16  59.05  59.00  20.00  42.05  59.00  60.00  42.05   0.00
15:57:21   4.2   0.0   0.0  95.8   0.0    2    493    562    0    0    0  37.00    0.00  10.93   5.93  20.14  59.05  59.00  20.00  42.05  59.00  60.00  42.05   0.00
15:57:22   4.2   0.0   0.0  95.8   0.0    2    611    604    0    0    0  38.07    0.00  11.13   5.93  21.02  59.05  59.00  20.00  42.05  59.00  60.00  42.05   0.00
15:57:23   4.1   0.0   0.0  95.8   0.0    2    687    694    0    0    0  39.20    0.00  11.23   6.17  21.81  59.05  59.00  20.00  42.05  59.00  60.00  42.05   0.00
15:57:24   4.1   0.0   0.0  95.8   0.0    2    540    557    0    0    0  39.01    0.00  11.01   5.92  22.08  59.05  59.00  20.00  42.05  59.00  59.00  42.05   0.00
15:57:25   4.2   0.0   0.0  95.8   0.0    2    487    555    0    0    0  39.00    0.00  11.00   5.92  22.08  60.05  60.00  20.00  42.05  60.00  59.00  42.05   0.00
15:57:26   4.1   0.0   0.0  95.8   0.0    2    562    541    0    0    0  39.47    0.00  11.19   5.94  22.34  59.05  59.00  20.00  42.05  59.00  59.00  42.05   0.00
15:57:27   4.2   0.0   0.0  95.8   0.0    2    554    597    0    0    0  37.21    0.00  10.94   5.92  20.34  59.05  59.00  20.00  42.05  59.00  59.00  42.05   0.00
15:57:28   4.2   0.0   0.0  95.8   0.0    2    537    545    0    0    0  37.04    0.00  10.95   5.92  20.17  59.05  59.00  20.00  42.05  59.00  59.00  42.05   0.00
15:57:29   4.2   0.0   0.0  95.8   0.0    2    462    569    0    0    0  37.07    0.00  10.96   5.94  20.17  59.05  59.00  20.00  42.05  59.00  59.00  42.05   0.00
15:57:30   4.1   0.0   0.0  95.8   0.0    2    558    563    0    0    0  37.04    0.00  10.95   5.92  20.16  59.05  59.00  20.00  42.05  59.00  59.00  42.05   0.00
15:57:31   4.2   0.0   0.0  95.8   0.0    2    530    609    0    0    0  37.08    0.00  10.97   5.94  20.18  59.05  59.00  20.00  42.05  59.00  59.00  42.05   0.00
15:57:32   4.2   0.0   0.0  95.8   0.0    2    542    563    0    0    0  37.04    0.00  10.94   5.92  20.18  59.05  59.00  20.00  42.05  59.00  59.00  42.05   0.00
15:57:33   4.1   0.0   0.0  95.9   0.0    2    486    576    0    0    0  37.10    0.00  10.97   5.93  20.20  59.05  59.00  20.00  42.05  59.00  59.00  42.05   0.00
15:57:34   4.2   0.0   0.0  95.8   0.0    3    555    567    0    0    0  37.09    0.00  10.97   5.94  20.19  59.05  59.00  20.00  42.05  59.00  60.00  42.05   0.00
15:57:35   4.1   0.0   0.0  95.8   0.0    2    527    604    0    0    0  37.02    0.00  10.94   5.92  20.17  59.05  59.00  20.00  42.05  59.00  60.00  42.05   0.00
15:57:36   4.1   0.0   0.0  95.9   0.0    2    634    550    0    0    0  45.55    0.00  13.69   8.73  23.12  69.05  69.00  20.00  42.05  69.00  59.00  42.05   0.00
15:57:37   4.2   0.0   0.0  95.8   0.0    2    772    588    1    0    0  54.22    0.00  16.49  11.60  26.13  70.05  70.00  20.00  42.05  70.00  59.00  42.05   0.00
15:57:38   4.1   0.0   0.0  95.9   0.0    2    744    558    0    0    0  54.37    0.00  16.53  11.64  26.20  70.05  70.00  20.00  42.05  70.00  59.00  42.05   0.00
15:57:39   4.2   0.0   0.0  95.8   0.0    2    866    590    0    0    0  54.38    0.00  16.50  11.62  26.26  70.05  70.00  20.00  42.05  70.00  71.00  42.05   0.00
15:57:40   4.2   0.0   0.0  95.8   0.0    2    778    542    0    0    0  54.26    0.00  16.49  11.61  26.16  69.05  69.00  20.00  42.05  69.00  71.00  42.05   0.00
15:57:41   4.2   0.0   0.0  95.8   0.0    2    703    579    0    0    0  55.37    0.00  16.71  11.63  27.03  69.05  69.00  20.00  42.05  70.00  71.00  42.05   0.00
15:57:42   4.2   0.0   0.0  95.8   0.0    2    754    598    0    0    0  54.27    0.00  16.48  11.59  26.20  72.05  72.00  20.00  42.05  72.00  71.00  42.05   0.00
15:57:43   4.1   0.0   0.0  95.8   0.0    2    868    593    1    0    0  54.31    0.00  16.51  11.62  26.18  69.05  69.00  20.00  42.05  69.00  71.00  42.05   0.00
15:57:44   4.1   0.0   0.0  95.9   0.0    2    754    524    0    0    0  54.34    0.00  16.52  11.63  26.19  72.05  72.00  20.00  42.05  70.00  71.00  42.05   0.00
15:57:45   4.1   0.0   0.0  95.8   0.0    2    762    587    0    0    0  54.35    0.00  16.52  11.63  26.19  72.05  72.00  20.00  42.05  72.00  71.00  42.05   0.00
15:57:46   4.2   0.0   0.1  95.8   0.0    2    746    562    0    0    0  54.62    0.00  16.52  11.64  26.46  72.05  72.00  20.00  42.05  72.00  71.00  42.05   0.00
15:57:47   4.1   0.0   0.0  95.9   0.0    2    790    570    0    0    0  54.61    0.00  16.52  11.66  26.43  70.05  70.00  20.00  42.05  70.00  72.00  42.05   0.00
15:57:48   4.1   0.0   0.0  95.9   0.0    2    742    553    0    0    0  54.52    0.00  16.52  11.62  26.38  70.05  70.00  20.00  42.05  70.00  72.00  42.05   0.00
15:57:49   4.2   0.0   0.0  95.8   0.0    2   1173    707    0    0    0  57.14    0.00  16.83  11.89  28.42  70.05  70.00  20.00  42.05  70.00  72.00  42.05   0.00
15:57:50   4.2   0.0   0.0  95.8   0.0    2    762    588    0    0    0  56.57    0.00  16.58  11.63  28.35  70.05  70.00  20.00  42.05  70.00  72.00  42.05   0.00
15:57:51   4.2   0.0   0.0  95.8   0.0    2    800    628    0    0    0  57.75    0.00  16.79  11.65  29.31  72.05  72.00  20.00  42.05  70.00  72.00  42.05   0.00
15:57:52   4.1   0.0   0.0  95.9   0.0    2    769    555    0    0    0  55.70    0.00  16.57  11.64  27.50  72.05  72.00  20.00  42.05  72.00  72.00  42.05   0.00
15:57:53   4.2   0.0   0.0  95.8   0.0    2    816    552    0    0    0  54.65    0.00  16.52  11.63  26.51  69.05  69.00  20.00  42.05  69.00  72.00  42.05   0.00
15:57:54   4.1   0.0   0.0  95.8   0.0    2    744    562    0    0    0  54.61    0.00  16.53  11.64  26.45  70.05  70.00  20.00  42.05  70.00  72.00  42.05   0.00
15:57:55   4.2   0.0   0.0  95.8   0.0    2    815    561    0    0    0  54.72    0.00  16.57  11.69  26.46  70.05  70.00  20.00  42.05  70.00  71.00  42.05   0.00
15:57:56   4.1   0.0   0.0  95.8   0.0    2    741    544    0    0    0  54.56    0.00  16.54  11.65  26.37  72.05  72.00  20.00  42.05  72.00  71.00  42.05   0.00
15:57:57   4.2   0.0   0.0  95.8   0.0    2    743    586    0    0    0  54.62    0.00  16.50  11.61  26.51  72.05  72.00  20.00  42.05  72.00  72.00  42.05   0.00
15:57:58   4.1   0.0   0.0  95.9   0.0    2    748    557    0    0    0  54.59    0.00  16.53  11.64  26.43  72.05  72.00  20.00  42.05  72.00  72.00  42.05   0.00
15:57:59   4.2   0.0   0.0  95.8   0.0    2    769    588    0    0    0  54.73    0.00  16.52  11.62  26.59  70.05  70.00  20.00  42.05  72.00  72.00  42.05   0.00
15:58:00   4.1   0.0   0.0  95.8   0.0    2    747    567    0    0    0  54.63    0.00  16.53  11.62  26.49  69.05  69.00  20.00  42.05  69.00  71.00  42.05   0.00
15:58:01   4.1   0.0   0.0  95.8   0.0    2    744    556    0    0    0  55.60    0.00  16.72  11.64  27.24  70.05  70.00  20.00  42.05  70.00  72.00  42.05   0.00
15:58:02   4.1   0.0   0.0  95.8   0.0    2    794    565    0    0    0  54.68    0.00  16.55  11.63  26.50  72.05  72.00  20.00  42.05  72.00  72.00  42.05   0.00
15:58:03   4.1   0.0   0.0  95.9   0.0    2    766    590    0    0    0  54.67    0.00  16.54  11.64  26.49  72.05  72.00  20.00  42.05  72.00  72.00  42.05   0.00
15:58:04   4.2   0.0   0.0  95.8   0.0    2    818    550    0    0    0  54.60    0.00  16.53  11.63  26.45  72.05  72.00  20.00  42.05  72.00  72.00  42.05   0.00
15:58:05   4.1   0.0   0.0  95.9   0.0    2    742    562    0    0    0  54.63    0.00  16.54  11.65  26.44  72.05  72.00  20.00  42.05  72.00  72.00  42.05   0.00
15:58:06   4.2   0.0   0.0  95.8   0.0    2    750    537    0    0    0  55.61    0.00  16.72  11.64  27.25  72.05  72.00  20.00  42.05  72.00  72.00  42.05   0.00
15:58:07   4.2   0.0   0.0  95.8   0.0    2    783    597    0    0    0  54.69    0.00  16.53  11.62  26.54  72.05  72.00  20.00  42.05  72.00  72.00  42.05   0.00
15:58:08   4.2   0.0   0.0  95.8   0.0    2    742    523    0    0    0  54.57    0.00  16.54  11.64  26.39  70.05  70.00  20.00  42.05  70.00  72.00  42.05   0.00
15:58:09   4.2   0.0   0.0  95.8   0.0    2    718    576    0    0    0  54.72    0.00  16.51  11.60  26.61  72.05  72.00  20.00  42.05  72.00  72.00  42.05   0.00
15:58:10   4.2   0.0   0.0  95.8   0.0    2    809    574    0    0    0  54.78    0.00  16.57  11.66  26.55  70.05  70.00  20.00  42.05  70.00  72.00  42.05   0.00
15:58:11   4.2   0.0   0.0  95.8   0.0    2    769    581    0    0    0  54.63    0.00  16.54  11.64  26.45  72.05  72.00  20.00  42.05  72.00  72.00  42.05   0.00
15:58:12   4.2   0.0   0.0  95.8   0.0    2    753    571    0    0    0  54.61    0.00  16.53  11.63  26.46  72.05  72.00  20.00  42.05  72.00  72.00  42.05   0.00
15:58:13   4.1   0.0   0.0  95.9   0.0    2    751    541    0    0    0  54.64    0.00  16.53  11.64  26.46  72.05  72.00  20.00  42.05  72.00  72.00  42.05   0.00
15:58:14   4.1   0.0   0.0  95.8   0.0    2    832    548    0    0    0  54.58    0.00  16.52  11.63  26.43  59.05  59.00  20.00  42.05  59.00  72.00  42.05   0.00
15:58:15   4.2   0.0   0.0  95.8   0.0    2    796    556    0    0    0  54.58    0.00  16.53  11.64  26.42  72.05  72.00  20.00  42.05  72.00  72.00  42.05   0.00
15:58:16   4.2   0.0   0.0  95.7   0.0    2    748    568    0    0    0  55.60    0.00  16.71  11.63  27.26  72.05  72.00  20.00  42.05  72.00  72.00  42.05   0.00
15:58:17   4.2   0.0   0.0  95.8   0.0    2    727    554    0    0    0  54.62    0.00  16.53  11.63  26.46  70.05  70.00  20.00  41.05  70.00  72.00  42.05   0.00
15:58:18   4.2   0.0   0.0  95.8   0.0    2    750    560    0    0    0  54.54    0.00  16.52  11.62  26.40  72.05  72.00  20.00  41.05  72.00  72.00  42.05   0.00
15:58:19   4.2   0.0   0.0  95.8   0.0    2   1078    625    0    0    0  54.68    0.00  16.54  11.64  26.51  72.05  72.00  20.00  41.05  72.00  72.00  42.05   0.00
15:58:20   4.1   0.0   0.0  95.8   0.0    2    740    560    0    0    0  54.61    0.00  16.53  11.66  26.42  72.05  72.00  20.00  41.05  72.00  72.00  42.05   0.00
15:58:21   4.1   0.0   0.0  95.8   0.0    2    747    551    0    0    0  55.57    0.00  16.71  11.63  27.23  72.05  72.00  20.00  41.05  72.00  72.00  42.05   0.00
15:58:22   4.2   0.0   0.0  95.8   0.0    2    780    584    0    0    0  54.59    0.00  16.51  11.63  26.45  72.05  72.00  20.00  42.05  72.00  72.00  42.05   0.00
15:58:23   4.1   0.0   0.0  95.8   0.0    2    947    666    0    0    0  56.42    0.00  16.79  11.86  27.77  72.05  72.00  20.00  42.05  72.00  72.00  42.05   0.00
15:58:24   4.1   0.0   0.0  95.9   0.0    2    726    522    0    0    0  56.54    0.00  16.59  11.64  28.32  72.05  72.00  20.00  42.05  72.00  72.00  42.05   0.00
15:58:25   4.2   0.0   0.0  95.8   0.0    2    820    565    0    0    0  56.60    0.00  16.54  11.59  28.47  69.05  69.00  20.00  42.05  69.00  72.00  42.05   0.00
15:58:26   4.1   0.0   0.0  95.9   0.0    2    762    522    0    0    0  56.25    0.00  16.58  11.64  28.03  72.05  72.00  20.00  42.05  72.00  72.00  42.05   0.00
15:58:27   4.2   0.0   0.0  95.8   0.0    3    817    574    0    0    0  55.87    0.00  16.72  11.64  27.50  72.05  72.00  20.00  42.05  72.00  72.00  42.05   0.00
15:58:28   4.1   0.0   0.0  95.8   0.0    2    731    547    0    0    0  54.61    0.00  16.53  11.64  26.44  70.05  70.00  20.00  42.05  70.00  72.00  42.05   0.00
15:58:29   4.1   0.0   0.0  95.9   0.0    2    724    544    0    0    0  54.62    0.00  16.53  11.64  26.44  70.05  70.00  20.00  42.05  70.00  72.00  42.05   0.00
15:58:30   4.2   0.0   0.0  95.8   0.0    2    752    545    0    0    0  54.54    0.00  16.53  11.65  26.37  72.05  72.00  20.00  42.05  72.00  72.00  42.05   0.00
15:58:31   4.1   0.0   0.0  95.9   0.0    2    796    586    0    0    0  54.64    0.00  16.54  11.64  26.47  72.05  72.00  20.00  42.05  72.00  72.00  42.05   0.00
15:58:32   4.2   0.0   0.0  95.8   0.0    2    762    548    0    0    0  54.65    0.00  16.55  11.64  26.46  72.05  72.00  20.00  42.05  72.00  72.00  42.05   0.00
15:58:33   4.2   0.0   0.0  95.8   0.0    2    725    552    0    0    0  54.63    0.00  16.54  11.64  26.45  72.05  72.00  20.00  42.05  72.00  72.00  42.05   0.00
15:58:34   4.1   0.0   0.0  95.9   0.0    2    738    550    0    0    0  54.63    0.00  16.54  11.64  26.45  72.05  72.00  20.00  42.05  72.00  72.00  42.05   0.00
15:58:35   4.1   0.0   0.0  95.9   0.0    2    871    584    0    0    0  54.61    0.00  16.54  11.63  26.44  65.05  65.00  20.00  42.05  65.00  72.00  42.05   0.00
15:58:36   4.2   0.0   0.0  95.8   0.0    2    754    538    0    0    0  54.65    0.00  16.56  11.65  26.44  70.05  70.00  20.00  42.05  70.00  72.00  42.05   0.00
15:58:37   4.2   0.0   0.0  95.8   0.0    2    752    555    0    0    0  54.60    0.00  16.54  11.64  26.42  72.05  72.00  20.00  42.05  72.00  72.00  42.05   0.00
15:58:38   4.2   0.0   0.1  95.7   0.0    2    756    544    0    0    0  54.57    0.00  16.54  11.64  26.39  70.05  70.00  20.00  42.05  70.00  72.00  42.05   0.00
15:58:39   4.2   0.0   0.0  95.8   0.0    2    780    567    0    0    0  54.72    0.00  16.54  11.64  26.53  72.05  72.00  20.00  42.05  72.00  72.00  42.05   0.00
15:58:40   4.2   0.0   0.0  95.8   0.0    2    742    544    0    0    0  54.57    0.00  16.52  11.64  26.41  70.05  70.00  20.00  42.05  70.00  72.00  42.05   0.00
15:58:41   4.1   0.0   0.0  95.8   0.0    2    743    554    0    0    0  55.62    0.00  16.70  11.63  27.29  72.05  72.00  20.00  42.05  72.00  72.00  42.05   0.00
15:58:42   4.1   0.0   0.0  95.9   0.0    2    772    575    0    0    0  55.61    0.00  16.71  11.64  27.27  72.05  72.00  20.00  42.05  72.00  72.00  42.05   0.00
15:58:43   4.2   0.0   0.0  95.8   0.0    2    778    555    0    0    0  54.55    0.00  16.51  11.64  26.39  70.05  70.00  20.00  42.05  70.00  71.00  42.05   0.00
15:58:44   4.2   0.0   0.0  95.8   0.0    2    712    537    0    0    0  54.61    0.00  16.52  11.65  26.44  70.05  70.00  20.00  42.05  70.00  71.00  42.05   0.00
15:58:45   4.1   0.0   0.0  95.9   0.0    2    712    562    0    0    0  54.65    0.00  16.54  11.64  26.47  70.05  70.00  20.00  42.05  70.00  72.00  42.05   0.00
15:58:46   4.2   0.0   0.0  95.8   0.0    2    851    544    0    0    0  54.54    0.00  16.50  11.62  26.41  70.05  70.00  20.00  42.05  70.00  72.00  42.05   0.00
15:58:47   4.1   0.0   0.0  95.9   0.0    2    809    573    0    0    0  54.60    0.00  16.53  11.64  26.43  70.05  70.00  20.00  42.05  70.00  72.00  42.05   0.00
15:58:48   4.2   0.0   0.0  95.8   0.0    2    746    524    0    0    0  55.59    0.00  16.71  11.65  27.23  72.05  72.00  20.00  42.05  72.00  72.00  42.05   0.00
15:58:49   4.2   0.0   0.0  95.8   0.0    2   1197    692    0    0    0  56.87    0.00  16.83  11.88  28.15  72.05  72.00  20.00  42.05  72.00  72.00  42.05   0.00
15:58:50   4.2   0.0   0.0  95.8   0.0    2    750    563    0    0    0  56.58    0.00  16.59  11.64  28.35  70.05  70.00  20.00  42.05  70.00  72.00  42.05   0.00
15:58:51   4.2   0.0   0.0  95.8   0.0    2    788    588    0    0    0  56.67    0.00  16.60  11.64  28.44  72.05  70.00  20.00  42.05  70.00  72.00  42.05   0.00
15:58:52   4.2   0.0   0.0  95.8   0.0    2    752    547    0    0    0  56.00    0.00  16.57  11.64  27.80  72.05  72.00  20.00  42.05  72.00  72.00  42.05   0.00
15:58:53   4.1   0.0   0.0  95.9   0.0    2    715    519    0    0    0  54.78    0.00  16.54  11.65  26.58  72.05  72.00  20.00  42.05  72.00  72.00  42.05   0.00
15:58:54   4.2   0.0   0.0  95.8   0.0    3    730    554    0    0    0  54.60    0.00  16.53  11.64  26.43  72.05  72.00  20.00  42.05  72.00  72.00  42.05   0.00
15:58:55   4.2   0.0   0.0  95.8   0.0    2    809    596    0    0    0  55.70    0.00  16.72  11.64  27.33  72.05  72.00  20.00  42.05  72.00  72.00  42.05   0.00
15:58:56   4.1   0.0   0.0  95.8   0.0    2    846    528    0    0    0  54.55    0.00  16.51  11.62  26.41  68.05  68.00  20.00  42.05  68.00  72.00  42.05   0.00
15:58:57   4.1   0.0   0.0  95.8   0.0    2    734    578    0    0    0  54.67    0.00  16.53  11.63  26.51  69.05  69.00  20.00  42.05  69.00  72.00  42.05   0.00
15:58:58   4.2   0.0   0.0  95.8   0.0    2    754    563    0    0    0  54.66    0.00  16.49  11.59  26.57  70.05  70.00  20.00  42.05  70.00  72.00  42.05   0.00
15:58:59   4.2   0.0   0.0  95.8   0.0    2    764    567    0    0    0  54.63    0.00  16.55  11.64  26.44  72.05  72.00  20.00  42.05  72.00  72.00  42.05   0.00
15:59:00   4.2   0.0   0.0  95.8   0.0    2    767    546    0    0    0  54.62    0.00  16.55  11.66  26.41  72.05  72.00  20.00  42.05  72.00  72.00  42.05   0.00
15:59:01   4.1   0.0   0.0  95.9   0.0    2    741    538    0    0    0  54.62    0.00  16.54  11.64  26.44  72.05  72.00  20.00  42.05  72.00  72.00  42.05   0.00
15:59:02   4.2   0.0   0.0  95.8   0.0    2    801    566    0    0    0  54.68    0.00  16.54  11.64  26.50  72.05  72.00  20.00  42.05  72.00  72.00  42.05   0.00
15:59:03   4.1   0.0   0.0  95.8   0.0    2    779    562    0    0    0  55.74    0.00  16.72  11.62  27.40  72.05  72.00  20.00  42.05  72.00  72.00  42.05   0.00
15:59:04   4.2   0.0   0.0  95.8   0.0    2    724    527    0    0    0  54.59    0.00  16.53  11.64  26.42  70.05  70.00  20.00  42.05  70.00  72.00  42.05   0.00
15:59:05   4.1   0.0   0.0  95.8   0.0    2    738    557    0    0    0  55.76    0.00  16.71  11.61  27.44  70.05  70.00  20.00  42.05  72.00  72.00  42.05   0.00
15:59:06   4.1   0.0   0.0  95.9   0.0    2    766    523    0    0    0  54.56    0.00  16.53  11.63  26.40  72.05  72.00  20.00  42.05  72.00  72.00  42.05   0.00
15:59:07   4.2   0.0   0.0  95.8   0.0    2    892    558    0    0    0  54.67    0.00  16.49  11.59  26.60  70.05  70.00  20.00  42.05  70.00  72.00  42.05   0.00
15:59:08   4.1   0.0   0.0  95.9   0.0    2    746    543    0    0    0  54.63    0.00  16.54  11.64  26.45  70.05  70.00  20.00  42.05  72.00  72.00  42.05   0.00
15:59:09   4.1   0.0   0.0  95.8   0.0    2    722    505    0    0    0  54.55    0.00  16.53  11.64  26.39  72.05  72.00  20.00  42.05  72.00  72.00  42.05   0.00
15:59:10   4.2   0.0   0.0  95.8   0.0    2    798    476    0    0    0  54.78    0.00  16.53  11.64  26.61  70.05  70.00  20.00  42.05  72.00  72.00  42.05   0.00
15:59:11   4.2   0.0   0.0  95.8   0.0    2    780    533    0    0    0  54.55    0.00  16.53  11.64  26.38  72.05  72.00  20.00  42.05  72.00  72.00  42.05   0.00
15:59:12   4.2   0.0   0.0  95.8   0.0    2    772    493    0    0    0  54.58    0.00  16.53  11.63  26.42  72.05  72.00  20.00  42.05  72.00  72.00  42.05   0.00
15:59:13   4.2   0.0   0.0  95.8   0.0    2    749    514    0    0    0  54.60    0.00  16.53  11.63  26.44  70.05  70.00  20.00  42.05  72.00  72.00  42.05   0.00
15:59:14   4.1   0.0   0.0  95.9   0.0    2    733    517    0    0    0  54.56    0.00  16.53  11.64  26.39  72.05  72.00  20.00  42.05  72.00  72.00  42.05   0.00
15:59:15   4.2   0.0   0.0  95.8   0.0    3    782    546    0    0    0  54.56    0.00  16.53  11.64  26.39  72.05  72.00  20.00  42.05  72.00  72.00  42.05   0.00
15:59:16   4.1   0.0   0.0  95.8   0.0    2    731    505    0    0    0  54.53    0.00  16.52  11.63  26.38  72.05  72.00  20.00  42.05  72.00  72.00  42.05   0.00
15:59:17   4.1   0.0   0.0  95.9   0.0    2    825    502    0    0    0  54.53    0.00  16.52  11.64  26.38  66.05  66.00  20.00  42.05  69.00  72.00  42.05   0.00
15:59:18   4.2   0.0   0.0  95.8   0.0    2    780    558    0    0    0  55.63    0.00  16.69  11.60  27.34  70.05  70.00  20.00  42.05  70.00  72.00  42.05   0.00
15:59:19   4.1   0.0   0.0  95.9   0.0    2   1071    585    0    0    0  54.68    0.00  16.54  11.64  26.50  72.05  72.00  20.00  42.05  72.00  72.00  42.05   0.00
15:59:20   4.2   0.0   0.0  95.8   0.0    2    736    530    0    0    0  54.57    0.00  16.52  11.63  26.42  70.05  70.00  20.00  42.05  70.00  72.00  42.05   0.00
15:59:21   4.1   0.0   0.0  95.9   0.0    2    715    504    0    0    0  54.54    0.00  16.51  11.64  26.39  72.05  72.00  20.00  42.05  72.00  72.00  42.05   0.00
15:59:22   4.2   0.0   0.0  95.8   0.0    2    736    519    0    0    0  54.53    0.00  16.53  11.65  26.36  72.05  72.00  20.00  42.05  72.00  72.00  42.05   0.00
15:59:23   4.1   0.0   0.1  95.8   0.0    2    926    661    0    0    0  56.61    0.00  16.81  11.87  27.93  70.05  72.00  20.00  42.05  72.00  72.00  42.05   0.00
15:59:24   4.1   0.0   0.0  95.8   0.0    2    724    510    0    0    0  56.47    0.00  16.56  11.63  28.27  72.05  72.00  20.00  42.05  72.00  72.00  42.05   0.00
15:59:25   4.2   0.0   0.0  95.8   0.0    2    732    499    0    0    0  56.58    0.00  16.61  11.67  28.30  72.05  72.00  20.00  42.05  72.00  72.00  41.05   0.00
15:59:26   4.1   0.0   0.0  95.8   0.0    2    737    523    0    0    0  56.07    0.00  16.57  11.64  27.87  72.05  72.00  20.00  42.05  72.00  72.00  41.05   0.00
15:59:27   4.1   0.0   0.0  95.9   0.0    2    813    542    0    0    0  54.79    0.00  16.54  11.65  26.60  72.05  72.00  20.00  42.05  70.00  72.00  41.05   0.00
15:59:28   4.2   0.0   0.0  95.8   0.0    2    821    570    0    0    0  54.60    0.00  16.49  11.58  26.53  69.05  69.00  20.00  42.05  69.00  72.00  41.05   0.00
15:59:29   4.1   0.0   0.0  95.9   0.0    2    714    523    0    0    0  54.63    0.00  16.56  11.66  26.42  70.05  70.00  20.00  42.05  70.00  72.00  41.05   0.00
15:59:30   4.1   0.0   0.0  95.8   0.0    2    752    558    0    0    0  55.67    0.00  16.74  11.64  27.30  72.05  72.00  20.00  42.05  70.00  72.00  42.05   0.00
15:59:31   4.1   0.0   0.0  95.9   0.0    2    788    568    0    0    0  54.65    0.00  16.54  11.64  26.48  72.05  72.00  20.00  42.05  72.00  72.00  42.05   0.00
15:59:32   4.2   0.0   0.0  95.8   0.0    2    738    519    0    0    0  54.56    0.00  16.50  11.61  26.44  72.05  72.00  20.00  42.05  72.00  71.00  42.05   0.00
15:59:33   4.1   0.0   0.0  95.8   0.0    2    724    516    0    0    0  54.58    0.00  16.53  11.64  26.40  72.05  72.00  20.00  42.05  72.00  71.00  42.05   0.00
15:59:34   4.2   0.0   0.0  95.8   0.0    3    745    552    0    0    0  54.63    0.00  16.53  11.64  26.46  72.05  72.00  20.00  42.05  72.00  72.00  42.05   0.00
15:59:35   4.2   0.0   0.0  95.8   0.0    2    789    546    0    0    0  54.58    0.00  16.53  11.64  26.41  72.05  72.00  20.00  42.05  72.00  72.00  42.05   0.00
15:59:36   4.2   0.0   0.0  95.8   0.0    2    743    531    0    0    0  54.70    0.00  16.56  11.65  26.48  70.05  70.00  20.00  42.05  70.00  72.00  42.05   0.00
15:59:37   4.1   0.0   0.0  95.9   0.0    2    741    493    0    0    0  54.59    0.00  16.54  11.64  26.41  72.05  72.00  20.00  42.05  72.00  72.00  42.05   0.00
15:59:38   4.2   0.0   0.0  95.8   0.0    2    828    539    0    0    0  54.54    0.00  16.52  11.63  26.39  69.05  69.00  20.00  42.05  70.00  72.00  42.05   0.00
15:59:39   4.1   0.0   0.0  95.8   0.0    2    797    579    0    0    0  54.72    0.00  16.49  11.59  26.64  70.05  70.00  20.00  42.05  70.00  72.00  42.05   0.00
15:59:40   4.1   0.0   0.0  95.9   0.0    2    732    553    0    0    0  55.63    0.00  16.72  11.64  27.27  70.05  70.00  20.00  42.05  72.00  72.00  42.05   0.00
15:59:41   4.1   0.0   0.1  95.8   0.0    2    747    605    0    0    0  54.55    0.00  16.50  11.62  26.43  72.05  72.00  20.00  42.05  72.00  72.00  42.05   0.00
15:59:42   4.1   0.0   0.0  95.8   0.0    2    776    524    0    0    0  54.65    0.00  16.54  11.66  26.44  70.05  70.00  20.00  42.05  72.00  72.00  42.05   0.00
15:59:43   4.2   0.0   0.0  95.8   0.0    2    784    533    0    0    0  54.55    0.00  16.52  11.64  26.40  72.05  72.00  20.00  42.05  72.00  72.00  42.05   0.00
15:59:44   4.2   0.0   0.0  95.8   0.0    2    734    503    0    0    0  54.61    0.00  16.54  11.65  26.42  70.05  70.00  20.00  42.05  72.00  72.00  42.05   0.00
15:59:45   4.1   0.0   0.0  95.8   0.0    2    728    583    0    0    0  55.65    0.00  16.69  11.61  27.35  70.05  70.00  20.00  42.05  70.00  72.00  42.05   0.00
-------- ----- ----- ----- ----- ----- ---- ------ ------ ---- ---- ---- ------  ------ ------ ------ ------ ------ ------ ------ ------ ------ ------ ------ ------
 Average   4.1   0.0   0.0  95.9   0.0  2.0  672.3  558.7  0.1  0.0  0.0  46.39    0.00  13.84   8.91  23.64  65.53  65.48  20.00  42.03  65.53  66.19  42.32   0.00
 GeoMean   0.0   0.0   0.0  95.9   0.0  2.0  653.9  553.3  0.0  0.0  0.0  44.56    0.00  13.25   8.11  22.98  65.25  65.21  20.00  42.03  65.26  65.91  42.31   0.00
  StdDev   0.5   0.0   0.0   0.5   0.0  0.2  151.1   57.5  0.9  0.2  0.2   9.91    0.00   3.11   2.99   3.94   5.98   5.98   0.00   0.14   6.02   5.99   0.49   0.00
-------- ----- ----- ----- ----- ----- ---- ------ ------ ---- ---- ---- ------  ------ ------ ------ ------ ------ ------ ------ ------ ------ ------ ------ ------
 Minimum   0.0   0.0   0.0  95.1   0.0  1.0  146.0   94.0  0.0  0.0  0.0   2.04    0.00   0.57   0.07   1.40  52.05  52.00  20.00  41.05  52.00  57.00  41.05   0.00
 Maximum   4.6   0.0   0.2 100.0   0.1  3.0 1385.0  753.0 12.0  3.0  3.0  57.75    0.00  16.83  11.89  29.31  72.05  72.00  20.00  42.05  72.00  72.00  43.05   0.00
-------- ----- ----- ----- ----- ----- ---- ------ ------ ---- ---- ---- ------  ------ ------ ------ ------ ------ ------ ------ ------ ------ ------ ------ ------
Summary:
CPU:  46.39 Watts on average with standard deviation 9.91  
Note: power read from RAPL domains: uncore, pkg-0, core, psys.
These readings do not cover all the hardware in this device.

Histogram (of 243 power measurements)

 Range (Watts)  Count
 2.042 -  7.611     3 
 7.612 - 13.182     0 
13.183 - 18.752     0 
18.753 - 24.322     0 
24.323 - 29.893     0 
29.894 - 35.463     0 
35.464 - 41.034   110 ##################################
41.035 - 46.604     1 
46.605 - 52.175     0 
52.176 - 57.745   129 ########################################

Histogram (of 243 CPU utilization measurements)

Range (%CPU)  Count
0.000 - 0.486     3 
0.487 - 0.973     0 
0.974 - 1.460     0 
1.461 - 1.947     0 
1.948 - 2.434     0 
2.435 - 2.922     0 
2.923 - 3.409     0 
3.410 - 3.896     0 
3.897 - 4.383   239 ########################################
4.384 - 4.870     1 

Histogram (of 243 thermal zone TCPU readings)

 Range (°C)    Count
52.050 - 54.049     2 
54.050 - 56.049     1 
56.050 - 58.049     0 
58.050 - 60.049   106 ########################################
60.050 - 62.049     5 #
62.050 - 64.049     0 
64.050 - 66.049     2 
66.050 - 68.049     1 
68.050 - 70.049    52 ###################
70.050 - 72.049    74 ###########################

Histogram (of 243 thermal zone x86_pkg_temp readings)

 Range (°C)    Count
52.000 - 53.999     2 
54.000 - 55.999     1 
56.000 - 57.999     0 
58.000 - 59.999   106 ########################################
60.000 - 61.999     5 #
62.000 - 63.999     0 
64.000 - 65.999     2 
66.000 - 67.999     1 
68.000 - 69.999    52 ###################
70.000 - 71.999    74 ###########################

Range is zero, cannot produce histogram of thermal zone INT3400 Thermal

Histogram (of 243 thermal zone SEN3 readings)

 Range (°C)    Count
41.050 - 41.149     5 
41.150 - 41.249     0 
41.250 - 41.349     0 
41.350 - 41.449     0 
41.450 - 41.549     0 
41.550 - 41.649     0 
41.650 - 41.749     0 
41.750 - 41.849     0 
41.850 - 41.949     0 
41.950 - 42.049   238 ########################################

Histogram (of 243 thermal zone TCPU_PCI readings)

 Range (°C)    Count
52.000 - 53.999     2 
54.000 - 55.999     1 
56.000 - 57.999     1 
58.000 - 59.999   105 ########################################
60.000 - 61.999     5 #
62.000 - 63.999     0 
64.000 - 65.999     1 
66.000 - 67.999     1 
68.000 - 69.999    49 ##################
70.000 - 71.999    78 #############################

Histogram (of 243 thermal zone iwlwifi_1 readings)

 Range (°C)    Count
57.000 - 58.499     3 
58.500 - 59.999    99 ###############################
60.000 - 61.499    10 ###
61.500 - 62.999     4 #
63.000 - 64.499     0 
64.500 - 65.999     0 
66.000 - 67.499     0 
67.500 - 68.999     0 
69.000 - 70.499     0 
70.500 - 71.999   127 ########################################

Histogram (of 243 thermal zone acpitz readings)

 Range (°C)    Count
41.050 - 41.249     5 #
41.250 - 41.449     0 
41.450 - 41.649     0 
41.650 - 41.849     0 
41.850 - 42.049   168 ########################################
42.050 - 42.249     0 
42.250 - 42.449     0 
42.450 - 42.649     0 
42.650 - 42.849     0 
42.850 - 43.049    70 ################

Range is zero, cannot produce histogram of thermal zone SEN2
