Running for 86400.0 seconds (86400 samples at 1.0 second intervals).
Power measurements will start in 0 seconds time.

  Time    User  Nice   Sys  Idle    IO  Run Ctxt/s  IRQ/s Fork Exec Exit  Watts  uncore  pkg-0   core   psys   TCPU x86_pk INT340   SEN3 TCPU_P iwlwif acpitz   SEN2
15:40:58   0.0   0.0   0.0 100.0   0.0    1    148    273    0    0    0   4.62    0.00   1.22   0.19   3.21  55.05  55.00  20.00  42.05  55.00  64.00  44.05   0.00
15:40:59   0.0   0.0   0.0 100.0   0.0    1    213    118    0    0    0   1.95    0.00   0.55   0.08   1.32  55.05  55.00  20.00  42.05  55.00  64.00  44.05   0.00
15:41:00   0.1   0.0   0.2  99.8   0.0    2    378    178   12    3    3   3.59    0.00   1.02   0.21   2.35  54.05  54.00  20.00  42.05  54.00  58.00  44.05   0.00
15:41:01   4.2   0.0   0.0  95.8   0.0    2    190    630    0    0    0  36.34    0.00  10.84   5.90  19.60  64.05  64.00  20.00  42.05  64.00  58.00  44.05   0.00
15:41:02   4.2   0.0   0.0  95.8   0.0    2    211    555    0    0    0  37.34    0.00  11.02   5.90  20.42  62.05  62.00  20.00  43.05  62.00  63.00  44.05   0.00
15:41:03   4.2   0.0   0.0  95.8   0.0    2    194    525    0    0    0  36.21    0.00  10.81   5.89  19.52  64.05  64.00  20.00  43.05  64.00  63.00  44.05   0.00
15:41:04   4.2   0.0   0.0  95.8   0.0    2    134    501    0    0    0  36.19    0.00  10.79   5.88  19.51  64.05  64.00  20.00  43.05  64.00  63.00  44.05   0.00
15:41:05   4.2   0.0   0.0  95.8   0.0    2    152    524    0    0    0  36.24    0.00  10.82   5.89  19.54  64.05  64.00  20.00  43.05  64.00  64.00  44.05   0.00
15:41:06   4.2   0.0   0.0  95.8   0.0    2    136    520    0    0    0  36.21    0.00  10.80   5.89  19.52  62.05  62.00  20.00  43.05  62.00  64.00  44.05   0.00
15:41:07   4.2   0.0   0.0  95.8   0.0    2    216    577    0    0    0  37.31    0.00  11.01   5.89  20.42  62.05  62.00  20.00  43.05  62.00  64.00  44.05   0.00
15:41:08   4.2   0.0   0.0  95.8   0.0    2    138    527    0    0    0  36.18    0.00  10.79   5.88  19.50  64.05  64.00  20.00  43.05  64.00  64.00  44.05   0.00
15:41:09   4.2   0.0   0.0  95.8   0.0    2    200    532    0    0    0  36.28    0.00  10.83   5.91  19.54  62.05  62.00  20.00  43.05  62.00  64.00  44.05   0.00
15:41:10   4.2   0.0   0.0  95.8   0.0    2    451    552    0    0    0  36.24    0.00  10.81   5.91  19.52  64.05  64.00  20.00  43.05  64.00  64.00  44.05   0.00
15:41:11   4.2   0.0   0.0  95.8   0.0    2    210    554    0    0    0  36.16    0.00  10.78   5.88  19.49  62.05  62.00  20.00  43.05  62.00  64.00  44.05   0.00
15:41:12   4.2   0.0   0.0  95.8   0.0    2    176    518    0    0    0  37.27    0.00  10.99   5.90  20.38  62.05  62.00  20.00  43.05  62.00  64.00  44.05   0.00
15:41:13   4.2   0.0   0.0  95.8   0.0    2    180    577    0    0    0  37.15    0.00  10.97   5.88  20.30  62.05  62.00  20.00  43.05  62.00  64.00  44.05   0.00
15:41:14   4.2   0.0   0.0  95.8   0.0    2    146    524    0    0    0  36.13    0.00  10.77   5.89  19.47  64.05  64.00  20.00  43.05  64.00  64.00  44.05   0.00
15:41:15   4.2   0.0   0.0  95.8   0.0    2    174    527    0    0    0  36.13    0.00  10.79   5.88  19.46  64.05  64.00  20.00  43.05  64.00  64.00  44.05   0.00
15:41:16   4.2   0.0   0.0  95.8   0.0    2    220    544    1    0    0  36.15    0.00  10.79   5.88  19.48  62.05  62.00  20.00  43.05  62.00  64.00  44.05   0.00
15:41:17   4.2   0.0   0.0  95.8   0.0    2    164    525    0    0    0  36.14    0.00  10.77   5.89  19.48  62.05  62.00  20.00  43.05  62.00  64.00  44.05   0.00
15:41:18   4.2   0.0   0.0  95.8   0.0    2    130    532    0    0    0  37.14    0.00  10.96   5.89  20.30  64.05  64.00  20.00  43.05  64.00  63.00  44.05   0.00
15:41:19   4.2   0.0   0.0  95.8   0.0    2    182    544    0    0    0  36.14    0.00  10.78   5.89  19.48  64.05  64.00  20.00  43.05  64.00  63.00  44.05   0.00
15:41:20   4.2   0.0   0.0  95.8   0.0    2    136    521    0    0    0  36.10    0.00  10.76   5.88  19.46  64.05  64.00  20.00  43.05  64.00  64.00  44.05   0.00
15:41:21   4.2   0.0   0.0  95.8   0.0    2    191    529    0    0    0  36.07    0.00  10.76   5.89  19.42  62.05  62.00  20.00  43.05  62.00  64.00  44.05   0.00
15:41:22   4.2   0.0   0.1  95.7   0.1    2    373    691    1    0    0  38.82    0.00  11.31   6.16  21.36  64.05  64.00  20.00  43.05  62.00  63.00  44.05   0.00
15:41:23   4.2   0.0   0.0  95.8   0.0    2    171    531    0    0    0  38.01    0.00  10.83   5.87  21.31  62.05  62.00  20.00  43.05  62.00  63.00  44.05   0.00
15:41:24   4.2   0.0   0.0  95.8   0.0    2    132    525    0    0    0  38.08    0.00  10.84   5.89  21.35  62.05  62.00  20.00  43.05  62.00  63.00  44.05   0.00
15:41:25   4.2   0.0   0.0  95.8   0.0    2    151    517    0    0    0  38.07    0.00  10.84   5.89  21.35  62.05  62.00  20.00  43.05  64.00  63.00  44.05   0.00
15:41:26   4.2   0.0   0.0  95.8   0.0    2    148    511    0    0    0  36.49    0.00  10.77   5.88  19.85  62.05  62.00  20.00  43.05  62.00  63.00  44.05   0.00
15:41:27   4.2   0.0   0.0  95.8   0.0    2    194    544    0    0    0  37.21    0.00  10.98   5.89  20.34  62.05  62.00  20.00  43.05  62.00  63.00  44.05   0.00
15:41:28   4.2   0.0   0.0  95.8   0.0    2    120    531    0    0    0  36.07    0.00  10.77   5.88  19.41  62.05  62.00  20.00  43.05  62.00  63.00  44.05   0.00
15:41:29   4.2   0.0   0.0  95.8   0.0    2    156    500    0    0    0  36.09    0.00  10.77   5.88  19.43  62.05  62.00  20.00  43.05  62.00  63.00  44.05   0.00
15:41:30   4.2   0.0   0.0  95.8   0.0    2    138    543    0    0    0  36.07    0.00  10.77   5.88  19.42  62.05  62.00  20.00  43.05  64.00  63.00  44.05   0.00
15:41:31   4.2   0.0   0.0  95.8   0.0    2    203    538    0    0    0  36.07    0.00  10.78   5.88  19.41  62.05  62.00  20.00  43.05  62.00  63.00  44.05   0.00
15:41:32   4.2   0.0   0.0  95.8   0.0    2    146    511    0    0    0  36.08    0.00  10.77   5.88  19.42  62.05  62.00  20.00  43.05  62.00  63.00  44.05   0.00
15:41:33   4.2   0.0   0.0  95.8   0.0    2    146    512    0    0    0  36.04    0.00  10.77   5.88  19.39  62.05  62.00  20.00  43.05  62.00  63.00  44.05   0.00
15:41:34   4.2   0.0   0.0  95.8   0.0    2    136    548    0    0    0  36.02    0.00  10.76   5.88  19.38  61.05  61.00  20.00  43.05  61.00  63.00  44.05   0.00
15:41:35   4.2   0.0   0.0  95.8   0.0    2    172    536    0    0    0  36.07    0.00  10.78   5.89  19.40  62.05  62.00  20.00  43.05  62.00  63.00  44.05   0.00
15:41:36   4.2   0.0   0.0  95.8   0.0    2    132    520    0    0    0  36.00    0.00  10.77   5.88  19.36  62.05  62.00  20.00  43.05  62.00  63.00  44.05   0.00
15:41:37   4.2   0.0   0.0  95.8   0.0    2    168    529    0    0    0  36.00    0.00  10.76   5.88  19.37  62.05  62.00  20.00  43.05  62.00  63.00  44.05   0.00
15:41:38   4.2   0.0   0.0  95.8   0.0    2    139    532    0    0    0  36.11    0.00  10.78   5.90  19.44  64.05  64.00  20.00  43.05  62.00  63.00  44.05   0.00
15:41:39   4.2   0.0   0.0  95.8   0.0    2    188    547    0    0    0  36.04    0.00  10.77   5.89  19.39  64.05  64.00  20.00  43.05  64.00  63.00  44.05   0.00
15:41:40   4.3   0.0   0.0  95.7   0.0    2    632    538    4    0    0  36.43    0.00  10.85   5.98  19.59  62.05  62.00  20.00  43.05  64.00  63.00  43.05   0.00
15:41:41   4.2   0.0   0.0  95.8   0.0    2    189    524    0    0    0  35.99    0.00  10.76   5.88  19.35  62.05  62.00  20.00  43.05  62.00  63.00  43.05   0.00
15:41:42   4.2   0.0   0.0  95.8   0.0    2    146    546    0    0    0  36.29    0.00  10.86   5.89  19.54  62.05  62.00  20.00  43.05  62.00  63.00  43.05   0.00
15:41:43   4.2   0.0   0.0  95.8   0.0    2    184    526    0    0    0  36.01    0.00  10.75   5.88  19.37  62.05  62.00  20.00  43.05  62.00  63.00  43.05   0.00
15:41:44   4.2   0.0   0.0  95.8   0.0    2    132    517    0    0    0  36.00    0.00  10.75   5.89  19.37  62.05  62.00  20.00  43.05  62.00  63.00  43.05   0.00
15:41:45   4.2   0.0   0.0  95.8   0.0    2    146    516    0    0    0  35.99    0.00  10.77   5.88  19.34  62.05  62.00  20.00  43.05  62.00  63.00  43.05   0.00
15:41:46   4.2   0.0   0.0  95.8   0.0    2    154    547    0    0    0  37.05    0.00  10.95   5.88  20.21  62.05  62.00  20.00  43.05  62.00  63.00  43.05   0.00
15:41:47   4.2   0.0   0.0  95.8   0.0    2    202    543    0    0    0  36.03    0.00  10.76   5.88  19.39  60.05  60.00  20.00  43.05  62.00  63.00  43.05   0.00
15:41:48   4.2   0.0   0.0  95.8   0.0    2    292    651    0    0    0  37.74    0.00  11.05   6.13  20.56  62.05  62.00  20.00  43.05  62.00  63.00  43.05   0.00
15:41:49   4.2   0.0   0.0  95.8   0.0    2    168    540    0    0    0  38.05    0.00  10.83   5.89  21.33  62.05  62.00  20.00  43.05  62.00  63.00  43.05   0.00
15:41:50   4.2   0.0   0.0  95.8   0.0    2    126    550    0    0    0  37.96    0.00  10.81   5.88  21.27  62.05  62.00  20.00  43.05  62.00  63.00  43.05   0.00
15:41:51   4.2   0.0   0.0  95.8   0.0    2    211    554    0    0    0  37.94    0.00  10.83   5.89  21.22  62.05  62.00  20.00  43.05  62.00  63.00  43.05   0.00
15:41:52   4.2   0.0   0.0  95.8   0.0    2    155    524    0    0    0  37.34    0.00  10.97   5.88  20.50  62.05  62.00  20.00  43.05  62.00  63.00  43.05   0.00
15:41:53   4.2   0.0   0.0  95.8   0.0    2    142    524    0    0    0  36.04    0.00  10.77   5.88  19.39  61.05  61.00  20.00  42.05  61.00  63.00  43.05   0.00
15:41:54   4.2   0.0   0.0  95.8   0.0    2    169    557    0    0    0  36.16    0.00  10.80   5.92  19.44  62.05  62.00  20.00  42.05  62.00  63.00  43.05   0.00
15:41:55   4.2   0.0   0.0  95.8   0.0    2    187    541    0    0    0  35.99    0.00  10.75   5.88  19.36  62.05  62.00  20.00  42.05  62.00  63.00  43.05   0.00
15:41:56   4.2   0.0   0.0  95.8   0.0    2    134    528    0    0    0  36.06    0.00  10.78   5.89  19.39  61.05  61.00  20.00  42.05  61.00  63.00  43.05   0.00
15:41:57   4.2   0.0   0.0  95.8   0.0    2    168    517    0    0    0  37.06    0.00  10.96   5.88  20.22  62.05  62.00  20.00  42.05  62.00  63.00  43.05   0.00
15:41:58   4.2   0.0   0.0  95.8   0.0    2    126    524    0    0    0  36.01    0.00  10.77   5.88  19.36  61.05  61.00  20.00  43.05  61.00  63.00  43.05   0.00
15:41:59   4.2   0.0   0.0  95.8   0.0    2    181    524    0    0    0  35.98    0.00  10.75   5.88  19.35  61.05  61.00  20.00  43.05  61.00  63.00  43.05   0.00
15:42:00   4.2   0.0   0.0  95.8   0.0    2    165    548    0    0    0  36.09    0.00  10.78   5.89  19.41  61.05  61.00  20.00  43.05  61.00  63.00  43.05   0.00
15:42:01   4.2   0.0   0.0  95.8   0.0    2    170    528    0    0    0  36.02    0.00  10.77   5.88  19.37  61.05  61.00  20.00  43.05  61.00  63.00  43.05   0.00
15:42:02   4.2   0.0   0.0  95.8   0.0    2    156    538    0    0    0  36.03    0.00  10.77   5.88  19.37  61.05  61.00  20.00  43.05  61.00  63.00  43.05   0.00
15:42:03   4.2   0.0   0.0  95.8   0.0    2    177    531    0    0    0  35.98    0.00  10.77   5.88  19.34  60.05  60.00  20.00  43.05  60.00  62.00  43.05   0.00
15:42:04   4.1   0.0   0.0  95.8   0.0    2    135    512    0    0    0  35.96    0.00  10.76   5.87  19.34  62.05  62.00  20.00  43.05  62.00  62.00  43.05   0.00
15:42:05   4.2   0.0   0.0  95.8   0.0    2    160    514    0    0    0  36.05    0.00  10.78   5.89  19.38  62.05  62.00  20.00  43.05  62.00  62.00  43.05   0.00
15:42:06   4.2   0.0   0.0  95.8   0.0    2    136    536    0    0    0  35.97    0.00  10.76   5.88  19.34  61.05  61.00  20.00  43.05  61.00  62.00  43.05   0.00
15:42:07   4.2   0.0   0.0  95.8   0.0    2    195    548    0    0    0  36.04    0.00  10.78   5.88  19.38  62.05  62.00  20.00  43.05  62.00  62.00  43.05   0.00
15:42:08   4.2   0.0   0.0  95.8   0.0    2    183    537    0    0    0  36.07    0.00  10.78   5.89  19.41  61.05  61.00  20.00  43.05  61.00  62.00  43.05   0.00
15:42:09   4.2   0.0   0.0  95.8   0.0    2    209    526    0    0    0  36.16    0.00  10.80   5.91  19.45  61.05  61.00  20.00  43.05  61.00  62.00  43.05   0.00
15:42:10   4.2   0.0   0.0  95.8   0.0    2    440    543    0    0    0  36.18    0.00  10.80   5.92  19.46  60.05  60.00  20.00  43.05  60.00  62.00  43.05   0.00
15:42:11   4.2   0.0   0.0  95.8   0.0    2    184    530    0    0    0  36.05    0.00  10.77   5.88  19.40  61.05  61.00  20.00  43.05  61.00  62.00  43.05   0.00
15:42:12   4.2   0.0   0.0  95.8   0.0    2    183    506    0    0    0  36.77    0.00  10.91   5.90  19.96  61.05  61.00  20.00  43.05  61.00  62.00  43.05   0.00
15:42:13   4.2   0.0   0.0  95.8   0.0    2    156    520    0    0    0  36.42    0.00  10.83   5.89  19.70  61.05  61.00  20.00  42.05  61.00  62.00  43.05   0.00
15:42:14   4.2   0.0   0.0  95.8   0.0    2    137    528    0    0    0  36.01    0.00  10.75   5.88  19.37  60.05  60.00  20.00  42.05  60.00  62.00  43.05   0.00
15:42:15   4.2   0.0   0.0  95.8   0.0    2    166    529    0    0    0  36.00    0.00  10.75   5.88  19.37  61.05  61.00  20.00  42.05  61.00  62.00  43.05   0.00
15:42:16   4.2   0.0   0.0  95.8   0.0    2    151    525    0    0    0  36.96    0.00  10.93   5.87  20.16  61.05  61.00  20.00  42.05  61.00  62.00  43.05   0.00
15:42:17   4.2   0.0   0.0  95.8   0.0    2    156    520    0    0    0  36.01    0.00  10.76   5.89  19.36  61.05  61.00  20.00  42.05  61.00  61.00  43.05   0.00
15:42:18   4.2   0.0   0.0  95.8   0.0    2    124    532    0    0    0  35.97    0.00  10.75   5.88  19.33  61.05  61.00  20.00  42.05  61.00  61.00  43.05   0.00
15:42:19   4.2   0.0   0.0  95.8   0.0    2    182    528    0    0    0  35.95    0.00  10.75   5.88  19.32  61.05  61.00  20.00  42.05  61.00  62.00  43.05   0.00
15:42:20   4.2   0.0   0.0  95.8   0.0    2    138    525    0    0    0  35.92    0.00  10.74   5.88  19.30  60.05  60.00  20.00  42.05  60.00  62.00  43.05   0.00
15:42:21   4.2   0.0   0.0  95.8   0.0    2    158    529    0    0    0  35.98    0.00  10.75   5.89  19.34  60.05  60.00  20.00  42.05  60.00  62.00  43.05   0.00
15:42:22   4.2   0.0   0.0  95.8   0.0    2    178    523    0    0    0  36.13    0.00  10.76   5.89  19.48  60.05  60.00  20.00  42.05  60.00  62.00  43.05   0.00
15:42:23   4.2   0.0   0.1  95.8   0.0    2    300    618    0    0    0  38.81    0.00  11.07   6.13  21.61  60.05  60.00  20.00  42.05  60.00  61.00  43.05   0.00
15:42:24   4.2   0.0   0.0  95.8   0.0    2    148    536    0    0    0  37.98    0.00  10.82   5.88  21.28  62.05  62.00  20.00  42.05  62.00  61.00  43.05   0.00
15:42:25   4.2   0.0   0.0  95.8   0.0    2    144    508    0    0    0  37.93    0.00  10.81   5.88  21.23  61.05  61.00  20.00  42.05  61.00  61.00  43.05   0.00
15:42:26   4.2   0.0   0.0  95.8   0.0    2    146    514    0    0    0  36.71    0.00  10.77   5.88  20.05  60.05  60.00  20.00  42.05  60.00  61.00  43.05   0.00
15:42:27   4.2   0.0   0.0  95.8   0.0    2    174    530    0    0    0  36.04    0.00  10.76   5.88  19.40  61.05  61.00  20.00  42.05  61.00  62.00  43.05   0.00
15:42:28   4.2   0.0   0.0  95.8   0.0    2    126    526    0    0    0  35.95    0.00  10.76   5.88  19.31  61.05  61.00  20.00  42.05  61.00  62.00  43.05   0.00
15:42:29   4.2   0.0   0.0  95.8   0.0    2    156    501    0    0    0  35.97    0.00  10.76   5.88  19.33  60.05  60.00  20.00  42.05  60.00  62.00  43.05   0.00
15:42:30   4.2   0.0   0.0  95.8   0.0    2    148    551    0    0    0  35.96    0.00  10.76   5.88  19.32  60.05  60.00  20.00  42.05  60.00  62.00  43.05   0.00
15:42:31   4.2   0.0   0.0  95.8   0.0    2    194    537    0    0    0  36.98    0.00  10.94   5.87  20.17  61.05  61.00  20.00  42.05  61.00  62.00  43.05   0.00
15:42:32   4.2   0.0   0.0  95.8   0.0    2    138    524    0    0    0  35.98    0.00  10.76   5.88  19.34  62.05  62.00  20.00  42.05  62.00  62.00  43.05   0.00
15:42:33   4.2   0.0   0.0  95.8   0.0    2    144    505    0    0    0  35.96    0.00  10.76   5.88  19.31  61.05  61.00  20.00  42.05  61.00  62.00  43.05   0.00
15:42:34   4.2   0.0   0.0  95.8   0.0    2    134    528    0    0    0  35.96    0.00  10.76   5.88  19.32  61.05  61.00  20.00  42.05  61.00  62.00  43.05   0.00
15:42:35   4.2   0.0   0.0  95.8   0.0    2    166    540    0    0    0  36.00    0.00  10.77   5.88  19.35  60.05  60.00  20.00  42.05  60.00  62.00  42.05   0.00
15:42:36   4.2   0.0   0.0  95.8   0.0    2    149    539    0    0    0  35.96    0.00  10.76   5.88  19.33  61.05  61.00  20.00  42.05  61.00  61.00  42.05   0.00
15:42:37   4.3   0.0   0.0  95.7   0.0    2    316    534    0    0    0  36.32    0.00  10.85   5.96  19.52  60.05  60.00  20.00  42.05  60.00  62.00  42.05   0.00
15:42:38   4.2   0.0   0.0  95.8   0.0    2    140    528    0    0    0  36.08    0.00  10.77   5.89  19.41  61.05  61.00  20.00  42.05  61.00  62.00  42.05   0.00
15:42:39   4.2   0.0   0.0  95.8   0.0    2    188    541    0    0    0  35.97    0.00  10.75   5.88  19.34  61.05  61.00  20.00  42.05  61.00  62.00  42.05   0.00
15:42:40   4.2   0.0   0.0  95.8   0.0    2    134    516    0    0    0  35.98    0.00  10.75   5.88  19.34  61.05  61.00  20.00  42.05  61.00  62.00  42.05   0.00
15:42:41   4.2   0.0   0.0  95.8   0.0    2    460    539    0    0    0  37.10    0.00  10.96   5.91  20.23  61.05  61.00  20.00  42.05  61.00  61.00  42.05   0.00
15:42:42   4.2   0.0   0.0  95.8   0.0    2    144    524    0    0    0  35.96    0.00  10.75   5.88  19.32  61.05  61.00  20.00  42.05  61.00  61.00  42.05   0.00
15:42:43   4.2   0.0   0.0  95.8   0.0    2    200    524    0    0    0  36.00    0.00  10.76   5.89  19.36  60.05  60.00  20.00  42.05  60.00  61.00  42.05   0.00
15:42:44   4.2   0.0   0.0  95.8   0.0    2    138    516    0    0    0  35.93    0.00  10.75   5.88  19.30  60.05  60.00  20.00  42.05  60.00  61.00  42.05   0.00
15:42:45   4.2   0.0   0.0  95.8   0.0    2    144    513    0    0    0  36.02    0.00  10.78   5.88  19.36  61.05  61.00  20.00  42.05  61.00  61.00  42.05   0.00
15:42:46   4.2   0.0   0.0  95.8   0.0    2    138    540    0    0    0  35.93    0.00  10.75   5.88  19.30  60.05  60.00  20.00  42.05  60.00  61.00  43.05   0.00
15:42:47   4.2   0.0   0.0  95.8   0.0    2    211    561    0    0    0  35.95    0.00  10.75   5.89  19.31  61.05  61.00  20.00  42.05  61.00  61.00  43.05   0.00
15:42:48   4.2   0.0   0.0  95.8   0.0    3    207    552    0    0    0  36.60    0.00  10.84   5.96  19.81  60.05  60.00  20.00  42.05  60.00  61.00  43.05   0.00
15:42:49   4.2   0.0   0.0  95.8   0.0    2    239    616    0    0    0  38.60    0.00  11.00   6.06  21.53  61.05  61.00  20.00  42.05  61.00  61.00  43.05   0.00
15:42:50   4.2   0.0   0.0  95.8   0.0    2    134    537    0    0    0  37.93    0.00  10.80   5.88  21.24  61.05  61.00  20.00  42.05  62.00  61.00  43.05   0.00
15:42:51   4.2   0.0   0.0  95.8   0.0    2    210    549    0    0    0  38.97    0.00  11.00   5.88  22.08  61.05  61.00  20.00  42.05  61.00  61.00  43.05   0.00
15:42:52   4.2   0.0   0.0  95.8   0.0    2    142    501    0    0    0  36.48    0.00  10.77   5.89  19.83  60.05  60.00  20.00  42.05  60.00  62.00  43.05   0.00
15:42:53   4.2   0.0   0.0  95.8   0.0    2    150    527    0    0    0  35.99    0.00  10.76   5.88  19.35  61.05  61.00  20.00  42.05  61.00  62.00  43.05   0.00
15:42:54   4.2   0.0   0.0  95.8   0.0    2    144    538    0    0    0  35.97    0.00  10.76   5.88  19.33  60.05  60.00  20.00  42.05  61.00  61.00  43.05   0.00
15:42:55   4.2   0.0   0.0  95.8   0.0    2    174    512    0    0    0  35.92    0.00  10.75   5.87  19.30  61.05  61.00  20.00  42.05  61.00  61.00  43.05   0.00
15:42:56   4.2   0.0   0.0  95.8   0.0    2    145    528    0    0    0  36.28    0.00  10.82   5.88  19.59  61.05  60.00  20.00  42.05  60.00  61.00  42.05   0.00
15:42:57   4.2   0.0   0.0  95.8   0.0    2    152    524    0    0    0  36.65    0.00  10.89   5.88  19.89  61.05  61.00  20.00  42.05  61.00  61.00  42.05   0.00
15:42:58   4.2   0.0   0.0  95.8   0.0    2    118    525    0    0    0  35.94    0.00  10.76   5.88  19.30  60.05  60.00  20.00  42.05  61.00  61.00  42.05   0.00
15:42:59   4.2   0.0   0.0  95.8   0.0    2    187    531    0    0    0  35.93    0.00  10.75   5.88  19.30  60.05  60.00  20.00  42.05  60.00  61.00  42.05   0.00
15:43:00   4.2   0.0   0.0  95.8   0.0    2    168    542    0    0    0  35.97    0.00  10.76   5.89  19.32  60.05  61.00  20.00  42.05  61.00  61.00  42.05   0.00
15:43:01   4.2   0.0   0.0  95.8   0.0    2    164    519    0    0    0  35.93    0.00  10.75   5.88  19.30  61.05  61.00  20.00  42.05  60.00  61.00  42.05   0.00
15:43:02   4.2   0.0   0.0  95.8   0.0    2    172    541    0    0    0  36.01    0.00  10.77   5.89  19.34  61.05  61.00  20.00  42.05  61.00  61.00  42.05   0.00
15:43:03   4.2   0.0   0.0  95.8   0.0    2    191    525    0    0    0  35.92    0.00  10.75   5.87  19.30  60.05  60.00  20.00  42.05  60.00  61.00  42.05   0.00
15:43:04   4.2   0.0   0.0  95.8   0.0    2    132    513    0    0    0  35.93    0.00  10.75   5.88  19.31  60.05  60.00  20.00  42.05  60.00  61.00  42.05   0.00
15:43:05   4.2   0.0   0.0  95.8   0.0    2    216    520    0    0    0  35.92    0.00  10.75   5.88  19.30  60.05  60.00  20.00  42.05  60.00  61.00  42.05   0.00
15:43:06   4.2   0.0   0.0  95.8   0.0    2    147    520    0    0    0  36.96    0.00  10.94   5.88  20.14  61.05  61.00  20.00  42.05  61.00  61.00  42.05   0.00
15:43:07   4.2   0.0   0.0  95.8   0.0    2    190    539    0    0    0  35.95    0.00  10.76   5.88  19.31  61.05  61.00  20.00  42.05  61.00  61.00  42.05   0.00
15:43:08   4.2   0.0   0.0  95.8   0.0    2    118    520    0    0    0  35.90    0.00  10.74   5.87  19.29  61.05  61.00  20.00  42.05  60.00  61.00  42.05   0.00
15:43:09   4.2   0.0   0.0  95.8   0.0    2    213    523    0    0    0  36.06    0.00  10.78   5.91  19.37  61.05  61.00  20.00  42.05  61.00  61.00  42.05   0.00
15:43:10   4.2   0.0   0.0  95.8   0.0    2    134    544    0    0    0  35.95    0.00  10.75   5.88  19.31  61.05  61.00  20.00  42.05  60.00  61.00  42.05   0.00
15:43:11   4.2   0.0   0.0  95.8   0.0    2    504    565    0    0    0  36.05    0.00  10.77   5.91  19.37  60.05  60.00  20.00  42.05  60.00  61.00  42.05   0.00
15:43:12   4.2   0.0   0.0  95.8   0.0    2    162    508    0    0    0  37.03    0.00  10.95   5.89  20.19  60.05  60.00  20.00  42.05  60.00  61.00  42.05   0.00
15:43:13   4.2   0.0   0.0  95.8   0.0    2    176    512    0    0    0  35.89    0.00  10.73   5.88  19.28  61.05  61.00  20.00  42.05  61.00  61.00  42.05   0.00
15:43:14   4.2   0.0   0.0  95.8   0.0    2    138    519    0    0    0  35.86    0.00  10.72   5.88  19.26  60.05  60.00  20.00  42.05  60.00  61.00  42.05   0.00
15:43:15   4.2   0.0   0.0  95.8   0.0    2    172    529    0    0    0  35.89    0.00  10.74   5.88  19.27  61.05  61.00  20.00  42.05  61.00  61.00  42.05   0.00
15:43:16   4.2   0.0   0.0  95.8   0.0    2    134    522    0    0    0  35.87    0.00  10.73   5.88  19.26  60.05  60.00  20.00  42.05  60.00  61.00  42.05   0.00
15:43:17   4.2   0.0   0.0  95.8   0.0    2    179    533    0    0    0  36.89    0.00  10.92   5.88  20.09  61.05  61.00  20.00  42.05  61.00  61.00  42.05   0.00
15:43:18   4.2   0.0   0.0  95.8   0.0    2    110    541    0    0    0  35.84    0.00  10.73   5.88  19.24  61.05  61.00  20.00  42.05  61.00  61.00  42.05   0.00
15:43:19   4.2   0.0   0.0  95.8   0.0    2    188    556    0    0    0  35.87    0.00  10.74   5.88  19.25  61.05  61.00  20.00  42.05  60.00  61.00  42.05   0.00
15:43:20   4.2   0.0   0.0  95.8   0.0    2    126    528    0    0    0  35.84    0.00  10.73   5.88  19.24  61.05  61.00  20.00  42.05  61.00  61.00  42.05   0.00
15:43:21   4.2   0.0   0.0  95.8   0.0    2    172    533    0    0    0  35.90    0.00  10.74   5.88  19.28  61.05  61.00  20.00  42.05  61.00  61.00  42.05   0.00
15:43:22   4.2   0.0   0.0  95.8   0.0    2    157    503    0    0    0  36.25    0.00  10.76   5.90  19.60  61.05  61.00  20.00  42.05  61.00  61.00  42.05   0.00
15:43:23   4.2   0.0   0.0  95.8   0.0    2    328    657    0    0    0  38.68    0.00  11.03   6.11  21.53  60.05  60.00  20.00  42.05  60.00  61.00  42.05   0.00
15:43:24   4.2   0.0   0.0  95.8   0.0    2    132    521    0    0    0  37.85    0.00  10.79   5.88  21.18  60.05  60.00  20.00  42.05  60.00  61.00  42.05   0.00
15:43:25   4.2   0.0   0.0  95.8   0.0    2    156    520    0    0    0  37.89    0.00  10.79   5.88  21.21  60.05  60.00  20.00  42.05  60.00  61.00  42.05   0.00
15:43:26   4.2   0.0   0.0  95.8   0.0    2    134    523    0    0    0  36.45    0.00  10.75   5.88  19.82  60.05  60.00  20.00  42.05  60.00  61.00  42.05   0.00
15:43:27   4.2   0.0   0.0  95.8   0.0    2    190    540    0    0    0  35.98    0.00  10.75   5.89  19.34  60.05  60.00  20.00  42.05  60.00  61.00  42.05   0.00
15:43:28   4.2   0.0   0.0  95.8   0.0    2    114    509    0    0    0  35.91    0.00  10.75   5.88  19.29  60.05  60.00  20.00  42.05  60.00  61.00  42.05   0.00
15:43:29   4.2   0.0   0.0  95.8   0.0    2    165    530    0    0    0  35.89    0.00  10.75   5.88  19.26  60.05  60.00  20.00  42.05  60.00  61.00  42.05   0.00
15:43:30   4.2   0.0   0.0  95.8   0.0    2    122    526    0    0    0  35.94    0.00  10.76   5.89  19.29  60.05  60.00  20.00  42.05  60.00  61.00  42.05   0.00
15:43:31   4.2   0.0   0.0  95.8   0.0    2    211    550    0    0    0  36.98    0.00  10.94   5.89  20.15  60.05  60.00  20.00  42.05  60.00  61.00  42.05   0.00
15:43:32   4.2   0.0   0.0  95.8   0.0    2    142    526    0    0    0  36.93    0.00  10.93   5.88  20.12  60.05  60.00  20.00  42.05  60.00  61.00  42.05   0.00
15:43:33   4.2   0.0   0.0  95.8   0.0    2    152    512    0    0    0  35.93    0.00  10.75   5.89  19.29  60.05  60.00  20.00  42.05  60.00  61.00  42.05   0.00
15:43:34   4.3   0.0   0.0  95.7   0.0    2    298    537    0    0    0  36.23    0.00  10.83   5.95  19.46  61.05  61.00  20.00  42.05  61.00  61.00  42.05   0.00
15:43:35   4.2   0.0   0.0  95.8   0.0    2    180    531    0    0    0  35.94    0.00  10.75   5.88  19.31  60.05  60.00  20.00  42.05  60.00  61.00  42.05   0.00
15:43:36   4.2   0.0   0.0  95.8   0.0    2    134    512    0    0    0  35.93    0.00  10.75   5.88  19.30  60.05  60.00  20.00  42.05  60.00  61.00  42.05   0.00
15:43:37   4.2   0.0   0.0  95.8   0.0    2    168    528    0    0    0  36.65    0.00  10.88   5.89  19.88  60.05  60.00  20.00  42.05  60.00  61.00  42.05   0.00
15:43:38   4.2   0.0   0.0  95.8   0.0    2    217    548    0    0    0  36.37    0.00  10.83   5.90  19.64  60.05  60.00  20.00  42.05  60.00  61.00  42.05   0.00
15:43:39   4.2   0.0   0.0  95.8   0.0    2    194    536    0    0    0  35.94    0.00  10.74   5.89  19.32  60.05  60.00  20.00  42.05  60.00  61.00  42.05   0.00
15:43:40   4.2   0.0   0.0  95.8   0.0    2    140    513    0    0    0  35.93    0.00  10.74   5.89  19.30  60.05  60.00  20.00  42.05  60.00  61.00  42.05   0.00
15:43:41   4.2   0.0   0.0  95.8   0.0    2    460    543    0    0    0  36.00    0.00  10.76   5.91  19.33  60.05  60.00  20.00  42.05  60.00  61.00  42.05   0.00
15:43:42   4.2   0.0   0.0  95.8   0.0    2    130    527    0    0    0  35.93    0.00  10.75   5.90  19.29  60.05  60.00  20.00  42.05  60.00  61.00  42.05   0.00
15:43:43   4.2   0.0   0.0  95.8   0.0    2    183    516    0    0    0  35.90    0.00  10.74   5.89  19.27  60.05  60.00  20.00  42.05  60.00  61.00  42.05   0.00
15:43:44   4.2   0.0   0.0  95.8   0.0    2    166    535    0    0    0  36.92    0.00  10.93   5.89  20.10  60.05  60.00  20.00  42.05  60.00  61.00  42.05   0.00
15:43:45   4.2   0.0   0.0  95.8   0.0    2    144    514    0    0    0  35.90    0.00  10.74   5.89  19.27  61.05  61.00  20.00  42.05  61.00  61.00  42.05   0.00
15:43:46   4.2   0.0   0.0  95.8   0.0    2    142    530    0    0    0  35.84    0.00  10.73   5.88  19.22  60.05  60.00  20.00  42.05  60.00  61.00  42.05   0.00
15:43:47   4.2   0.0   0.0  95.8   0.0    2    188    532    0    0    0  35.87    0.00  10.72   5.88  19.26  60.05  60.00  20.00  42.05  60.00  61.00  42.05   0.00
15:43:48   4.2   0.0   0.0  95.8   0.0    2    285    636    0    0    0  37.33    0.00  11.00   6.13  20.20  60.05  60.00  20.00  42.05  60.00  61.00  42.05   0.00
15:43:49   4.2   0.0   0.0  95.8   0.0    2    150    512    0    0    0  37.82    0.00  10.79   5.88  21.15  60.05  60.00  20.00  42.05  60.00  61.00  42.05   0.00
15:43:50   4.2   0.0   0.0  95.8   0.0    2    122    534    0    0    0  37.82    0.00  10.79   5.88  21.15  60.05  60.00  20.00  42.05  60.00  61.00  42.05   0.00
15:43:51   4.2   0.0   0.0  95.8   0.0    2    206    526    0    0    0  37.85    0.00  10.80   5.88  21.18  61.05  61.00  20.00  42.05  61.00  61.00  42.05   0.00
15:43:52   4.2   0.0   0.0  95.8   0.0    2    142    507    0    0    0  36.18    0.00  10.74   5.88  19.56  61.05  61.00  20.00  42.05  61.00  61.00  42.05   0.00
15:43:53   4.2   0.0   0.0  95.8   0.0    2    168    562    0    0    0  37.92    0.00  11.12   5.88  20.92  60.05  60.00  20.00  42.05  60.00  61.00  42.05   0.00
15:43:54   4.2   0.0   0.0  95.8   0.0    2    170    539    0    0    0  36.00    0.00  10.77   5.91  19.32  61.05  61.00  20.00  42.05  61.00  61.00  42.05   0.00
15:43:55   4.2   0.0   0.0  95.8   0.0    2    182    543    0    0    0  35.93    0.00  10.75   5.89  19.29  60.05  60.00  20.00  42.05  60.00  61.00  42.05   0.00
15:43:56   4.2   0.0   0.0  95.8   0.0    2    148    529    0    0    0  36.93    0.00  10.93   5.88  20.11  60.05  60.00  20.00  42.05  60.00  61.00  42.05   0.00
15:43:57   4.2   0.0   0.0  95.8   0.0    2    150    528    0    0    0  35.89    0.00  10.74   5.89  19.26  61.05  61.00  20.00  42.05  61.00  61.00  42.05   0.00
15:43:58   4.2   0.0   0.0  95.8   0.0    2    121    527    0    0    0  35.87    0.00  10.74   5.88  19.25  61.05  61.00  20.00  42.05  61.00  61.00  42.05   0.00
15:43:59   4.2   0.0   0.0  95.8   0.0    2    192    541    0    0    0  35.90    0.00  10.74   5.88  19.27  60.05  60.00  20.00  42.05  60.00  61.00  42.05   0.00
15:44:00   4.2   0.0   0.0  95.8   0.0    2    153    543    0    0    0  35.94    0.00  10.75   5.89  19.29  60.05  60.00  20.00  42.05  60.00  61.00  42.05   0.00
15:44:01   4.2   0.0   0.0  95.8   0.0    2    160    527    0    0    0  35.93    0.00  10.75   5.89  19.29  60.05  60.00  20.00  42.05  60.00  61.00  42.05   0.00
15:44:02   4.2   0.0   0.0  95.8   0.0    2    200    539    0    0    0  35.92    0.00  10.75   5.89  19.28  60.05  60.00  20.00  42.05  60.00  61.00  42.05   0.00
15:44:03   4.2   0.0   0.0  95.8   0.0    2    178    555    0    0    0  35.95    0.00  10.75   5.89  19.31  60.05  60.00  20.00  42.05  60.00  61.00  42.05   0.00
15:44:04   4.2   0.0   0.0  95.8   0.0    2    144    510    0    0    0  35.93    0.00  10.74   5.89  19.30  61.05  61.00  20.00  42.05  61.00  61.00  42.05   0.00
15:44:05   4.2   0.0   0.0  95.8   0.0    2    163    523    0    0    0  35.91    0.00  10.74   5.89  19.28  60.05  60.00  20.00  42.05  60.00  61.00  42.05   0.00
15:44:06   4.2   0.0   0.0  95.8   0.0    2    140    560    0    0    0  35.97    0.00  10.75   5.90  19.32  58.05  58.00  20.00  42.05  58.00  61.00  42.05   0.00
15:44:07   4.2   0.0   0.0  95.8   0.0    2    194    534    0    0    0  35.96    0.00  10.75   5.90  19.31  60.05  60.00  20.00  42.05  60.00  61.00  42.05   0.00
15:44:08   4.2   0.0   0.0  95.8   0.0    2    116    514    0    0    0  35.85    0.00  10.74   5.88  19.24  60.05  60.00  20.00  42.05  60.00  61.00  42.05   0.00
15:44:09   4.2   0.0   0.0  95.8   0.0    2    214    529    0    0    0  35.99    0.00  10.77   5.91  19.31  60.05  60.00  20.00  42.05  60.00  61.00  42.05   0.00
15:44:10   4.2   0.0   0.0  95.8   0.0    2    128    515    0    0    0  35.89    0.00  10.74   5.88  19.27  60.05  60.00  20.00  42.05  60.00  61.00  42.05   0.00
15:44:11   4.3   0.0   0.1  95.5   0.0    2   1179    808   11    1    8  38.15    0.00  11.19   6.08  20.87  60.05  60.00  20.00  42.05  60.00  61.00  42.05   0.00
15:44:12   4.2   0.0   0.0  95.8   0.0    2    160    463    0    0    0  36.76    0.00  10.90   5.91  19.95  58.05  61.00  20.00  42.05  61.00  61.00  42.05   0.00
15:44:13   4.2   0.0   0.0  95.8   0.0    2    166    530    0    0    0  35.92    0.00  10.74   5.90  19.27  61.05  61.00  20.00  42.05  61.00  61.00  42.05   0.00
15:44:14   4.2   0.0   0.0  95.8   0.0    2    144    539    0    0    0  35.88    0.00  10.73   5.89  19.25  60.05  60.00  20.00  42.05  60.00  61.00  42.05   0.00
15:44:15   4.2   0.0   0.0  95.8   0.0    2    223    550    0    0    0  35.90    0.00  10.74   5.89  19.27  60.05  60.00  20.00  42.05  60.00  61.00  42.05   0.00
15:44:16   4.2   0.0   0.0  95.8   0.0    2    140    520    0    0    0  35.85    0.00  10.73   5.89  19.23  60.05  60.00  20.00  42.05  60.00  61.00  42.05   0.00
15:44:17   4.2   0.0   0.0  95.8   0.0    2    173    516    0    0    0  36.85    0.00  10.91   5.88  20.06  60.05  60.00  20.00  42.05  60.00  61.00  42.05   0.00
15:44:18   4.2   0.0   0.0  95.8   0.0    2    115    528    0    0    0  35.87    0.00  10.74   5.89  19.24  60.05  60.00  20.00  42.05  60.00  61.00  42.05   0.00
15:44:19   4.2   0.0   0.0  95.8   0.0    2    196    532    0    0    0  35.82    0.00  10.71   5.88  19.23  60.05  60.00  20.00  42.05  60.00  61.00  42.05   0.00
15:44:20   4.2   0.0   0.0  95.8   0.0    2    120    518    0    0    0  35.89    0.00  10.73   5.89  19.26  60.05  60.00  20.00  41.05  60.00  61.00  42.05   0.00
15:44:21   4.2   0.0   0.0  95.8   0.0    2    178    537    0    0    0  35.88    0.00  10.73   5.90  19.25  58.05  58.00  20.00  41.05  58.00  61.00  42.05   0.00
15:44:22   4.2   0.0   0.0  95.8   0.0    2    293    686    0    0    0  37.88    0.00  11.01   6.13  20.75  60.05  60.00  20.00  41.05  60.00  61.00  42.05   0.00
15:44:23   4.2   0.0   0.0  95.8   0.0    2    176    535    0    0    0  37.87    0.00  10.81   5.89  21.17  60.05  60.00  20.00  41.05  60.00  60.00  42.05   0.00
15:44:24   4.2   0.0   0.0  95.8   0.0    2    124    515    0    0    0  37.87    0.00  10.80   5.89  21.18  60.05  60.00  20.00  41.05  60.00  60.00  42.05   0.00
15:44:25   4.2   0.0   0.0  95.8   0.0    2    164    503    0    0    0  37.54    0.00  10.79   5.89  20.86  60.05  60.00  20.00  41.05  60.00  60.00  42.05   0.00
15:44:26   4.2   0.0   0.0  95.8   0.0    2    130    531    0    0    0  36.14    0.00  10.75   5.90  19.50  60.05  60.00  20.00  41.05  60.00  60.00  42.05   0.00
15:44:27   4.2   0.0   0.0  95.8   0.0    2    240    592    0    0    0  36.98    0.00  10.95   5.90  20.14  60.05  60.00  20.00  41.05  60.00  60.00  42.05   0.00
15:44:28   4.2   0.0   0.0  95.8   0.0    2    116    511    0    0    0  35.92    0.00  10.75   5.90  19.27  60.05  60.00  20.00  41.05  60.00  60.00  42.05   0.00
15:44:29   4.2   0.0   0.0  95.8   0.0    2    160    527    0    0    0  35.96    0.00  10.76   5.91  19.29  60.05  60.00  20.00  41.05  60.00  60.00  42.05   0.00
15:44:30   4.2   0.0   0.0  95.8   0.0    2    134    549    0    0    0  36.92    0.00  10.94   5.89  20.09  59.05  59.00  20.00  41.05  59.00  60.00  42.05   0.00
15:44:31   4.3   0.0   0.0  95.7   0.0    2    356    525    0    0    0  36.28    0.00  10.85   5.97  19.46  60.05  60.00  20.00  41.05  60.00  60.00  42.05   0.00
15:44:32   4.2   0.0   0.0  95.8   0.0    2    142    517    0    0    0  37.04    0.00  10.95   5.90  20.18  60.05  60.00  20.00  41.05  60.00  60.00  42.05   0.00
15:44:33   4.2   0.0   0.0  95.8   0.0    2    156    530    0    0    0  35.96    0.00  10.75   5.90  19.30  60.05  60.00  20.00  41.05  60.00  60.00  42.05   0.00
15:44:34   4.2   0.0   0.0  95.8   0.0    2    128    525    0    0    0  35.97    0.00  10.75   5.89  19.32  60.05  60.00  20.00  41.05  60.00  60.00  42.05   0.00
15:44:35   4.2   0.0   0.0  95.8   0.0    2    184    544    0    0    0  36.01    0.00  10.77   5.90  19.34  61.05  61.00  20.00  41.05  61.00  60.00  42.05   0.00
15:44:36   4.2   0.0   0.0  95.8   0.0    2    139    517    0    0    0  35.98    0.00  10.76   5.91  19.31  60.05  60.00  20.00  41.05  60.00  60.00  42.05   0.00
15:44:37   4.2   0.0   0.0  95.8   0.0    2    158    523    0    0    0  35.95    0.00  10.76   5.90  19.30  60.05  60.00  20.00  41.05  60.00  60.00  42.05   0.00
15:44:38   4.2   0.0   0.0  95.8   0.0    2    133    519    0    0    0  35.99    0.00  10.75   5.91  19.32  58.05  58.00  20.00  41.05  58.00  60.00  42.05   0.00
15:44:39   4.2   0.0   0.0  95.8   0.0    2    196    527    0    0    0  35.95    0.00  10.76   5.91  19.28  60.05  60.00  20.00  41.05  60.00  60.00  42.05   0.00
15:44:40   4.2   0.0   0.0  95.8   0.0    2    124    494    0    0    0  35.88    0.00  10.74   5.90  19.25  60.05  60.00  20.00  41.05  60.00  60.00  42.05   0.00
15:44:41   4.2   0.0   0.0  95.8   0.0    2    166    500    0    0    0  35.90    0.00  10.73   5.90  19.27  60.05  60.00  20.00  41.05  60.00  60.00  42.05   0.00
15:44:42   4.2   0.0   0.0  95.8   0.0    2    424    514    0    0    0  36.05    0.00  10.78   5.93  19.34  60.05  60.00  20.00  41.05  60.00  60.00  42.05   0.00
15:44:43   4.2   0.0   0.0  95.8   0.0    2    178    527    0    0    0  35.89    0.00  10.73   5.90  19.26  60.05  60.00  20.00  41.05  60.00  60.00  42.05   0.00
15:44:44   4.2   0.0   0.0  95.8   0.0    2    138    510    0    0    0  35.84    0.00  10.73   5.90  19.21  60.05  60.00  20.00  41.05  60.00  60.00  42.05   0.00
15:44:45   4.2   0.0   0.0  95.8   0.0    2    159    514    0    0    0  36.92    0.00  10.93   5.90  20.10  60.05  60.00  20.00  41.05  60.00  61.00  42.05   0.00
15:44:46   4.2   0.0   0.0  95.8   0.0    2    148    500    0    0    0  35.90    0.00  10.74   5.90  19.26  58.05  58.00  20.00  41.05  58.00  61.00  42.05   0.00
15:44:47   4.2   0.0   0.0  95.8   0.0    2    196    518    0    0    0  36.93    0.00  10.92   5.90  20.11  60.05  60.00  20.00  41.05  60.00  61.00  42.05   0.00
15:44:48   4.2   0.0   0.0  95.8   0.0    2    278    579    0    0    0  38.03    0.00  11.02   6.13  20.88  60.05  60.00  20.00  41.05  60.00  60.00  42.05   0.00
15:44:49   4.2   0.0   0.0  95.8   0.0    2    162    518    0    0    0  37.82    0.00  10.79   5.89  21.14  60.05  60.00  20.00  41.05  60.00  61.00  42.05   0.00
15:44:50   4.2   0.0   0.0  95.8   0.0    2    132    501    0    0    0  37.90    0.00  10.81   5.90  21.19  60.05  60.00  20.00  41.05  60.00  61.00  42.05   0.00
15:44:51   4.2   0.0   0.0  95.8   0.0    2    252    547    0    0    0  37.36    0.00  10.80   5.91  20.65  60.05  60.00  20.00  41.05  60.00  60.00  42.05   0.00
15:44:52   4.2   0.0   0.0  95.8   0.0    2    131    324    0    0    0  36.02    0.00  10.75   5.90  19.37  60.05  60.00  20.00  41.05  60.00  60.00  42.05   0.00
15:44:53   4.2   0.0   0.0  95.8   0.0    2    172    504    0    0    0  36.98    0.00  10.95   5.91  20.12  60.05  60.00  20.00  41.05  60.00  60.00  42.05   0.00
15:44:54   4.2   0.0   0.0  95.8   0.0    2    130    513    0    0    0  35.92    0.00  10.75   5.90  19.28  60.05  60.00  20.00  41.05  60.00  60.00  42.05   0.00
15:44:55   4.2   0.0   0.0  95.8   0.0    2    170    493    0    0    0  35.89    0.00  10.73   5.89  19.27  60.05  60.00  20.00  41.05  60.00  60.00  42.05   0.00
15:44:56   4.2   0.0   0.0  95.8   0.0    2    153    480    0    0    0  35.93    0.00  10.75   5.90  19.28  58.05  58.00  20.00  41.05  58.00  60.00  42.05   0.00
15:44:57   4.2   0.0   0.0  95.8   0.0    2    153    501    0    0    0  35.93    0.00  10.75   5.90  19.28  60.05  60.00  20.00  41.05  60.00  60.00  42.05   0.00
15:44:58   4.2   0.0   0.0  95.8   0.0    2    118    493    0    0    0  35.92    0.00  10.75   5.90  19.27  60.05  60.00  20.00  41.05  60.00  60.00  42.05   0.00
15:44:59   4.1   0.0   0.0  95.8   0.0    2    243    519    0    0    0  35.93    0.00  10.75   5.90  19.28  60.05  60.00  20.00  41.05  60.00  60.00  42.05   0.00
15:45:00   4.2   0.0   0.0  95.8   0.0    2    150    516    0    0    0  36.00    0.00  10.76   5.91  19.33  60.05  60.00  20.00  41.05  60.00  60.00  42.05   0.00
-------- ----- ----- ----- ----- ----- ---- ------ ------ ---- ---- ---- ------  ------ ------ ------ ------ ------ ------ ------ ------ ------ ------ ------ ------
 Average   4.1   0.0   0.0  95.9   0.0  2.0  182.0  528.1  0.1  0.0  0.0  35.99    0.00  10.68   5.83  19.48  60.79  60.75  20.00  42.15  60.77  61.56  42.66   0.00
 GeoMean   0.0   0.0   0.0  95.9   0.0  2.0  170.8  524.2  0.0  0.0  0.0  35.31    0.00  10.47   5.63  19.16  60.78  60.74  20.00  42.15  60.75  61.55  42.66   0.00
  StdDev   0.5   0.0   0.0   0.5   0.0  0.1   94.0   52.1  1.1  0.2  0.5   3.72    0.00   1.09   0.64   2.03   1.35   1.34   0.00   0.66   1.36   1.19   0.76   0.00
-------- ----- ----- ----- ----- ----- ---- ------ ------ ---- ---- ---- ------  ------ ------ ------ ------ ------ ------ ------ ------ ------ ------ ------ ------
 Minimum   0.0   0.0   0.0  95.5   0.0  1.0  110.0  118.0  0.0  0.0  0.0   1.95    0.00   0.55   0.08   1.32  54.05  54.00  20.00  41.05  54.00  58.00  42.05   0.00
 Maximum   4.3   0.0   0.2 100.0   0.1  3.0 1179.0  808.0 12.0  3.0  8.0  38.97    0.00  11.31   6.16  22.08  64.05  64.00  20.00  43.05  64.00  64.00  44.05   0.00
-------- ----- ----- ----- ----- ----- ---- ------ ------ ---- ---- ---- ------  ------ ------ ------ ------ ------ ------ ------ ------ ------ ------ ------ ------
Summary:
CPU:  35.99 Watts on average with standard deviation 3.72  
Note: power read from RAPL domains: uncore, pkg-0, core, psys.
These readings do not cover all the hardware in this device.

Histogram (of 243 power measurements)

 Range (Watts)  Count
 1.948 -  5.649     3 
 5.650 -  9.351     0 
 9.352 - 13.053     0 
13.054 - 16.755     0 
16.756 - 20.457     0 
20.458 - 24.159     0 
24.160 - 27.861     0 
27.862 - 31.563     0 
31.564 - 35.265     0 
35.266 - 38.967   240 ########################################

Histogram (of 243 CPU utilization measurements)

Range (%CPU)  Count
0.000 - 0.445     3 
0.446 - 0.890     0 
0.891 - 1.336     0 
1.337 - 1.782     0 
1.783 - 2.227     0 
2.228 - 2.673     0 
2.674 - 3.119     0 
3.120 - 3.564     0 
3.565 - 4.010     0 
4.011 - 4.455   240 ########################################

Histogram (of 243 thermal zone TCPU readings)

 Range (°C)    Count
54.050 - 55.049     3 #
55.050 - 56.049     0 
56.050 - 57.049     0 
57.050 - 58.049     6 ##
58.050 - 59.049     1 
59.050 - 60.049   110 ########################################
60.050 - 61.049    65 #######################
61.050 - 62.049    44 ################
62.050 - 63.049     0 
63.050 - 64.049    14 #####

Histogram (of 243 thermal zone x86_pkg_temp readings)

 Range (°C)    Count
54.000 - 54.999     3 #
55.000 - 55.999     0 
56.000 - 56.999     0 
57.000 - 57.999     5 #
58.000 - 58.999     1 
59.000 - 59.999   110 ########################################
60.000 - 60.999    66 ########################
61.000 - 61.999    44 ################
62.000 - 62.999     0 
63.000 - 63.999    14 #####

Range is zero, cannot produce histogram of thermal zone INT3400 Thermal

Histogram (of 243 thermal zone SEN3 readings)

 Range (°C)    Count
41.050 - 41.249    41 ############
41.250 - 41.449     0 
41.450 - 41.649     0 
41.650 - 41.849     0 
41.850 - 42.049   136 ########################################
42.050 - 42.249     0 
42.250 - 42.449     0 
42.450 - 42.649     0 
42.650 - 42.849     0 
42.850 - 43.049    66 ###################

Histogram (of 243 thermal zone TCPU_PCI readings)

 Range (°C)    Count
54.000 - 54.999     3 #
55.000 - 55.999     0 
56.000 - 56.999     0 
57.000 - 57.999     5 #
58.000 - 58.999     1 
59.000 - 59.999   111 ########################################
60.000 - 60.999    63 ######################
61.000 - 61.999    45 ################
62.000 - 62.999     0 
63.000 - 63.999    15 #####

Histogram (of 243 thermal zone iwlwifi_1 readings)

 Range (°C)    Count
58.000 - 58.599     2 
58.600 - 59.199     0 
59.200 - 59.799     0 
59.800 - 60.399    33 ###########
60.400 - 60.999   112 ########################################
61.000 - 61.599     0 
61.600 - 62.199    33 ###########
62.200 - 62.799     0 
62.800 - 63.399    46 ################
63.400 - 63.999    17 ######

Histogram (of 243 thermal zone acpitz readings)

 Range (°C)    Count
42.050 - 42.249   136 ########################################
42.250 - 42.449     0 
42.450 - 42.649     0 
42.650 - 42.849     0 
42.850 - 43.049    65 ###################
43.050 - 43.249     0 
43.250 - 43.449     0 
43.450 - 43.649     0 
43.650 - 43.849     0 
43.850 - 44.049    42 ############

Range is zero, cannot produce histogram of thermal zone SEN2
