Running for 86400.0 seconds (86400 samples at 1.0 second intervals).
Power measurements will start in 0 seconds time.

  Time    User  Nice   Sys  Idle    IO  Run Ctxt/s  IRQ/s Fork Exec Exit  Watts  uncore  pkg-0   core   psys   TCPU x86_pk INT340   SEN3 TCPU_P iwlwif acpitz   SEN2
16:18:50   0.0   0.0   0.0 100.0   0.0    1    401    428    0    0    1  10.23    0.00   2.48   0.30   7.46  60.05  60.00  20.00  48.05  60.00  70.00  49.05   0.00
16:18:51   0.0   0.0   0.1  99.9   0.0    1    422    245    0    0    0   9.75    0.00   2.52   0.13   7.10  60.05  61.00  20.00  48.05  60.00  62.00  49.05   0.00
16:18:52   0.0   0.0   0.1  99.8   0.0    2    718    251    7    5    7   7.78    0.00   2.04   0.18   5.56  61.05  61.00  20.00  48.05  61.00  62.00  49.05   0.00
16:18:53  12.9   0.0   0.8  86.3   0.0    5  35220   5014   41    1    1  73.32    0.00  20.62  14.77  37.94  77.05  77.00  20.00  48.05  77.00  68.00  49.05   0.00
16:18:54  15.3   0.0   0.8  83.9   0.0    5  36607   4299    4    0    0  89.04    0.00  25.59  19.61  43.84  71.05  71.00  20.00  48.05  71.00  68.00  49.05   0.00
16:18:55  17.8   0.0   0.6  81.6   0.0    2  28745   7588   29    4   28 102.32    0.00  29.65  23.54  49.13  72.05  72.00  20.00  48.05  72.00  82.00  49.05   0.00
16:18:56   9.9   0.0   0.8  89.2   0.0    5  27497   6039   81    5   39  60.56    0.00  16.48  10.36  33.72  68.05  68.00  20.00  48.05  68.00  82.00  49.05   0.00
16:18:57  23.9   0.0   1.6  74.5   0.0   19  61520  12662   18    0    9  90.38    0.00  26.12  19.95  44.30  71.05  71.00  20.00  48.05  71.00  82.00  49.05   0.00
16:18:58  14.0   0.0   1.4  84.6   0.0    3  53913  10546   56   74   55  75.47    0.00  20.55  13.59  41.33  71.05  71.00  20.00  48.05  71.00  82.00  49.05   0.00
16:18:59  18.7   0.0   0.3  81.0   0.0   11  51384   6850   10    0    0  85.99    0.00  24.26  18.21  43.51  78.05  78.00  20.00  48.05  78.00  71.00  49.05   0.00
16:19:00  66.2   0.0   2.6  31.1   0.0   18  79160  13709   16    0    0 121.90    0.01  35.41  28.74  57.74  68.05  68.00  20.00  48.05  68.00  77.00  49.05   0.00
16:19:01  70.8   0.0   0.5  28.7   0.0   20  23448  11780    0    0    2 105.48    0.00  30.68  23.94  50.86  68.05  68.00  20.00  48.05  68.00  77.00  49.05   0.00
16:19:02  74.2   0.0   1.0  24.8   0.0   18  23595   7724    0    0    2 104.43    0.00  30.30  23.53  50.60  69.05  69.00  20.00  48.05  69.00  70.00  49.05   0.00
16:19:03  69.2   0.0   0.9  29.8   0.1   14  35616   9095    0    0    0 100.88    0.00  28.98  22.04  49.85  71.05  71.00  20.00  48.05  71.00  70.00  49.05   0.00
16:19:04  50.4   0.0   0.5  49.0   0.0    5  16909   5726    1    0    1  97.81    0.00  28.12  21.48  48.20  79.05  79.00  20.00  48.05  79.00  69.00  49.05   0.00
16:19:05  38.1   0.0   0.3  61.6   0.0    6  23970   5438    0    0    0 107.96    0.00  31.30  24.68  51.98  81.05  81.00  20.00  48.05  81.00  69.00  49.05   0.00
16:19:06  69.5   0.0   0.9  29.6   0.0   27  22808   8226   37    0    2 110.61    0.00  32.47  26.01  52.12  70.05  70.00  20.00  48.05  69.00  75.00  49.05   0.00
16:19:07  98.2   0.0   0.3   1.5   0.0   27   8280   8530    0    0    0 104.07    0.00  30.50  24.09  49.49  67.05  67.00  20.00  48.05  67.00  75.00  49.05   0.00
16:19:08  97.2   0.0   0.5   2.4   0.0    3   5987   7135    0    0    0 105.28    0.00  30.85  24.40  50.03  68.05  68.00  20.00  48.05  68.00  75.00  49.05   0.00
16:19:09  69.7   0.0   0.8  29.4   0.1   19  19506  38269    0    0    0  95.26    0.00  27.78  21.19  46.29  66.05  66.00  20.00  48.05  66.00  68.00  49.05   0.00
16:19:10  83.4   0.0   0.5  16.1   0.0   23  22324   8081    0    0    0 105.52    0.00  30.93  24.44  50.15  68.05  68.00  20.00  48.05  68.00  68.00  49.05   0.00
16:19:11  95.5   0.0   0.6   3.9   0.0   27  10156   7169    0    0    0 101.99    0.00  29.78  23.12  49.09  66.05  66.00  20.00  48.05  66.00  68.00  49.05   0.00
16:19:12  84.7   0.0   0.7  14.7   0.0   27  20349   8847    0    0    0 100.87    0.00  29.53  22.93  48.41  68.05  68.00  20.00  48.05  68.00  68.00  49.05   0.00
16:19:13  96.4   0.0   1.0   2.5   0.0   28  11249   8557    0    0    0 102.53    0.00  30.01  23.30  49.23  67.05  67.00  20.00  48.05  67.00  68.00  49.05   0.00
16:19:14  97.0   0.0   0.5   2.4   0.0   28  11051   8316    0    0    0 102.88    0.00  29.99  23.13  49.76  67.05  67.00  20.00  48.05  67.00  68.00  49.05   0.00
16:19:15  97.0   0.0   0.7   2.4   0.0   28  11333   8210    0    0    0 101.81    0.00  29.77  23.04  49.00  68.05  68.00  20.00  48.05  68.00  68.00  49.05   0.00
16:19:16  95.4   0.0   0.5   4.1   0.0   27  14166   7827    0    0    0 101.84    0.00  29.75  22.99  49.10  69.05  69.00  20.00  48.05  69.00  68.00  49.05   0.00
16:19:17  95.7   0.0   0.5   3.8   0.0   30  12754   7572    0    0    0 101.62    0.00  29.68  22.90  49.04  67.05  67.00  20.00  48.05  67.00  68.00  49.05   0.00
16:19:18  95.1   0.0   1.0   3.9   0.0   28  11160   7929    0    0    0 104.17    0.00  30.34  23.36  50.47  67.05  67.00  20.00  48.05  67.00  68.00  49.05   0.00
16:19:19  95.9   0.0   0.5   3.6   0.0   28  10923   7690    0    0    0 104.87    0.00  30.67  23.81  50.39  67.05  67.00  20.00  48.05  67.00  68.00  49.05   0.00
16:19:20  94.5   0.0   1.1   4.4   0.0    9  10591   7538    0    0    0 104.67    0.00  30.47  23.44  50.75  69.05  69.00  20.00  48.05  69.00  69.00  49.05   0.00
16:19:21  94.9   0.0   0.9   4.2   0.0   28  11277   7542    0    0    0 101.13    0.00  29.50  22.72  48.91  66.05  66.00  20.00  48.05  66.00  69.00  49.05   0.00
16:19:22  96.3   0.0   0.4   3.3   0.0   29   9288   7403    0    0    0  99.23    0.00  28.88  22.15  48.19  67.05  67.00  20.00  48.05  67.00  68.00  49.05   0.00
16:19:23  84.6   0.0   0.7  14.7   0.0    5  10005   7585    1    0    0  95.60    0.00  27.53  20.78  47.29  64.05  64.00  20.00  48.05  64.00  68.00  49.05   0.00
16:19:24  19.4   0.0   0.3  80.2   0.0    5  26622  25673    0    0    1  78.30    0.00  21.47  15.19  41.63  69.05  69.00  20.00  48.05  69.00  67.00  49.05   0.00
16:19:25  17.6   0.0   0.1  82.3   0.0    5   4167   1876    0    0    5  71.50    0.00  19.08  12.58  39.83  69.05  69.00  20.00  48.05  69.00  67.00  49.05   0.00
16:19:26  14.9   0.0   0.1  85.0   0.0    5   3202   1919    1    0    1  63.48    0.00  17.08  11.03  35.37  70.05  70.00  20.00  48.05  69.00  70.00  49.05   0.00
16:19:27   8.7   0.0   0.4  90.9   0.0    1   3912   3032    9    4   49  46.74    0.00  12.98   7.76  26.01  61.05  61.00  20.00  48.05  61.00  70.00  49.05   0.00
-------- ----- ----- ----- ----- ----- ---- ------ ------ ---- ---- ---- ------  ------ ------ ------ ------ ------ ------ ------ ------ ------ ------ ------ ------
 Average  57.4   0.0   0.7  41.9   0.0 15.1 20269.3 8218.9  8.2  2.4  5.3  88.09    0.00  25.37  19.19  43.52  68.60  68.58  20.00  48.05  68.50  70.58  49.05   0.00
 GeoMean   0.0   0.0   0.0  19.9   0.0  9.7 12598.9 5864.4  0.0  0.0  0.0  77.65    0.00  22.08  13.90  39.65  68.46  68.43  20.00  48.05  68.35  70.41  49.05   0.00
  StdDev  37.1   0.0   0.5  37.2   0.0 10.8 17447.2 6536.7 17.7 11.8 13.4  27.61    0.00   8.29   7.22  12.24   4.55   4.50   0.00   0.00   4.53   4.99   0.00   0.00
-------- ----- ----- ----- ----- ----- ---- ------ ------ ---- ---- ---- ------  ------ ------ ------ ------ ------ ------ ------ ------ ------ ------ ------ ------
 Minimum   0.0   0.0   0.0   1.5   0.0  1.0  401.0  245.0  0.0  0.0  0.0   7.78    0.00   2.04   0.13   5.56  60.05  60.00  20.00  48.05  60.00  62.00  49.05   0.00
 Maximum  98.2   0.0   2.6 100.0   0.1 30.0 79160.0 38269.0 81.0 74.0 55.0 121.90    0.01  35.41  28.74  57.74  81.05  81.00  20.00  48.05  81.00  82.00  49.05   0.00
-------- ----- ----- ----- ----- ----- ---- ------ ------ ---- ---- ---- ------  ------ ------ ------ ------ ------ ------ ------ ------ ------ ------ ------ ------
Summary:
CPU:  88.09 Watts on average with standard deviation 27.61 
Note: power read from RAPL domains: uncore, pkg-0, core, psys.
These readings do not cover all the hardware in this device.

Histogram (of 38 power measurements)

  Range (Watts)   Count
  7.781 -  19.192     3 ######
 19.193 -  30.605     0 
 30.606 -  42.017     0 
 42.018 -  53.429     1 ##
 53.430 -  64.841     2 ####
 64.842 -  76.253     3 ######
 76.254 -  87.665     2 ####
 87.666 -  99.078     5 ##########
 99.079 - 110.490    20 ########################################
110.491 - 121.902     2 ####

Histogram (of 38 CPU utilization measurements)

 Range (%CPU)   Count
 0.000 -  9.849     4 ############
 9.850 - 19.698     8 ########################
19.699 - 29.548     2 ######
29.549 - 39.398     1 ###
39.399 - 49.247     0 
49.248 - 59.097     1 ###
59.098 - 68.947     1 ###
68.948 - 78.797     5 ###############
78.798 - 88.646     3 #########
88.647 - 98.496    13 ########################################

Histogram (of 38 thermal zone TCPU readings)

 Range (째C)    Count
60.050 - 62.149     4 ###########
62.150 - 64.249     1 ##
64.250 - 66.349     3 ########
66.350 - 68.449    14 ########################################
68.450 - 70.549     7 ####################
70.550 - 72.649     5 ##############
72.650 - 74.749     0 
74.750 - 76.849     0 
76.850 - 78.949     2 #####
78.950 - 81.049     2 #####

Histogram (of 38 thermal zone x86_pkg_temp readings)

 Range (째C)    Count
60.000 - 62.099     4 ###########
62.100 - 64.199     1 ##
64.200 - 66.299     3 ########
66.300 - 68.399    14 ########################################
68.400 - 70.499     7 ####################
70.500 - 72.599     5 ##############
72.600 - 74.699     0 
74.700 - 76.799     0 
76.800 - 78.899     2 #####
78.900 - 80.999     2 #####

Range is zero, cannot produce histogram of thermal zone INT3400 Thermal

Range is zero, cannot produce histogram of thermal zone SEN3

Histogram (of 38 thermal zone TCPU_PCI readings)

 Range (째C)    Count
60.000 - 62.099     4 ###########
62.100 - 64.199     1 ##
64.200 - 66.299     3 ########
66.300 - 68.399    14 ########################################
68.400 - 70.499     7 ####################
70.500 - 72.599     5 ##############
72.600 - 74.699     0 
74.700 - 76.799     0 
76.800 - 78.899     2 #####
78.900 - 80.999     2 #####

Histogram (of 38 thermal zone iwlwifi_1 readings)

 Range (째C)    Count
62.000 - 63.999     2 ####
64.000 - 65.999     0 
66.000 - 67.999    17 ########################################
68.000 - 69.999     9 #####################
70.000 - 71.999     1 ##
72.000 - 73.999     0 
74.000 - 75.999     3 #######
76.000 - 77.999     2 ####
78.000 - 79.999     0 
80.000 - 81.999     4 #########

Range is zero, cannot produce histogram of thermal zone acpitz

Range is zero, cannot produce histogram of thermal zone SEN2
