Running for 86400.0 seconds (86400 samples at 1.0 second intervals).
Power measurements will start in 0 seconds time.

  Time    User  Nice   Sys  Idle    IO  Run Ctxt/s  IRQ/s Fork Exec Exit  Watts  uncore  pkg-0   core   psys   TCPU x86_pk INT340   SEN3 TCPU_P iwlwif acpitz   SEN2
15:40:09   0.0   0.0   0.0  99.9   0.0    1    190    246    0    0    0   4.23    0.00   1.14   0.17   2.93  52.05  52.00  20.00  42.05  52.00  59.00  42.05   0.00
15:40:10   0.0   0.0   0.0 100.0   0.0    2    527    120    0    0    0   2.79    0.00   0.77   0.11   1.90  52.05  52.00  20.00  42.05  51.00  56.00  42.05   0.00
15:40:11   0.1   0.0   0.1  99.8   0.0    2    350    163   14    6    8   2.91    0.00   0.83   0.18   1.90  50.05  50.00  20.00  42.05  50.00  56.00  42.05   0.00
15:40:12  16.9   0.0   1.3  81.8   0.0    2  53447   6669   40    0    0  86.90    0.00  25.12  19.48  42.30  60.05  60.00  20.00  42.05  60.00  54.00  42.05   0.00
15:40:13  17.4   0.0   0.6  82.0   0.0    6  46480   5296    5    4    4  80.17    0.00  22.86  17.19  40.12  62.05  62.00  20.00  42.05  62.00  54.00  42.05   0.00
15:40:14  15.8   0.0   0.7  83.4   0.1    2  38295   5492   74    5   68  77.51    0.00  21.73  15.66  40.11  56.05  56.00  20.00  42.05  56.00  54.00  42.05   0.00
15:40:15  20.0   0.0   1.5  78.5   0.0   11  50908  12281   50    0    1  85.97    0.00  24.94  19.26  41.78  63.05  63.00  20.00  42.05  62.00  64.00  42.05   0.00
15:40:16  17.2   0.0   1.1  81.7   0.0    4  90202  13372    6    2    9  81.22    0.00  23.47  17.98  39.76  65.05  65.00  20.00  42.05  65.00  63.00  42.05   0.00
15:40:17  11.3   0.0   1.1  87.6   0.0    4  42630   5640   66   88   66  77.52    0.00  21.62  15.11  40.79  64.05  64.00  20.00  42.05  64.00  63.00  42.05   0.00
15:40:18  24.0   0.0   1.0  75.0   0.0   20  57773   7033   30    0    0 113.13    0.00  33.35  27.55  52.23  70.05  70.00  20.00  42.05  70.00  62.00  42.05   0.00
15:40:19  71.0   0.0   1.5  27.6   0.0   16  53758  14983    0    0    1 104.07    0.00  30.64  24.35  49.07  61.05  61.00  20.00  42.05  61.00  62.00  42.05   0.00
15:40:20  71.8   0.0   0.4  27.8   0.0   21  19801   7020    0    0    2 102.23    0.00  30.12  23.89  48.22  58.05  58.00  20.00  42.05  58.00  61.00  42.05   0.00
15:40:21  76.2   0.0   0.9  22.8   0.0   20  22798   7799    0    0    0 102.74    0.00  30.31  23.94  48.48  60.05  60.00  20.00  42.05  60.00  61.00  42.05   0.00
15:40:22  75.7   0.0   0.8  23.4   0.1   20  13763   7153    1    0    0 100.73    0.00  29.42  22.77  48.53  61.05  61.00  20.00  42.05  61.00  61.00  42.05   0.00
15:40:23  73.9   0.0   1.2  24.9   0.0   14  55872  11095    1    0    0 100.36    0.00  29.46  22.99  47.91  61.05  61.00  20.00  42.05  61.00  61.00  42.05   0.00
15:40:24  38.3   0.0   0.3  61.4   0.0   19  19993   5115    1    0    1  94.93    0.00  26.96  20.78  47.18  66.05  66.00  20.00  42.05  66.00  61.00  42.05   0.00
15:40:25  39.4   0.0   0.4  60.3   0.0    5  29860   6480    0    0    1 111.09    0.00  32.28  26.28  52.53  68.05  68.00  20.00  42.05  68.00  62.00  42.05   0.00
15:40:26  62.0   0.0   0.5  37.4   0.0    5  23428   7480   10    0    0 105.78    0.00  30.67  24.58  50.52  61.05  61.00  20.00  42.05  61.00  68.00  42.05   0.00
15:40:27  90.6   0.0   0.5   8.9   0.0   28  13854   8353   24    0    0 104.34    0.00  30.85  24.89  48.61  60.05  60.00  20.00  42.05  60.00  68.00  42.05   0.00
15:40:28  92.5   0.0   0.5   7.0   0.0    5   6027   7037    0    0    0  98.40    0.00  28.94  22.81  46.65  62.05  62.00  20.00  42.05  62.00  61.00  42.05   0.00
15:40:29  72.3   0.0   1.0  26.7   0.0   27  38061  49198    0    0    2 106.92    0.00  31.70  25.72  49.50  62.05  62.00  20.00  42.05  62.00  61.00  42.05   0.00
15:40:30  94.1   0.0   0.8   5.2   0.0   28  14423   7559    0    0    0 102.11    0.00  30.15  23.93  48.03  61.05  61.00  20.00  42.05  61.00  63.00  42.05   0.00
15:40:31  86.4   0.0   0.9  12.7   0.0   28  21642   8760    0    0    0  97.92    0.00  28.87  22.65  46.40  62.05  62.00  20.00  42.05  62.00  63.00  42.05   0.00
15:40:32  96.1   0.0   0.8   3.1   0.0   29  15814   9628    0    0    0 103.12    0.00  30.48  24.07  48.58  60.05  60.00  20.00  42.05  60.00  63.00  42.05   0.00
15:40:33  95.8   0.0   0.8   3.4   0.0   34  15372   8664    0    0    0 100.84    0.00  29.73  23.36  47.75  60.05  60.00  20.00  42.05  60.00  61.00  42.05   0.00
15:40:34  95.6   0.0   0.8   3.6   0.0   28  14777   8787    0    0    1 101.74    0.00  29.87  23.30  48.57  61.05  61.00  20.00  42.05  60.00  61.00  42.05   0.00
15:40:35  95.5   0.0   0.5   3.9   0.0   26  14169   8326    0    0    0 101.58    0.00  29.95  23.52  48.12  62.05  62.00  20.00  42.05  61.00  61.00  43.05   0.00
15:40:36  92.8   0.0   0.6   6.6   0.0   27  12084   7884    0    0    0  98.76    0.00  29.06  22.69  47.00  61.05  61.00  20.00  42.05  61.00  62.00  43.05   0.00
15:40:37  95.3   0.0   0.5   4.1   0.0   32  10533   8279    0    0    0 103.03    0.00  30.32  23.77  48.94  60.05  60.00  20.00  42.05  60.00  62.00  43.05   0.00
15:40:38  93.1   0.0   0.9   6.0   0.0   18  12140  26077    0    0    1 100.55    0.00  29.59  23.09  47.88  60.05  60.00  20.00  42.05  59.00  62.00  43.05   0.00
15:40:39  85.0   0.0   0.8  14.2   0.0   29  22137   8141    0    0    1 102.27    0.00  30.25  23.81  48.22  65.05  63.00  20.00  42.05  63.00  62.00  43.05   0.00
15:40:40  95.3   0.0   0.7   3.9   0.0   20  15055   7980    0    0    0 102.06    0.00  30.05  23.59  48.42  61.05  61.00  20.00  42.05  61.00  62.00  43.05   0.00
15:40:41  95.4   0.0   1.0   3.6   0.0   28   9485   7786    0    0    0 102.84    0.00  30.29  23.77  48.79  61.05  61.00  20.00  42.05  61.00  63.00  43.05   0.00
15:40:42  96.2   0.0   0.7   3.1   0.0   28  11742   7511    0    0    0 103.29    0.00  30.42  23.92  48.94  61.05  61.00  20.00  42.05  62.00  63.00  43.05   0.00
15:40:43  95.7   0.0   0.5   3.7   0.0   26  10621   7659    0    0    0 104.93    0.00  30.80  24.08  50.05  63.05  63.00  20.00  42.05  63.00  63.00  43.05   0.00
15:40:44  96.2   0.0   0.7   3.2   0.0   26   8398   7900    0    0    0 104.82    0.00  30.90  24.33  49.59  63.05  63.00  20.00  42.05  62.00  63.00  43.05   0.00
15:40:45  86.0   0.0   0.8  13.3   0.0    2  15223  19831    0    0    0  96.86    0.00  28.45  22.00  46.41  56.05  56.00  20.00  42.05  56.00  63.00  43.05   0.00
15:40:46  82.2   0.0   1.1  16.7   0.0   26  37903   8561    0    0    0 100.80    0.00  29.79  23.37  47.64  62.05  62.00  20.00  42.05  61.00  64.00  43.05   0.00
15:40:47  93.2   0.0   1.9   4.9   0.0   26  36386   9563    0    0    0 102.91    0.00  30.27  23.70  48.94  62.05  62.00  20.00  42.05  62.00  61.00  43.05   0.00
15:40:48  96.4   0.0   0.7   2.9   0.0   28  12537   7718    0    0    1  99.09    0.00  29.10  22.68  47.31  65.05  65.00  20.00  42.05  66.00  61.00  43.05   0.00
15:40:49  96.6   0.0   0.5   2.9   0.0   28  14122   8079    0    0    0 101.12    0.00  29.50  22.96  48.66  62.05  62.00  20.00  42.05  62.00  63.00  43.05   0.00
15:40:50  70.5   0.0   0.8  28.7   0.0    5  18646   6944    0    0    0  93.87    0.00  26.93  20.54  46.41  71.05  71.00  20.00  42.05  71.00  63.00  43.05   0.00
15:40:51  18.1   0.0   0.3  81.6   0.0    5  11711   2250    0    0    0 104.14    0.00  29.93  24.04  50.17  76.05  76.00  20.00  42.05  76.00  64.00  43.05   0.00
15:40:52  16.5   0.0   0.2  83.3   0.0    3  13308   2490    0    0    0 101.38    0.00  28.94  22.93  49.52  75.05  75.00  20.00  42.05  75.00  64.00  43.05   0.00
15:40:53   6.7   0.0   0.1  93.2   0.0    2    503    776    0    0    0  61.35    0.00  18.11  13.04  30.20  74.05  74.00  20.00  42.05  75.00  76.00  43.05   0.00
15:40:54   8.1   0.0   0.1  91.7   0.0    3   2346   1333    1    0    5  60.52    0.00  17.73  12.37  30.41  67.05  67.00  20.00  42.05  67.00  76.00  43.05   0.00
15:40:55  34.7   0.0   0.6  64.7   0.0    3   5569  31241    2    0    3  96.66    0.00  28.47  22.67  45.51  71.05  71.00  20.00  42.05  71.00  76.00  44.05   0.00
15:40:56   4.6   0.0   0.0  95.4   0.0    2    653    630    0    0    1  51.25    0.00  15.15   9.92  26.18  68.05  68.00  20.00  42.05  68.00  74.00  44.05   0.00
15:40:57   7.8   0.0   0.2  92.0   0.0    5   2414   1552    5    4    0  67.30    0.00  19.43  14.18  33.68  73.05  73.00  20.00  42.05  73.00  69.00  44.05   0.00
-------- ----- ----- ----- ----- ----- ---- ------ ------ ---- ---- ---- ------  ------ ------ ------ ------ ------ ------ ------ ------ ------ ------ ------ ------
 Average  59.5   0.0   0.7  39.8   0.0 15.9 21586.3 8774.2  6.7  2.2  3.6  90.02    0.00  26.32  20.49  43.21  62.85  62.76  20.00  42.05  62.67  62.86  42.58   0.00
 GeoMean  31.5   0.0   0.0  20.0   0.0 10.3 12328.1 5622.6  0.0  0.0  0.0  76.89    0.00  22.39  15.80  37.75  62.61  62.52  20.00  42.05  62.43  62.68  42.58   0.00
  StdDev  36.6   0.0   0.4  36.7   0.0 11.2 18807.5 8162.3 16.6 12.5 13.2  25.73    0.00   7.60   6.37  11.84   5.42   5.42   0.00   0.00   5.54   4.80   0.61   0.00
-------- ----- ----- ----- ----- ----- ---- ------ ------ ---- ---- ---- ------  ------ ------ ------ ------ ------ ------ ------ ------ ------ ------ ------ ------
 Minimum   0.0   0.0   0.0   2.9   0.0  1.0  190.0  120.0  0.0  0.0  0.0   2.79    0.00   0.77   0.11   1.90  50.05  50.00  20.00  42.05  50.00  54.00  42.05   0.00
 Maximum  96.6   0.0   1.9 100.0   0.1 34.0 90202.0 49198.0 74.0 88.0 68.0 113.13    0.00  33.35  27.55  52.53  76.05  76.00  20.00  42.05  76.00  76.00  44.05   0.00
-------- ----- ----- ----- ----- ----- ---- ------ ------ ---- ---- ---- ------  ------ ------ ------ ------ ------ ------ ------ ------ ------ ------ ------ ------
Summary:
CPU:  90.02 Watts on average with standard deviation 25.73 
Note: power read from RAPL domains: uncore, pkg-0, core, psys.
These readings do not cover all the hardware in this device.

Histogram (of 49 power measurements)

  Range (Watts)   Count
  2.792 -  13.824     3 ######
 13.825 -  24.858     0 
 24.859 -  35.891     0 
 35.892 -  46.925     0 
 46.926 -  57.958     1 ##
 57.959 -  68.991     3 ######
 68.992 -  80.025     2 ####
 80.026 -  91.058     4 ########
 91.059 - 102.092    18 ########################################
102.093 - 113.125    18 ########################################

Histogram (of 49 CPU utilization measurements)

 Range (%CPU)   Count
 0.042 -  9.750     7 ###############
 9.751 - 19.459     7 ###############
19.460 - 29.168     2 ####
29.169 - 38.876     2 ####
38.877 - 48.585     1 ##
48.586 - 58.294     0 
58.295 - 68.003     1 ##
68.004 - 77.712     7 ###############
77.713 - 87.421     4 ########
87.422 - 97.130    18 ########################################

Histogram (of 49 thermal zone TCPU readings)

 Range (°C)    Count
50.050 - 52.649     3 #####
52.650 - 55.249     0 
55.250 - 57.849     2 ###
57.850 - 60.449     8 ###############
60.450 - 63.049    21 ########################################
63.050 - 65.649     4 #######
65.650 - 68.249     4 #######
68.250 - 70.849     1 #
70.850 - 73.449     3 #####
73.450 - 76.049     3 #####

Histogram (of 49 thermal zone x86_pkg_temp readings)

 Range (°C)    Count
50.000 - 52.599     3 #####
52.600 - 55.199     0 
55.200 - 57.799     2 ###
57.800 - 60.399     8 ##############
60.400 - 62.999    22 ########################################
63.000 - 65.599     3 #####
65.600 - 68.199     4 #######
68.200 - 70.799     1 #
70.800 - 73.399     3 #####
73.400 - 75.999     3 #####

Range is zero, cannot produce histogram of thermal zone INT3400 Thermal

Range is zero, cannot produce histogram of thermal zone SEN3

Histogram (of 49 thermal zone TCPU_PCI readings)

 Range (°C)    Count
50.000 - 52.599     3 #####
52.600 - 55.199     0 
55.200 - 57.799     2 ###
57.800 - 60.399     9 #################
60.400 - 62.999    21 ########################################
63.000 - 65.599     2 ###
65.600 - 68.199     5 #########
68.200 - 70.799     1 #
70.800 - 73.399     3 #####
73.400 - 75.999     3 #####

Histogram (of 49 thermal zone iwlwifi_1 readings)

 Range (°C)    Count
54.000 - 56.199     5 ##########
56.200 - 58.399     0 
58.400 - 60.599     1 ##
60.600 - 62.799    20 ########################################
62.800 - 64.999    16 ################################
65.000 - 67.199     0 
67.200 - 69.399     3 ######
69.400 - 71.599     0 
71.600 - 73.799     0 
73.800 - 75.999     4 ########

Histogram (of 49 thermal zone acpitz readings)

 Range (°C)    Count
42.050 - 42.249    26 ########################################
42.250 - 42.449     0 
42.450 - 42.649     0 
42.650 - 42.849     0 
42.850 - 43.049    20 ##############################
43.050 - 43.249     0 
43.250 - 43.449     0 
43.450 - 43.649     0 
43.650 - 43.849     0 
43.850 - 44.049     3 ####

Range is zero, cannot produce histogram of thermal zone SEN2
