Running for 86400.0 seconds (86400 samples at 1.0 second intervals).
Power measurements will start in 0 seconds time.

  Time    User  Nice   Sys  Idle    IO  Run Ctxt/s  IRQ/s Fork Exec Exit  Watts  uncore  pkg-0   core   psys   TCPU x86_pk INT340   SEN3 TCPU_P iwlwif acpitz   SEN2
15:49:55   0.0   0.0   0.0 100.0   0.0    1    240    370    0    0    0   4.18    0.00   1.14   0.17   2.86  52.05  52.00  20.00  41.05  52.00  58.00  41.05   0.00
15:49:56   0.0   0.0   0.0 100.0   0.0    1    136     81    0    0    0   1.49    0.00   0.41   0.06   1.02  51.05  51.00  20.00  41.05  51.00  56.00  41.05   0.00
15:49:57   0.0   0.0   0.1  99.9   0.0    2    258    123    9    6    8   2.30    0.00   0.64   0.15   1.50  49.05  49.00  20.00  41.05  49.00  56.00  41.05   0.00
15:49:58  14.4   0.0   0.8  84.7   0.0    2  47828   5718   40    0    0  89.30    0.00  25.93  20.46  42.91  72.05  72.00  20.00  41.05  72.00  54.00  41.05   0.00
15:49:59  20.1   0.0   0.9  78.9   0.0    6  49491   5472    9    4    4 106.10    0.00  31.12  25.05  49.93  74.05  74.00  20.00  41.05  74.00  54.00  41.05   0.00
15:50:00   9.8   0.0   1.2  89.0   0.0    3  21256   4723   89    5   64  61.41    0.00  17.15  11.36  32.90  55.05  55.00  20.00  41.05  55.00  74.00  41.05   0.00
15:50:01  22.0   0.0   1.6  76.4   0.0    5  72236  14392   35    0    9  88.83    0.00  26.00  20.37  42.45  60.05  60.00  20.00  41.05  60.00  74.00  41.05   0.00
15:50:02  14.6   0.0   0.9  84.5   0.0    4  64101  11753   69   90   69  81.35    0.00  22.87  16.46  42.02  56.05  56.00  20.00  41.05  56.00  74.00  41.05   0.00
15:50:03  17.9   0.0   0.7  81.4   0.0    6  57743   5954    1    0    0  90.65    0.00  26.14  20.31  44.20  68.05  68.00  20.00  41.05  68.00  63.00  41.05   0.00
15:50:04  61.2   0.0   1.0  37.7   0.0   19  69883  10825   27    0    0 118.72    0.00  35.37  29.17  54.17  59.05  59.00  20.00  41.05  59.00  65.00  41.05   0.00
15:50:05  72.7   0.0   1.4  25.9   0.0   14  50923  17176    0    0    1 102.40    0.00  30.10  23.72  48.58  60.05  60.00  20.00  41.05  60.00  65.00  41.05   0.00
15:50:06  70.4   0.0   1.0  28.6   0.0   20  21725   7217    0    0    1 101.96    0.00  30.08  23.79  48.09  61.05  61.00  20.00  41.05  61.00  60.00  41.05   0.00
15:50:07  58.7   0.0   0.5  40.8   0.0   18  16698   6160    0    0    0 101.94    0.00  30.04  23.69  48.21  61.05  61.00  20.00  41.05  61.00  60.00  41.05   0.00
15:50:08  73.5   0.0   0.8  25.7   0.0   18  37015   9002    0    0    0 100.94    0.00  29.81  23.39  47.74  59.05  59.00  20.00  41.05  59.00  64.00  41.05   0.00
15:50:09  62.1   0.0   0.7  37.2   0.0   11  16951   6745    0    0    0  97.51    0.00  28.49  22.13  46.89  69.05  69.00  20.00  41.05  69.00  64.00  41.05   0.00
15:50:10  37.0   0.0   0.3  62.7   0.0    5  19542   5339    1    0    3  96.78    0.00  28.11  21.94  46.74  64.05  64.00  20.00  41.05  64.00  60.00  41.05   0.00
15:50:11  25.1   0.0   0.4  74.5   0.0   28  22501   4297   13    0    1 102.84    0.00  30.25  24.49  48.11  66.05  66.00  20.00  41.05  66.00  60.00  41.05   0.00
15:50:12  75.6   0.0   1.0  23.4   0.0   28  22269   9105   24    0    0 103.05    0.00  30.48  24.39  48.18  61.05  61.00  20.00  41.05  61.00  60.00  41.05   0.00
15:50:13  98.0   0.0   0.6   1.4   0.0   28   6567   7639    0    0    0 100.62    0.00  29.82  23.84  46.96  60.05  60.00  20.00  41.05  60.00  70.00  41.05   0.00
15:50:14  66.0   0.0   0.8  33.1   0.0    6  24884  45625    0    0    0  97.52    0.00  28.73  22.62  46.17  63.05  63.00  20.00  41.05  63.00  62.00  41.05   0.00
15:50:15  90.7   0.0   0.9   8.4   0.0   28  29244   8696    0    0    2 106.92    0.00  31.70  25.58  49.64  59.05  59.00  20.00  41.05  59.00  62.00  41.05   0.00
15:50:16  95.8   0.0   0.7   3.5   0.0   29  11868   7614    0    0    0 101.32    0.00  29.92  23.64  47.76  59.05  59.00  20.00  41.05  59.00  61.00  41.05   0.00
15:50:17  87.2   0.0   1.2  11.7   0.0   26  34732  10639    0    0    0 100.25    0.00  29.61  23.35  47.29  59.05  59.00  20.00  41.05  60.00  61.00  42.05   0.00
15:50:18  96.2   0.0   0.8   3.0   0.0   28  17467   8960    0    0    0 101.13    0.00  29.87  23.50  47.76  60.05  60.00  20.00  41.05  60.00  61.00  42.05   0.00
15:50:19  96.0   0.0   0.6   3.3   0.0   31  15564   8736    0    0    0 101.23    0.00  29.85  23.50  47.88  63.05  63.00  20.00  41.05  62.00  61.00  42.05   0.00
15:50:20  94.6   0.0   1.2   4.2   0.0   29  22005   9343    0    0    0 101.51    0.00  29.67  22.93  48.91  58.05  58.00  20.00  41.05  58.00  60.00  42.05   0.00
15:50:21  94.7   0.0   1.0   4.4   0.0   26  13060   8154    0    0    0 101.08    0.00  29.80  23.40  47.88  59.05  59.00  20.00  41.05  59.00  60.00  42.05   0.00
15:50:22  93.0   0.0   0.9   6.1   0.0   19  12571   8130    1    0    0 100.41    0.00  29.58  23.23  47.61  60.05  60.00  20.00  41.05  60.00  60.00  42.05   0.00
15:50:23  93.1   0.0   0.7   6.1   0.0   18  13039  31200    0    0    0 101.13    0.00  29.49  23.00  48.65  60.05  60.00  20.00  41.05  60.00  61.00  42.05   0.00
15:50:24  82.6   0.0   0.7  16.7   0.0   28  14907   7534    0    0    0 104.31    0.00  30.26  23.61  50.44  62.05  62.00  20.00  41.05  63.00  62.00  42.05   0.00
15:50:25  94.6   0.0   1.3   4.1   0.0   26  35557   9643    0    0    0 102.19    0.00  29.57  23.08  49.54  65.05  65.00  20.00  41.05  65.00  62.00  42.05   0.00
15:50:26  96.3   0.0   0.6   3.1   0.0   25  10011   7799    0    0    0 105.21    0.00  30.63  24.03  50.55  61.05  61.00  20.00  41.05  61.00  62.00  42.05   0.00
15:50:27  96.2   0.0   0.4   3.4   0.0   28   8790   7536    0    0    0 103.17    0.00  30.36  23.85  48.96  62.05  62.00  20.00  41.05  62.00  62.00  42.05   0.00
15:50:28  96.0   0.0   0.5   3.5   0.0   28   7566   7249    0    0    0 103.93    0.00  30.65  24.13  49.15  62.05  62.00  20.00  41.05  62.00  62.00  42.05   0.00
15:50:29  96.2   0.0   1.0   2.8   0.0   28   7797   7922    0    0    0 104.93    0.00  30.96  24.39  49.58  63.05  63.00  20.00  41.05  63.00  62.00  42.05   0.00
15:50:30  93.6   0.0   1.1   5.3   0.0   27  11737   7531    0    0    0 103.85    0.00  30.49  23.74  49.62  62.05  62.00  20.00  41.05  63.00  63.00  42.05   0.00
15:50:31  93.4   0.0   1.4   5.1   0.0   27  40349   9683    0    0    1 103.24    0.00  30.40  23.84  49.01  58.05  58.00  20.00  41.05  58.00  63.00  42.05   0.00
15:50:32  74.1   0.0   1.1  24.8   0.0   28  26487  22275    0    0    1  95.83    0.00  28.32  22.02  45.50  64.05  64.00  20.00  41.05  64.00  63.00  42.05   0.00
15:50:33  95.9   0.0   0.7   3.4   0.0   26   6941   7376    0    0    1 106.59    0.00  31.46  24.82  50.31  62.05  62.00  20.00  41.05  62.00  63.00  42.05   0.00
15:50:34  96.9   0.0   0.5   2.6   0.0   26   6313   7161    0    0    0 107.23    0.00  31.64  24.97  50.62  62.05  62.00  20.00  41.05  63.00  63.00  42.05   0.00
15:50:35  58.5   0.0   0.4  41.2   0.0    5  10482   5274    0    0    0  90.27    0.00  26.46  20.28  43.52  75.05  75.00  20.00  41.05  75.00  63.00  42.05   0.00
15:50:36  17.3   0.0   0.2  82.5   0.0    5   5355   1841    0    0    1 102.35    0.00  30.00  24.25  48.10  76.05  76.00  20.00  42.05  76.00  63.00  42.05   0.00
15:50:37  14.4   0.0   0.3  85.3   0.0    2   6645   1804    0    0    1  90.88    0.00  26.65  21.06  43.17  76.05  76.00  20.00  42.05  75.00  70.00  42.05   0.00
15:50:38   6.6   0.0   0.1  93.3   0.0    2    488    751    0    0    0  61.00    0.00  18.60  13.58  28.82  75.05  75.00  20.00  42.05  75.00  70.00  43.05   0.00
15:50:39   9.3   0.0   0.3  90.4   0.0    3   2114   1630    2    0    4  73.31    0.00  20.95  15.39  36.97  71.05  71.00  20.00  42.05  71.00  77.00  43.05   0.00
15:50:40  33.4   0.0   0.5  66.2   0.0    2   5088  24343    1    0    2  90.02    0.00  25.51  19.76  44.75  66.05  66.00  20.00  42.05  66.00  77.00  43.05   0.00
15:50:41   4.8   0.0   0.0  95.1   0.0    2    536    706    0    0    3  52.11    0.00  15.15   9.90  27.06  68.05  68.00  20.00  42.05  68.00  71.00  43.05   0.00
15:50:42   8.1   0.0   0.7  91.2   0.0    4   2739   1765   11    4    2  58.88    0.00  16.85  11.49  30.54  71.05  71.00  20.00  42.05  71.00  71.00  43.05   0.00
-------- ----- ----- ----- ----- ----- ---- ------ ------ ---- ---- ---- ------  ------ ------ ------ ------ ------ ------ ------ ------ ------ ------ ------ ------
 Average  58.5   0.0   0.7  40.8   0.0 16.3 20868.7 8729.4  6.9  2.3  3.7  90.09    0.00  26.40  20.58  43.11  62.93  62.88  20.00  41.20  62.92  63.52  41.70   0.00
 GeoMean   0.0   0.0   0.0  19.9   0.0 10.6 11003.5 5481.1  0.0  0.0  0.0  75.30    0.00  21.96  15.51  36.90  62.62  62.57  20.00  41.19  62.62  63.30  41.69   0.00
  StdDev  36.5   0.0   0.4  36.7   0.0 11.1 18912.3 8000.4 17.7 12.9 13.2  26.27    0.00   7.79   6.51  12.06   6.23   6.23   0.00   0.35   6.17   5.42   0.66   0.00
-------- ----- ----- ----- ----- ----- ---- ------ ------ ---- ---- ---- ------  ------ ------ ------ ------ ------ ------ ------ ------ ------ ------ ------ ------
 Minimum   0.0   0.0   0.0   1.4   0.0  1.0  136.0   81.0  0.0  0.0  0.0   1.49    0.00   0.41   0.06   1.02  49.05  49.00  20.00  41.05  49.00  54.00  41.05   0.00
 Maximum  98.0   0.0   1.6 100.0   0.0 31.0 72236.0 45625.0 89.0 90.0 69.0 118.72    0.00  35.37  29.17  54.17  76.05  76.00  20.00  42.05  76.00  77.00  43.05   0.00
-------- ----- ----- ----- ----- ----- ---- ------ ------ ---- ---- ---- ------  ------ ------ ------ ------ ------ ------ ------ ------ ------ ------ ------ ------
Summary:
CPU:  90.09 Watts on average with standard deviation 26.27 
Note: power read from RAPL domains: uncore, pkg-0, core, psys.
These readings do not cover all the hardware in this device.

Histogram (of 48 power measurements)

  Range (Watts)   Count
  1.493 -  13.214     3 ###
 13.215 -  24.936     0 
 24.937 -  36.659     0 
 36.660 -  48.381     0 
 48.382 -  60.103     2 ##
 60.104 -  71.826     2 ##
 71.827 -  83.548     2 ##
 83.549 -  95.270     6 #######
 95.271 - 106.992    31 ########################################
106.993 - 118.715     2 ##

Histogram (of 48 CPU utilization measurements)

 Range (%CPU)   Count
 0.000 -  9.862     7 ###############
 9.863 - 19.725     6 #############
19.726 - 29.588     3 ######
29.589 - 39.451     2 ####
39.452 - 49.314     0 
49.315 - 59.177     1 ##
59.178 - 69.040     4 ########
69.041 - 78.903     5 ###########
78.904 - 88.766     2 ####
88.767 - 98.629    18 ########################################

Histogram (of 48 thermal zone TCPU readings)

 Range (°C)    Count
49.050 - 51.749     2 #####
51.750 - 54.449     1 ##
54.450 - 57.149     2 #####
57.150 - 59.849     8 ####################
59.850 - 62.549    16 ########################################
62.550 - 65.249     6 ###############
65.250 - 67.949     2 #####
67.950 - 70.649     3 #######
70.650 - 73.349     3 #######
73.350 - 76.049     5 ############

Histogram (of 48 thermal zone x86_pkg_temp readings)

 Range (°C)    Count
49.000 - 51.699     2 #####
51.700 - 54.399     1 ##
54.400 - 57.099     2 #####
57.100 - 59.799     8 ####################
59.800 - 62.499    16 ########################################
62.500 - 65.199     6 ###############
65.200 - 67.899     2 #####
67.900 - 70.599     3 #######
70.600 - 73.299     3 #######
73.300 - 75.999     5 ############

Range is zero, cannot produce histogram of thermal zone INT3400 Thermal

Histogram (of 48 thermal zone SEN3 readings)

 Range (°C)    Count
41.050 - 41.149    41 ########################################
41.150 - 41.249     0 
41.250 - 41.349     0 
41.350 - 41.449     0 
41.450 - 41.549     0 
41.550 - 41.649     0 
41.650 - 41.749     0 
41.750 - 41.849     0 
41.850 - 41.949     0 
41.950 - 42.049     7 ######

Histogram (of 48 thermal zone TCPU_PCI readings)

 Range (°C)    Count
49.000 - 51.699     2 #####
51.700 - 54.399     1 ##
54.400 - 57.099     2 #####
57.100 - 59.799     7 ##################
59.800 - 62.499    15 ########################################
62.500 - 65.199     8 #####################
65.200 - 67.899     2 #####
67.900 - 70.599     3 ########
70.600 - 73.299     3 ########
73.300 - 75.999     5 #############

Histogram (of 48 thermal zone iwlwifi_1 readings)

 Range (°C)    Count
54.000 - 56.299     4 #######
56.300 - 58.599     1 #
58.600 - 60.899     8 ###############
60.900 - 63.199    21 ########################################
63.200 - 65.499     4 #######
65.500 - 67.799     0 
67.800 - 70.099     3 #####
70.100 - 72.399     2 ###
72.400 - 74.699     3 #####
74.700 - 76.999     2 ###

Histogram (of 48 thermal zone acpitz readings)

 Range (°C)    Count
41.050 - 41.249    22 ########################################
41.250 - 41.449     0 
41.450 - 41.649     0 
41.650 - 41.849     0 
41.850 - 42.049    21 ######################################
42.050 - 42.249     0 
42.250 - 42.449     0 
42.450 - 42.649     0 
42.650 - 42.849     0 
42.850 - 43.049     5 #########

Range is zero, cannot produce histogram of thermal zone SEN2
