Running for 86400.0 seconds (86400 samples at 1.0 second intervals).
Power measurements will start in 0 seconds time.

  Time    User  Nice   Sys  Idle    IO  Run Ctxt/s  IRQ/s Fork Exec Exit  Watts  uncore  pkg-0   core   psys   TCPU x86_pk   SEN2 INT340 TCPU_P iwlwif acpitz   SEN3
22:26:22   0.0   0.0   0.0 100.0   0.0    1    306    370    0    0    0   5.14    0.00   1.29   0.18   3.68  48.05  48.00  40.05  20.00  50.00  55.00  39.05   0.00
22:26:23   0.0   0.0   0.1  99.9   0.0    1    300    204    0    0    0   3.27    0.00   0.80   0.13   2.34  50.05  50.00  40.05  20.00  50.00  55.00  39.05   0.00
22:26:24   0.1   0.0   0.1  99.8   0.0    2    299    163    9    6    8   6.16    0.00   1.49   0.15   4.52  49.05  49.00  40.05  20.00  49.00  52.00  39.05   0.00
22:26:25  15.1   0.0   1.1  83.7   0.0    5  54450   6748   41    0    0  88.26    0.00  24.77  19.23  44.27  68.05  68.00  40.05  20.00  68.00  52.00  39.05   0.00
22:26:26  15.2   0.0   0.6  84.1   0.0    5  47403   5373    9    4    4  90.67    0.00  25.76  20.31  44.60  57.05  57.00  40.05  20.00  57.00  61.00  39.05   0.00
22:26:27  17.0   0.0   0.8  82.1   0.0    3  37636   5607   55    4   44  91.68    0.00  26.07  20.12  45.48  56.05  56.00  40.05  20.00  56.00  61.00  39.05   0.00
22:26:28  22.5   0.0   1.8  75.7   0.0    7  77811  15371   63    1   29  98.93    0.00  28.56  22.59  47.77  64.05  64.00  40.05  20.00  64.00  63.00  39.05   0.00
22:26:29  14.9   0.0   0.9  84.2   0.0    5  34915   9224   50   60   43  82.00    0.00  23.03  16.96  42.01  54.05  54.00  40.05  20.00  54.00  63.00  39.05   0.00
22:26:30  22.5   0.0   0.8  76.7   0.0   27  67909   8625   51   30   24 110.80    0.00  32.26  26.17  52.37  61.05  61.00  39.05  20.00  61.00  63.00  39.05   0.00
22:26:31  77.4   0.0   1.5  21.1   0.0   22  48038  14231    0    0    0 104.34    0.00  30.59  24.44  49.31  58.05  58.00  39.05  20.00  58.00  63.00  39.05   0.00
22:26:32  72.1   0.0   0.8  27.1   0.0   18  21664   7202    0    0    2 103.01    0.00  30.11  23.90  48.99  60.05  60.00  39.05  20.00  60.00  65.00  39.05   0.00
22:26:33  69.2   0.0   0.9  29.8   0.1   23  26073   7817    0    0    1 103.73    0.00  30.19  23.65  49.89  58.05  58.00  39.05  20.00  58.00  58.00  39.05   0.00
22:26:34  75.3   0.0   0.8  24.0   0.0   20  16521   7141    0    0    1 102.84    0.00  30.11  23.85  48.89  58.05  58.00  39.05  20.00  58.00  58.00  39.05   0.00
22:26:35  47.2   0.0   0.5  52.4   0.0    5  17301   5568    1    0    1  97.74    0.00  28.37  22.27  47.10  72.05  72.00  39.05  20.00  72.00  58.00  39.05   0.00
22:26:36  34.8   0.0   0.4  64.8   0.0    5  21587   4718    0    0    0 107.15    0.00  31.14  25.06  50.95  77.05  77.00  39.05  20.00  75.00  58.00  39.05   0.00
22:26:37  62.1   0.0   0.9  37.0   0.0   30  29377   8034   36    0    3 107.86    0.00  31.52  25.32  51.02  60.05  60.00  39.05  20.00  60.00  68.00  39.05   0.00
22:26:38  98.1   0.0   0.8   1.1   0.0   28   9491   8675    0    0    0 102.73    0.00  30.19  24.22  48.32  59.05  59.00  39.05  20.00  59.00  68.00  39.05   0.00
22:26:39  68.6   0.0   0.8  30.6   0.0    2  18559  44577    0    0    0  97.27    0.00  28.40  22.50  46.37  59.05  59.00  39.05  20.00  59.00  60.00  39.05   0.00
22:26:40  27.2   0.0   0.7  72.1   0.0   19  63713   7318    0    0    0 108.19    0.00  31.44  25.50  51.24  58.05  58.00  39.05  20.00  58.00  60.00  39.05   0.00
22:26:41  89.6   0.0   0.7   9.7   0.0    2  13790   8137    0    0    0  99.00    0.00  28.92  22.72  47.36  55.05  55.00  40.05  20.00  55.00  60.00  39.05   0.00
22:26:42  92.8   0.0   0.6   6.6   0.0    4  10184   7790    0    0    1 106.33    0.00  31.11  24.64  50.58  58.05  58.00  40.05  20.00  58.00  68.00  39.05   0.00
22:26:43  96.8   0.0   0.7   2.5   0.0   27  13646   9019    0    0    0 101.62    0.00  29.71  23.46  48.45  58.05  58.00  40.05  20.00  58.00  59.00  39.05   0.00
22:26:44  97.0   0.0   0.5   2.4   0.0   27  13572   8512    0    0    0 101.69    0.00  29.57  23.14  48.98  59.05  59.00  40.05  20.00  59.00  59.00  39.05   0.00
22:26:45  96.1   0.0   0.6   3.2   0.0   28  13185   7868    0    0    0 100.90    0.00  29.47  23.19  48.25  58.05  58.00  40.05  20.00  58.00  59.00  39.05   0.00
22:26:46  95.9   0.0   0.7   3.3   0.0   28  12054   7592    0    0    0 101.46    0.00  29.63  23.33  48.50  58.05  58.00  40.05  20.00  58.00  59.00  39.05   0.00
22:26:47  94.9   0.0   0.8   4.3   0.0   19  12248   7504    0    0    0 100.75    0.00  29.40  23.10  48.25  58.05  58.00  40.05  20.00  58.00  59.00  39.05   0.00
22:26:48  68.9   0.0   0.7  30.4   0.0    5  12615   6857    0    0    0  95.92    0.00  27.89  21.70  46.34  65.05  65.00  40.05  20.00  65.00  59.00  39.05   0.00
22:26:49  20.7   0.0   0.1  79.2   0.0    5  15535  17438    0    0    1  91.91    0.00  25.89  19.96  46.06  71.05  71.00  40.05  20.00  71.00  60.00  40.05   0.00
22:26:50  14.1   0.0   0.2  85.6   0.0    5   9505   2056    0    0    0  75.13    0.00  20.70  15.08  39.35  71.05  71.00  40.05  20.00  71.00  60.00  40.05   0.00
22:26:51  12.4   0.0   0.3  87.3   0.0    3   8165   1890    3    4    0  69.11    0.00  19.06  13.31  36.73  61.05  61.00  40.05  20.00  61.00  60.00  40.05   0.00
-------- ----- ----- ----- ----- ----- ---- ------ ------ ---- ---- ---- ------  ------ ------ ------ ------ ------ ------ ------ ------ ------ ------ ------ ------
 Average  50.6   0.0   0.7  48.7   0.0 12.7 24261.7 8387.6 10.6  3.6  5.4  88.52    0.00  25.58  20.01  42.93  59.98  59.93  39.68  20.00  59.93  60.10  39.15   0.00
 GeoMean   0.0   0.0   0.0  27.2   0.0  7.8 13931.9 5422.1  0.0  0.0  0.0  71.85    0.00  20.41  13.36  36.25  59.64  59.59  39.68  20.00  59.62  59.97  39.15   0.00
  StdDev  35.4   0.0   0.4  35.5   0.0 10.6 20328.7 7760.8 19.9 11.8 12.1  29.38    0.00   8.68   7.23  13.56   6.51   6.51   0.48   0.00   6.23   3.89   0.30   0.00
-------- ----- ----- ----- ----- ----- ---- ------ ------ ---- ---- ---- ------  ------ ------ ------ ------ ------ ------ ------ ------ ------ ------ ------ ------
 Minimum   0.0   0.0   0.0   1.1   0.0  1.0  299.0  163.0  0.0  0.0  0.0   3.27    0.00   0.80   0.13   2.34  48.05  48.00  39.05  20.00  49.00  52.00  39.05   0.00
 Maximum  98.1   0.0   1.8 100.0   0.1 30.0 77811.0 44577.0 63.0 60.0 44.0 110.80    0.00  32.26  26.17  52.37  77.05  77.00  40.05  20.00  75.00  68.00  40.05   0.00
-------- ----- ----- ----- ----- ----- ---- ------ ------ ---- ---- ---- ------  ------ ------ ------ ------ ------ ------ ------ ------ ------ ------ ------ ------
Summary:
CPU:  88.52 Watts on average with standard deviation 29.38 
Note: power read from RAPL domains: uncore, pkg-0, core, psys.
These readings do not cover all the hardware in this device.

Histogram (of 30 power measurements)

  Range (Watts)   Count
  3.272 -  14.025     3 ########
 14.026 -  24.778     0 
 24.779 -  35.531     0 
 35.532 -  46.284     0 
 46.285 -  57.037     0 
 57.038 -  67.790     0 
 67.791 -  78.543     2 #####
 78.544 -  89.296     2 #####
 89.297 - 100.049     8 #####################
100.050 - 110.802    15 ########################################

Histogram (of 30 CPU utilization measurements)

 Range (%CPU)   Count
 0.000 -  9.890     3 ###############
 9.891 - 19.782     6 ##############################
19.783 - 29.673     4 ####################
29.674 - 39.565     1 #####
39.566 - 49.456     1 #####
49.457 - 59.347     0 
59.348 - 69.239     1 #####
69.240 - 79.130     6 ##############################
79.131 - 89.022     0 
89.023 - 98.913     8 ########################################

Histogram (of 30 thermal zone TCPU readings)

 Range (°C)    Count
48.050 - 50.949     3 #########
50.950 - 53.849     0 
53.850 - 56.749     3 #########
56.750 - 59.649    13 ########################################
59.650 - 62.549     4 ############
62.550 - 65.449     2 ######
65.450 - 68.349     1 ###
68.350 - 71.249     2 ######
71.250 - 74.149     1 ###
74.150 - 77.049     1 ###

Histogram (of 30 thermal zone x86_pkg_temp readings)

 Range (°C)    Count
48.000 - 50.899     3 #########
50.900 - 53.799     0 
53.800 - 56.699     3 #########
56.700 - 59.599    13 ########################################
59.600 - 62.499     4 ############
62.500 - 65.399     2 ######
65.400 - 68.299     1 ###
68.300 - 71.199     2 ######
71.200 - 74.099     1 ###
74.100 - 76.999     1 ###

Histogram (of 30 thermal zone SEN2 readings)

 Range (°C)    Count
39.050 - 39.149    11 #######################
39.150 - 39.249     0 
39.250 - 39.349     0 
39.350 - 39.449     0 
39.450 - 39.549     0 
39.550 - 39.649     0 
39.650 - 39.749     0 
39.750 - 39.849     0 
39.850 - 39.949     0 
39.950 - 40.049    19 ########################################

Range is zero, cannot produce histogram of thermal zone INT3400 Thermal

Histogram (of 30 thermal zone TCPU_PCI readings)

 Range (°C)    Count
49.000 - 51.599     3 #########
51.600 - 54.199     1 ###
54.200 - 56.799     2 ######
56.800 - 59.399    13 ########################################
59.400 - 61.999     4 ############
62.000 - 64.599     1 ###
64.600 - 67.199     1 ###
67.200 - 69.799     1 ###
69.800 - 72.399     3 #########
72.400 - 74.999     1 ###

Histogram (of 30 thermal zone iwlwifi_1 readings)

 Range (°C)    Count
52.000 - 53.599     2 ######
53.600 - 55.199     2 ######
55.200 - 56.799     0 
56.800 - 58.399     4 #############
58.400 - 59.999    12 ########################################
60.000 - 61.599     2 ######
61.600 - 63.199     4 #############
63.200 - 64.799     0 
64.800 - 66.399     1 ###
66.400 - 67.999     3 ##########

Histogram (of 30 thermal zone acpitz readings)

 Range (°C)    Count
39.050 - 39.149    27 ########################################
39.150 - 39.249     0 
39.250 - 39.349     0 
39.350 - 39.449     0 
39.450 - 39.549     0 
39.550 - 39.649     0 
39.650 - 39.749     0 
39.750 - 39.849     0 
39.850 - 39.949     0 
39.950 - 40.049     3 ####

Range is zero, cannot produce histogram of thermal zone SEN3
