Running for 86400.0 seconds (86400 samples at 1.0 second intervals).
Power measurements will start in 0 seconds time.

  Time    User  Nice   Sys  Idle    IO  Run Ctxt/s  IRQ/s Fork Exec Exit  Watts  uncore  pkg-0   core   psys   TCPU x86_pk INT340   SEN3 TCPU_P iwlwif acpitz   SEN2
22:54:51   0.0   0.0   0.0 100.0   0.0    1    225    317    0    0    0   4.82    0.00   1.17   0.18   3.47  52.05  52.00  20.00  41.05  52.00  74.00  42.05   0.00
22:54:52   0.0   0.0   0.0 100.0   0.0    1    179    100    0    0    0   4.79    0.00   1.26   0.06   3.46  53.05  53.00  20.00  41.05  53.00  74.00  42.05   0.00
22:54:53   0.1   0.0   0.1  99.8   0.0    2    374    195   14    6    8   5.77    0.00   1.56   0.19   4.02  50.05  50.00  20.00  41.05  50.00  65.00  42.05   0.00
22:54:54  18.2   0.0   1.2  80.7   0.0    5  53162   6631   39    0    0  99.55    0.00  29.08  23.50  46.97  70.05  70.00  20.00  41.05  70.00  56.00  42.05   0.00
22:54:55  19.3   0.0   0.9  79.7   0.1    5  44575   6017   50    7   28 100.67    0.00  29.35  23.49  47.83  65.05  65.00  20.00  42.05  65.00  56.00  42.05   0.00
22:54:56  21.3   0.0   2.0  76.7   0.0   11  82232  16640   73    2   41  97.73    0.00  28.47  22.43  46.84  64.05  63.00  20.00  42.05  63.00  70.00  42.05   0.00
22:54:57  16.8   0.0   1.5  81.7   0.0    2  79222  12392   44   53   45  88.14    0.00  25.38  19.46  43.31  61.05  61.00  20.00  42.05  61.00  70.00  42.05   0.00
22:54:58  17.6   0.0   0.7  81.7   0.0    5  44779   5809   44   37   30 100.93    0.00  29.31  23.01  48.61  72.05  72.00  20.00  42.05  72.00  67.00  42.05   0.00
22:54:59  76.6   0.0   2.3  21.0   0.0   19  71625  18184   16    0    0 107.85    0.00  32.00  25.80  50.04  55.05  55.00  20.00  42.05  55.00  67.00  42.05   0.00
22:55:00  72.2   0.0   0.9  26.9   0.0   21  21230   7437    0    0    1 103.82    0.00  30.66  24.39  48.76  60.05  60.00  20.00  41.05  60.00  63.00  42.05   0.00
22:55:01  73.5   0.0   0.7  25.8   0.0   18  19950   7222    3    2    3 103.48    0.00  30.42  23.82  49.24  61.05  61.00  20.00  41.05  61.00  63.00  42.05   0.00
22:55:02  76.5   0.0   1.0  22.5   0.0   19  14364   7047    0    0    1 100.54    0.00  29.64  23.24  47.66  60.05  60.00  20.00  41.05  60.00  63.00  42.05   0.00
22:55:03  51.3   0.0   0.4  48.3   0.0    5  17034   5673    1    0    1 102.96    0.00  30.29  24.16  48.51  58.05  58.00  20.00  41.05  58.00  60.00  42.05   0.00
22:55:04  27.3   0.0   0.4  72.3   0.0    5  15989   3620    0    0    0  91.40    0.00  26.34  20.26  44.80  65.05  65.00  20.00  41.05  65.00  67.00  42.05   0.00
22:55:05  58.1   0.0   0.6  41.4   0.0   30  27291   7634   33    0    1 107.10    0.00  31.73  25.70  49.67  62.05  62.00  20.00  42.05  62.00  67.00  42.05   0.00
22:55:06  98.1   0.0   0.6   1.3   0.0   28   9393   8300    0    0    1 102.73    0.00  30.28  24.01  48.45  61.05  61.00  20.00  42.05  61.00  64.00  42.05   0.00
22:55:07  71.2   0.0   0.8  27.9   0.0   19  22646  45169    0    0    0  94.21    0.00  27.72  21.63  44.86  57.05  57.00  20.00  42.05  57.00  64.00  42.05   0.00
22:55:08  43.9   0.0   0.8  55.3   0.0   28  46092   7058    0    0    0 109.65    0.00  32.36  26.32  50.97  62.05  62.00  20.00  42.05  62.00  62.00  42.05   0.00
22:55:09  96.3   0.0   0.7   3.1   0.0   28  10896   7889    0    0    0 101.48    0.00  29.83  23.39  48.26  59.05  60.00  20.00  42.05  60.00  62.00  42.05   0.00
22:55:10  88.5   0.0   0.5  11.0   0.0   27  16033   8681    0    0    2 100.54    0.00  29.75  23.48  47.31  61.05  60.00  20.00  41.05  60.00  61.00  42.05   0.00
22:55:11  96.7   0.0   0.5   2.8   0.0   36  12322   8642    0    0    0 101.40    0.00  29.93  23.59  47.89  62.05  62.00  20.00  41.05  63.00  61.00  42.05   0.00
22:55:12  96.8   0.0   0.7   2.5   0.0   29  12456   8318    0    0    0 100.45    0.00  29.63  23.31  47.52  60.05  60.00  20.00  41.05  60.00  61.00  42.05   0.00
22:55:13  96.4   0.0   0.5   3.1   0.0   28  13204   8284    0    0    0 101.54    0.00  29.84  23.31  48.40  61.05  61.00  20.00  41.05  60.00  61.00  42.05   0.00
22:55:14  95.5   0.0   0.7   3.8   0.0   30  11721   7747    0    0    0 101.56    0.00  29.93  23.54  48.09  61.05  61.00  20.00  41.05  61.00  61.00  42.05   0.00
22:55:15  95.2   0.0   0.7   4.1   0.0   28  12168   8033    0    0    1 100.24    0.00  29.52  23.18  47.54  61.05  61.00  20.00  42.05  61.00  61.00  42.05   0.00
22:55:16  71.5   0.0   0.9  27.7   0.0    6  12210   6822    0    0    0  94.08    0.00  27.56  21.36  45.17  70.05  70.00  20.00  42.05  70.00  62.00  42.05   0.00
22:55:17  22.8   0.0   0.6  76.6   0.0    5  16767  18107    0    0    0 104.44    0.00  30.72  24.88  48.83  74.05  74.00  20.00  42.05  75.00  62.00  42.05   0.00
22:55:18  15.0   0.0   0.7  84.3   0.0    1  12703   3642    5    4   46  88.04    0.00  25.58  19.99  42.46  57.05  57.00  20.00  42.05  57.00  70.00  42.05   0.00
-------- ----- ----- ----- ----- ----- ---- ------ ------ ---- ---- ---- ------  ------ ------ ------ ------ ------ ------ ------ ------ ------ ------ ------ ------
 Average  54.2   0.0   0.8  45.1   0.0 15.8 25030.1 8986.1 11.5  4.0  7.5  90.00    0.00  26.40  20.77  42.82  61.26  61.18  20.00  41.55  61.21  64.07  42.05   0.00
 GeoMean   0.0   0.0   0.0  24.3   0.0  9.7 13487.1 5615.9  0.0  0.0  0.0  72.73    0.00  21.06  13.29  36.06  61.02  60.94  20.00  41.55  60.96  63.92  42.05   0.00
  StdDev  35.1   0.0   0.5  35.1   0.0 11.6 22559.5 8229.2 19.9 11.7 14.7  29.83    0.00   8.84   7.32  13.70   5.49   5.47   0.00   0.50   5.57   4.48   0.00   0.00
-------- ----- ----- ----- ----- ----- ---- ------ ------ ---- ---- ---- ------  ------ ------ ------ ------ ------ ------ ------ ------ ------ ------ ------ ------
 Minimum   0.0   0.0   0.0   1.3   0.0  1.0  179.0  100.0  0.0  0.0  0.0   4.79    0.00   1.17   0.06   3.46  50.05  50.00  20.00  41.05  50.00  56.00  42.05   0.00
 Maximum  98.1   0.0   2.3 100.0   0.1 36.0 82232.0 45169.0 73.0 53.0 46.0 109.65    0.00  32.36  26.32  50.97  74.05  74.00  20.00  42.05  75.00  74.00  42.05   0.00
-------- ----- ----- ----- ----- ----- ---- ------ ------ ---- ---- ---- ------  ------ ------ ------ ------ ------ ------ ------ ------ ------ ------ ------ ------
Summary:
CPU:  90.00 Watts on average with standard deviation 29.83 
Note: power read from RAPL domains: uncore, pkg-0, core, psys.
These readings do not cover all the hardware in this device.

Histogram (of 28 power measurements)

  Range (Watts)   Count
  4.785 -  15.271     3 ######
 15.272 -  25.757     0 
 25.758 -  36.243     0 
 36.244 -  46.730     0 
 46.731 -  57.216     0 
 57.217 -  67.703     0 
 67.704 -  78.189     0 
 78.190 -  88.676     2 ####
 88.677 -  99.162     4 ########
 99.163 - 109.648    19 ########################################

Histogram (of 28 CPU utilization measurements)

 Range (%CPU)   Count
 0.000 -  9.866     3 ###############
 9.867 - 19.732     4 ####################
19.733 - 29.599     4 ####################
29.600 - 39.465     0 
39.466 - 49.332     1 #####
49.333 - 59.199     2 ##########
59.200 - 69.065     0 
69.066 - 78.932     5 #########################
78.933 - 88.799     1 #####
88.800 - 98.665     8 ########################################

Histogram (of 28 thermal zone TCPU readings)

 Range (°C)    Count
50.050 - 52.449     2 ######
52.450 - 54.849     1 ###
54.850 - 57.249     3 #########
57.250 - 59.649     2 ######
59.650 - 62.049    13 ########################################
62.050 - 64.449     1 ###
64.450 - 66.849     2 ######
66.850 - 69.249     0 
69.250 - 71.649     2 ######
71.650 - 74.049     2 ######

Histogram (of 28 thermal zone x86_pkg_temp readings)

 Range (°C)    Count
50.000 - 52.399     2 #####
52.400 - 54.799     1 ##
54.800 - 57.199     3 ########
57.200 - 59.599     1 ##
59.600 - 61.999    14 ########################################
62.000 - 64.399     1 ##
64.400 - 66.799     2 #####
66.800 - 69.199     0 
69.200 - 71.599     2 #####
71.600 - 73.999     2 #####

Range is zero, cannot produce histogram of thermal zone INT3400 Thermal

Histogram (of 28 thermal zone SEN3 readings)

 Range (°C)    Count
41.050 - 41.149    14 ########################################
41.150 - 41.249     0 
41.250 - 41.349     0 
41.350 - 41.449     0 
41.450 - 41.549     0 
41.550 - 41.649     0 
41.650 - 41.749     0 
41.750 - 41.849     0 
41.850 - 41.949     0 
41.950 - 42.049    14 ########################################

Histogram (of 28 thermal zone TCPU_PCI readings)

 Range (°C)    Count
50.000 - 52.499     2 ###########
52.500 - 54.999     2 ###########
55.000 - 57.499     2 ###########
57.500 - 59.999     7 ########################################
60.000 - 62.499     7 ########################################
62.500 - 64.999     4 ######################
65.000 - 67.499     0 
67.500 - 69.999     2 ###########
70.000 - 72.499     1 #####
72.500 - 74.999     1 #####

Histogram (of 28 thermal zone iwlwifi_1 readings)

 Range (°C)    Count
56.000 - 57.799     2 ###########
57.800 - 59.599     0 
59.600 - 61.399     7 ########################################
61.400 - 63.199     7 ########################################
63.200 - 64.999     3 #################
65.000 - 66.799     0 
66.800 - 68.599     4 ######################
68.600 - 70.399     3 #################
70.400 - 72.199     0 
72.200 - 73.999     2 ###########

Range is zero, cannot produce histogram of thermal zone acpitz

Range is zero, cannot produce histogram of thermal zone SEN2
