Running for 86400.0 seconds (86400 samples at 1.0 second intervals).
Power measurements will start in 0 seconds time.

  Time    User  Nice   Sys  Idle    IO  Run Ctxt/s  IRQ/s Fork Exec Exit  Watts  uncore  pkg-0   core   psys   TCPU x86_pk INT340   SEN3 TCPU_P iwlwif acpitz   SEN2
22:13:46   0.0   0.0   0.0 100.0   0.0    1    190    315    0    0    0   4.58    0.00   1.23   0.19   3.16  52.05  52.00  20.00  41.05  52.00  56.00  41.05   0.00
22:13:47   0.0   0.0   0.0  99.9   0.0    1    213    107    0    0    0   2.09    0.00   0.58   0.07   1.44  52.05  52.00  20.00  41.05  52.00  55.00  41.05   0.00
22:13:48   0.0   0.0   0.2  99.8   0.0    2    485    333   14    6    8   6.73    0.00   1.74   0.28   4.71  50.05  50.00  20.00  41.05  50.00  55.00  41.05   0.00
22:13:49  13.6   0.0   0.8  85.7   0.0    3  58240   6727   36    0    0 100.13    0.00  28.81  23.37  47.96  66.05  66.00  20.00  41.05  66.00  55.00  40.05   0.00
22:13:50  19.6   0.0   1.1  79.2   0.1    5  57580   6261   10    4    4 106.39    0.00  30.71  25.06  50.63  68.05  68.00  20.00  41.05  68.00  53.00  40.05   0.00
22:13:51  12.1   0.0   0.9  87.0   0.0    3  37380   6031   93    5   64  81.91    0.00  23.17  17.17  41.57  65.05  65.00  20.00  41.05  65.00  69.00  40.05   0.00
22:13:52  26.6   0.0   2.2  71.3   0.0    5 114898  21469   30    0    9 111.22    0.00  33.00  27.20  51.02  63.05  63.00  20.00  41.05  63.00  69.00  40.05   0.00
22:13:53  13.3   0.0   1.0  85.7   0.0    6  41895   5545   68   90   67  88.43    0.00  25.28  18.70  44.46  71.05  71.00  20.00  41.05  71.00  66.00  40.05   0.00
22:13:54  49.3   0.0   1.6  49.1   0.0   20  69760  10250   30    0    0 110.75    0.00  32.80  26.85  51.10  58.05  58.00  20.00  41.05  58.00  66.00  40.05   0.00
22:13:55  71.6   0.0   1.3  27.1   0.0   16  35135  13929    0    0    0 101.40    0.00  30.00  23.87  47.52  60.05  60.00  20.00  41.05  60.00  67.00  40.05   0.00
22:13:56  75.3   0.0   1.2  23.5   0.0   17  27837   8053    0    0    2 102.84    0.00  30.26  23.76  48.82  58.05  58.00  20.00  41.05  58.00  67.00  40.05   0.00
22:13:57  73.4   0.0   0.6  26.0   0.0   17  18317   7154    0    0    1 101.70    0.00  30.02  23.70  47.98  60.05  60.00  20.00  41.05  60.00  61.00  40.05   0.00
22:13:58  73.8   0.0   0.5  25.6   0.0   20  40676   9388    0    0    0 101.77    0.00  29.95  23.29  48.53  60.05  60.00  20.00  41.05  60.00  61.00  40.05   0.00
22:13:59  39.4   0.0   0.5  60.1   0.0    5  20377   5358    1    0    1 100.29    0.00  29.40  23.54  47.35  68.05  68.00  20.00  41.05  68.00  61.00  41.05   0.00
22:14:00  22.6   0.0   0.4  77.0   0.0   29  23586   4366   10    0    0 107.25    0.00  31.46  25.51  50.27  67.05  67.00  20.00  41.05  67.00  61.00  41.05   0.00
22:14:01  85.0   0.0   0.8  14.2   0.0   28  21962   9336   24    0    2 102.99    0.00  30.37  24.13  48.49  59.05  59.00  20.00  41.05  59.00  70.00  41.05   0.00
22:14:02  89.7   0.0   0.5   9.8   0.0    5   7255   7162    0    0    1  96.74    0.00  28.58  22.62  45.55  66.05  66.00  20.00  40.05  66.00  70.00  41.05   0.00
22:14:03  48.2   0.0   1.2  50.7   0.0    7  41165  44984    0    0    0 101.14    0.00  29.89  23.95  47.30  79.05  79.00  20.00  40.05  79.00  60.00  41.05   0.00
22:14:04  67.6   0.0   0.9  31.5   0.0   22  38495   8488    0    0    0 107.25    0.00  31.60  25.28  50.37  60.05  60.00  20.00  40.05  60.00  60.00  41.05   0.00
22:14:05  87.5   0.0   0.3  12.2   0.0   26  13499   7569    0    0    0  98.46    0.00  28.98  22.62  46.86  62.05  62.00  20.00  40.05  62.00  75.00  41.05   0.00
22:14:06  96.7   0.0   0.6   2.7   0.0   24  13811   8980    0    0    3 103.99    0.00  30.48  24.18  49.33  60.05  60.00  20.00  40.05  60.00  75.00  41.05   0.00
22:14:07  96.6   0.0   0.3   3.2   0.0   28  13420   8590    0    0    0 101.90    0.00  29.92  23.60  48.37  60.05  59.00  20.00  41.05  59.00  61.00  41.05   0.00
22:14:08  96.8   0.0   0.7   2.5   0.0   28  12243   8397    0    0    0 101.75    0.00  29.87  23.57  48.31  60.05  60.00  20.00  41.05  60.00  61.00  41.05   0.00
22:14:09  96.3   0.0   0.5   3.2   0.0   29  15646   8347    0    0    0 101.53    0.00  29.79  23.50  48.23  60.05  60.00  20.00  41.05  60.00  61.00  41.05   0.00
22:14:10  95.6   0.0   0.8   3.6   0.0   28  11920   8022    0    0    0 101.92    0.00  29.88  23.56  48.48  59.05  60.00  20.00  41.05  60.00  60.00  41.05   0.00
22:14:11  71.3   0.0   0.7  28.1   0.0    5  12357   6482    0    0    0  94.55    0.00  27.58  21.41  45.56  72.05  72.00  20.00  41.05  72.00  61.00  41.05   0.00
22:14:12  59.3   0.0   0.6  40.1   0.0    5  14331   5876    0    0    0 103.47    0.00  30.47  24.39  48.61  72.05  72.00  20.00  41.05  72.00  61.00  41.05   0.00
22:14:13  21.1   0.0   0.2  78.7   0.0    5   7451  18514    0    0    5 102.58    0.00  30.16  24.47  47.94  72.05  72.00  20.00  41.05  72.00  64.00  41.05   0.00
22:14:14  12.9   0.0   0.2  86.9   0.0    5   3966   1787    1    0    1  79.37    0.00  22.80  17.39  39.17  73.05  73.00  20.00  41.05  73.00  64.00  41.05   0.00
22:14:15   8.6   0.0   0.4  91.0   0.0    1   4184   2364    6    4   47  63.26    0.00  18.20  12.92  32.15  55.05  55.00  20.00  41.05  54.00  69.00  41.05   0.00
-------- ----- ----- ----- ----- ----- ---- ------ ------ ---- ---- ---- ------  ------ ------ ------ ------ ------ ------ ------ ------ ------ ------ ------ ------
 Average  50.8   0.0   0.7  48.5   0.0 13.2 25942.5 8672.8 10.8  3.6  7.2  89.61    0.00  26.23  20.67  42.71  62.95  62.90  20.00  40.88  62.87  63.13  40.72   0.00
 GeoMean   0.0   0.0   0.0  29.7   0.0  8.3 13552.8 5489.0  0.0  0.0  0.0  71.50    0.00  20.73  13.77  35.37  62.59  62.54  20.00  40.88  62.50  62.89  40.71   0.00
  StdDev  34.6   0.0   0.5  34.6   0.0 10.4 24465.5 8135.5 21.5 16.1 17.8  29.94    0.00   8.87   7.41  13.72   6.78   6.78   0.00   0.37   6.83   5.63   0.47   0.00
-------- ----- ----- ----- ----- ----- ---- ------ ------ ---- ---- ---- ------  ------ ------ ------ ------ ------ ------ ------ ------ ------ ------ ------ ------
 Minimum   0.0   0.0   0.0   2.5   0.0  1.0  190.0  107.0  0.0  0.0  0.0   2.09    0.00   0.58   0.07   1.44  50.05  50.00  20.00  40.05  50.00  53.00  40.05   0.00
 Maximum  96.8   0.0   2.2 100.0   0.1 29.0 114898.0 44984.0 93.0 90.0 67.0 111.22    0.00  33.00  27.20  51.10  79.05  79.00  20.00  41.05  79.00  75.00  41.05   0.00
-------- ----- ----- ----- ----- ----- ---- ------ ------ ---- ---- ---- ------  ------ ------ ------ ------ ------ ------ ------ ------ ------ ------ ------ ------
Summary:
CPU:  89.61 Watts on average with standard deviation 29.94 
Note: power read from RAPL domains: uncore, pkg-0, core, psys.
These readings do not cover all the hardware in this device.

Histogram (of 30 power measurements)

  Range (Watts)   Count
  2.091 -  13.002     3 ######
 13.003 -  23.915     0 
 23.916 -  34.827     0 
 34.828 -  45.740     0 
 45.741 -  56.653     0 
 56.654 -  67.565     1 ##
 67.566 -  78.478     0 
 78.479 -  89.390     3 ######
 89.391 - 100.303     5 ###########
100.304 - 111.216    18 ########################################

Histogram (of 30 CPU utilization measurements)

 Range (%CPU)   Count
 0.000 -  9.750     4 ######################
 9.751 - 19.501     4 ######################
19.502 - 29.252     4 ######################
29.253 - 39.003     0 
39.004 - 48.754     1 #####
48.755 - 58.505     2 ###########
58.506 - 68.256     1 #####
68.257 - 78.007     6 ##################################
78.008 - 87.757     1 #####
87.758 - 97.508     7 ########################################

Histogram (of 30 thermal zone TCPU readings)

 Range (°C)    Count
50.050 - 52.949     3 ############
52.950 - 55.849     1 ####
55.850 - 58.749     2 ########
58.750 - 61.649    10 ########################################
61.650 - 64.549     2 ########
64.550 - 67.449     4 ################
67.450 - 70.349     2 ########
70.350 - 73.249     5 ####################
73.250 - 76.149     0 
76.150 - 79.049     1 ####

Histogram (of 30 thermal zone x86_pkg_temp readings)

 Range (°C)    Count
50.000 - 52.899     3 ############
52.900 - 55.799     1 ####
55.800 - 58.699     2 ########
58.700 - 61.599    10 ########################################
61.600 - 64.499     2 ########
64.500 - 67.399     4 ################
67.400 - 70.299     2 ########
70.300 - 73.199     5 ####################
73.200 - 76.099     0 
76.100 - 78.999     1 ####

Range is zero, cannot produce histogram of thermal zone INT3400 Thermal

Histogram (of 30 thermal zone SEN3 readings)

 Range (°C)    Count
40.050 - 40.149     5 ########
40.150 - 40.249     0 
40.250 - 40.349     0 
40.350 - 40.449     0 
40.450 - 40.549     0 
40.550 - 40.649     0 
40.650 - 40.749     0 
40.750 - 40.849     0 
40.850 - 40.949     0 
40.950 - 41.049    25 ########################################

Histogram (of 30 thermal zone TCPU_PCI readings)

 Range (°C)    Count
50.000 - 52.899     3 ############
52.900 - 55.799     1 ####
55.800 - 58.699     2 ########
58.700 - 61.599    10 ########################################
61.600 - 64.499     2 ########
64.500 - 67.399     4 ################
67.400 - 70.299     2 ########
70.300 - 73.199     5 ####################
73.200 - 76.099     0 
76.100 - 78.999     1 ####

Histogram (of 30 thermal zone iwlwifi_1 readings)

 Range (°C)    Count
53.000 - 55.199     4 #############
55.200 - 57.399     1 ###
57.400 - 59.599     0 
59.600 - 61.799    12 ########################################
61.800 - 63.999     2 ######
64.000 - 66.199     2 ######
66.200 - 68.399     2 ######
68.400 - 70.599     5 ################
70.600 - 72.799     0 
72.800 - 74.999     2 ######

Histogram (of 30 thermal zone acpitz readings)

 Range (°C)    Count
40.050 - 40.149    10 ####################
40.150 - 40.249     0 
40.250 - 40.349     0 
40.350 - 40.449     0 
40.450 - 40.549     0 
40.550 - 40.649     0 
40.650 - 40.749     0 
40.750 - 40.849     0 
40.850 - 40.949     0 
40.950 - 41.049    20 ########################################

Range is zero, cannot produce histogram of thermal zone SEN2
