Running for 86400.0 seconds (86400 samples at 1.0 second intervals).
Power measurements will start in 0 seconds time.

  Time    User  Nice   Sys  Idle    IO  Run Ctxt/s  IRQ/s Fork Exec Exit  Watts  uncore  pkg-0   core   psys   TCPU x86_pk INT340   SEN3 TCPU_P iwlwif acpitz   SEN2
15:45:51   0.0   0.0   0.0 100.0   0.0    1    206    285    0    0    0   4.45    0.00   1.11   0.20   3.14  55.05  55.00  20.00  42.05  55.00  68.00  43.05   0.00
15:45:52   0.0   0.0   0.0 100.0   0.0    1    177     97    0    0    0   2.13    0.00   0.57   0.08   1.48  54.05  55.00  20.00  42.05  55.00  59.00  43.05   0.00
15:45:53   0.1   0.0   0.1  99.8   0.0    2    289    140   11    3    3   3.05    0.00   0.86   0.18   2.01  54.05  54.00  20.00  42.05  54.00  59.00  43.05   0.00
15:45:54   4.2   0.0   0.1  95.6   0.1    2    359    615    1    0    0  39.83    0.00  11.24   5.94  22.64  60.05  60.00  20.00  42.05  60.00  57.00  43.05   0.00
15:45:55   4.1   0.0   0.0  95.8   0.0    2    278    465    1    0    0  36.52    0.00  10.83   5.88  19.81  61.05  61.00  20.00  42.05  61.00  57.00  43.05   0.00
15:45:56   4.3   0.0   0.0  95.7   0.0    2    351    448    4    0    0  36.41    0.00  10.88   5.95  19.58  61.05  61.00  20.00  42.05  61.00  61.00  43.05   0.00
15:45:57   4.2   0.0   0.0  95.8   0.0    2    194    440    0    0    0  36.14    0.00  10.80   5.88  19.46  59.05  59.00  20.00  42.05  59.00  61.00  43.05   0.00
15:45:58   4.1   0.0   0.0  95.9   0.0    2    192    390    0    0    0  36.08    0.00  10.80   5.88  19.40  61.05  61.00  20.00  42.05  61.00  61.00  43.05   0.00
15:45:59   4.2   0.0   0.0  95.8   0.0    2    190    447    0    0    0  37.12    0.00  10.99   5.88  20.25  61.05  61.00  20.00  42.05  61.00  61.00  43.05   0.00
15:46:00   4.3   0.0   0.0  95.7   0.0    2    323    436    0    0    0  36.46    0.00  10.89   5.96  19.60  61.05  61.00  20.00  42.05  59.00  61.00  43.05   0.00
15:46:01   4.2   0.0   0.0  95.8   0.0    2    163    429    0    0    0  36.08    0.00  10.79   5.88  19.42  60.05  60.00  20.00  42.05  60.00  61.00  43.05   0.00
15:46:02   4.2   0.0   0.0  95.8   0.0    2    206    416    0    0    0  36.09    0.00  10.78   5.88  19.44  59.05  59.00  20.00  42.05  59.00  61.00  43.05   0.00
15:46:03   4.2   0.0   0.0  95.8   0.0    2    168    432    0    0    0  36.14    0.00  10.81   5.88  19.46  60.05  60.00  20.00  42.05  60.00  61.00  43.05   0.00
15:46:04   4.3   0.0   0.0  95.7   0.0    2    305    426    0    0    0  36.39    0.00  10.87   5.95  19.57  60.05  60.00  20.00  42.05  60.00  60.00  43.05   0.00
15:46:05   4.2   0.0   0.0  95.8   0.0    2    204    402    0    0    0  36.06    0.00  10.79   5.88  19.40  61.05  61.00  20.00  42.05  61.00  60.00  43.05   0.00
15:46:06   4.2   0.0   0.0  95.8   0.0    2    181    496    0    0    0  37.11    0.00  10.98   5.87  20.26  60.05  60.00  20.00  42.05  60.00  60.00  43.05   0.00
15:46:07   4.3   0.0   0.0  95.7   0.0    2    380    458    0    0    0  36.37    0.00  10.87   5.95  19.55  59.05  59.00  20.00  42.05  60.00  60.00  43.05   0.00
15:46:08   4.2   0.0   0.0  95.8   0.0    2    121    416    0    0    0  36.11    0.00  10.79   5.88  19.43  60.05  60.00  20.00  42.05  60.00  60.00  44.05   0.00
15:46:09   4.2   0.0   0.1  95.7   0.1    2    299    490    0    0    0  37.58    0.00  11.07   5.93  20.58  60.05  59.00  20.00  42.05  59.00  61.00  44.05   0.00
15:46:10   4.2   0.0   0.0  95.8   0.0    2    131    424    0    0    0  36.07    0.00  10.79   5.88  19.41  60.05  60.00  20.00  42.05  60.00  60.00  44.05   0.00
15:46:11   4.3   0.0   0.0  95.6   0.0    2    359    426    0    0    0  37.37    0.00  11.06   5.95  20.37  60.05  60.00  20.00  42.05  60.00  60.00  44.05   0.00
15:46:12   4.2   0.0   0.0  95.8   0.0    2    466    464    0    0    0  36.22    0.00  10.80   5.89  19.53  60.05  60.00  20.00  42.05  60.00  60.00  44.05   0.00
15:46:13   4.2   0.0   0.0  95.8   0.0    2    200    431    0    0    0  36.03    0.00  10.76   5.88  19.39  60.05  60.00  20.00  42.05  60.00  60.00  43.05   0.00
15:46:14   4.2   0.0   0.0  95.8   0.0    2    145    422    0    0    0  35.99    0.00  10.74   5.88  19.37  60.05  60.00  20.00  42.05  59.00  60.00  43.05   0.00
15:46:15   4.3   0.0   0.0  95.7   0.0    2    326    440    0    0    0  36.31    0.00  10.84   5.95  19.52  60.05  60.00  20.00  42.05  59.00  60.00  43.05   0.00
15:46:16   4.2   0.0   0.0  95.8   0.0    2    139    412    0    0    0  35.99    0.00  10.77   5.89  19.34  59.05  59.00  20.00  43.05  59.00  60.00  43.05   0.00
15:46:17   4.2   0.0   0.0  95.8   0.0    2    208    426    0    0    0  36.01    0.00  10.76   5.88  19.37  60.05  60.00  20.00  43.05  60.00  60.00  43.05   0.00
15:46:18   4.3   0.0   0.0  95.7   0.0    2    308    432    0    0    0  36.29    0.00  10.84   5.95  19.49  60.05  60.00  20.00  43.05  59.00  60.00  43.05   0.00
15:46:19   4.2   0.0   0.0  95.8   0.0    2    177    439    0    0    0  36.01    0.00  10.78   5.88  19.36  59.05  59.00  20.00  43.05  59.00  60.00  43.05   0.00
15:46:20   4.2   0.0   0.0  95.8   0.0    2    206    431    0    0    0  37.02    0.00  10.96   5.88  20.18  60.05  60.00  20.00  43.05  60.00  60.00  43.05   0.00
15:46:21   4.2   0.0   0.0  95.8   0.0    2    162    456    0    0    0  36.01    0.00  10.76   5.88  19.36  60.05  60.00  20.00  43.05  60.00  60.00  43.05   0.00
15:46:22   4.4   0.0   0.0  95.6   0.0    2    342    456    0    0    0  36.82    0.00  10.90   6.00  19.92  59.05  59.00  20.00  42.05  59.00  60.00  43.05   0.00
15:46:23   4.2   0.0   0.0  95.8   0.0    2    304    576    0    0    0  38.84    0.00  11.06   6.12  21.66  60.05  60.00  20.00  42.05  60.00  60.00  43.05   0.00
15:46:24   4.2   0.0   0.0  95.8   0.0    2    210    427    0    0    0  37.91    0.00  10.81   5.87  21.23  60.05  60.00  20.00  42.05  60.00  60.00  43.05   0.00
15:46:25   4.2   0.0   0.0  95.8   0.0    2    140    366    0    0    0  37.89    0.00  10.82   5.88  21.19  59.05  59.00  20.00  42.05  59.00  60.00  43.05   0.00
15:46:26   4.3   0.0   0.0  95.7   0.0    2    302    439    0    0    0  36.97    0.00  10.89   5.98  20.10  60.05  60.00  20.00  42.05  59.00  60.00  43.05   0.00
15:46:27   4.2   0.0   0.0  95.8   0.0    2    172    437    0    0    0  36.07    0.00  10.80   5.88  19.40  59.05  59.00  20.00  43.05  59.00  60.00  43.05   0.00
15:46:28   4.2   0.0   0.0  95.8   0.0    2    206    425    0    0    0  36.04    0.00  10.79   5.88  19.38  59.05  59.00  20.00  43.05  59.00  60.00  43.05   0.00
15:46:29   4.2   0.0   0.0  95.8   0.0    2    158    435    0    0    0  36.02    0.00  10.78   5.89  19.35  60.05  60.00  20.00  43.05  60.00  60.00  43.05   0.00
15:46:30   4.3   0.0   0.0  95.7   0.0    2    324    458    0    0    0  36.38    0.00  10.89   5.98  19.52  59.05  59.00  20.00  43.05  59.00  60.00  43.05   0.00
15:46:31   4.2   0.0   0.0  95.8   0.0    2    176    437    0    0    0  36.00    0.00  10.77   5.88  19.35  59.05  59.00  20.00  43.05  60.00  60.00  43.05   0.00
15:46:32   4.2   0.0   0.0  95.8   0.0    2    198    425    0    0    0  36.00    0.00  10.78   5.88  19.35  59.05  59.00  20.00  42.05  59.00  60.00  43.05   0.00
15:46:33   4.2   0.0   0.0  95.8   0.0    2    136    423    0    0    0  36.00    0.00  10.78   5.88  19.33  59.05  59.00  20.00  42.05  59.00  60.00  43.05   0.00
15:46:34   4.3   0.0   0.0  95.7   0.0    2    319    466    0    0    1  36.40    0.00  10.89   5.98  19.53  59.05  59.00  20.00  42.05  59.00  60.00  43.05   0.00
15:46:35   4.2   0.0   0.0  95.8   0.0    2    160    429    0    0    0  36.01    0.00  10.78   5.88  19.35  59.05  59.00  20.00  42.05  59.00  60.00  43.05   0.00
15:46:36   4.1   0.0   0.0  95.9   0.0    2    214    427    0    0    0  35.96    0.00  10.78   5.87  19.31  59.05  59.00  20.00  42.05  59.00  60.00  43.05   0.00
15:46:37   4.2   0.0   0.0  95.8   0.0    2    146    432    0    0    0  36.00    0.00  10.78   5.88  19.35  59.05  59.00  20.00  42.05  59.00  60.00  43.05   0.00
15:46:38   4.2   0.0   0.0  95.8   0.0    2    219    453    0    0    0  36.09    0.00  10.79   5.89  19.41  59.05  59.00  20.00  42.05  59.00  60.00  43.05   0.00
15:46:39   4.2   0.0   0.0  95.8   0.0    2    201    462    0    0    0  36.98    0.00  10.95   5.88  20.16  60.05  60.00  20.00  42.05  60.00  60.00  43.05   0.00
15:46:40   4.2   0.0   0.0  95.8   0.0    2    130    419    0    0    0  35.97    0.00  10.76   5.88  19.34  59.05  59.00  20.00  42.05  59.00  60.00  43.05   0.00
15:46:41   4.2   0.0   0.0  95.8   0.0    2    212    372    0    0    0  35.90    0.00  10.76   5.88  19.27  59.05  59.00  20.00  42.05  59.00  60.00  43.05   0.00
15:46:42   4.2   0.0   0.0  95.8   0.0    2    156    440    0    0    0  35.94    0.00  10.76   5.88  19.30  60.05  60.00  20.00  42.05  60.00  60.00  43.05   0.00
15:46:43   4.2   0.0   0.0  95.8   0.0    2    462    468    0    0    0  36.04    0.00  10.77   5.88  19.39  59.05  59.00  20.00  42.05  59.00  60.00  43.05   0.00
15:46:44   4.2   0.0   0.0  95.8   0.0    2    208    437    0    0    0  36.98    0.00  10.95   5.87  20.16  59.05  59.00  20.00  42.05  59.00  60.00  43.05   0.00
15:46:45   4.2   0.0   0.0  95.8   0.0    2    145    435    0    0    0  35.96    0.00  10.76   5.88  19.31  60.05  60.00  20.00  42.05  60.00  60.00  43.05   0.00
15:46:46   4.2   0.0   0.0  95.8   0.0    2    138    418    0    0    0  35.90    0.00  10.75   5.87  19.27  60.05  60.00  20.00  42.05  60.00  60.00  43.05   0.00
15:46:47   4.2   0.0   0.0  95.8   0.0    2    234    423    0    0    0  35.96    0.00  10.77   5.88  19.31  59.05  59.00  20.00  42.05  59.00  60.00  43.05   0.00
15:46:48   4.2   0.0   0.0  95.8   0.0    2    324    553    0    0    0  37.51    0.00  11.05   6.13  20.33  60.05  60.00  20.00  42.05  60.00  60.00  43.05   0.00
15:46:49   4.2   0.0   0.0  95.8   0.0    2    198    446    0    0    0  37.97    0.00  10.83   5.88  21.26  58.05  58.00  20.00  42.05  58.00  60.00  43.05   0.00
15:46:50   4.2   0.0   0.0  95.8   0.0    2    132    430    0    0    0  37.97    0.00  10.84   5.89  21.25  59.05  59.00  20.00  42.05  59.00  60.00  43.05   0.00
15:46:51   4.2   0.0   0.0  95.8   0.0    2    186    452    0    0    0  37.99    0.00  10.85   5.88  21.26  59.05  59.00  20.00  42.05  59.00  60.00  43.05   0.00
15:46:52   4.2   0.0   0.0  95.8   0.0    2    190    427    0    0    0  36.31    0.00  10.78   5.88  19.65  60.05  60.00  20.00  42.05  60.00  60.00  43.05   0.00
15:46:53   4.2   0.0   0.0  95.8   0.0    2    142    428    0    0    0  35.98    0.00  10.77   5.88  19.34  59.05  59.00  20.00  42.05  59.00  60.00  43.05   0.00
15:46:54   4.2   0.0   0.0  95.8   0.0    2    216    465    0    0    0  36.04    0.00  10.79   5.89  19.36  59.05  59.00  20.00  42.05  59.00  60.00  43.05   0.00
15:46:55   4.1   0.0   0.0  95.9   0.0    2    226    389    0    0    0  35.97    0.00  10.78   5.88  19.31  59.05  59.00  20.00  42.05  59.00  60.00  43.05   0.00
15:46:56   4.2   0.0   0.0  95.8   0.0    2    144    420    0    0    0  35.99    0.00  10.77   5.88  19.34  59.05  59.00  20.00  42.05  59.00  60.00  43.05   0.00
15:46:57   4.2   0.0   0.0  95.8   0.0    2    142    415    0    0    0  36.07    0.00  10.79   5.89  19.39  59.05  59.00  20.00  42.05  59.00  59.00  43.05   0.00
15:46:58   4.2   0.0   0.0  95.8   0.0    2    182    431    0    0    0  35.98    0.00  10.77   5.88  19.33  59.05  59.00  20.00  42.05  59.00  59.00  43.05   0.00
15:46:59   4.2   0.0   0.0  95.8   0.0    2    190    439    0    0    0  36.73    0.00  10.91   5.88  19.94  59.05  59.00  20.00  42.05  59.00  59.00  42.05   0.00
15:47:00   4.2   0.0   0.0  95.8   0.0    2    168    458    0    0    0  36.39    0.00  10.85   5.89  19.64  59.05  59.00  20.00  42.05  59.00  59.00  42.05   0.00
15:47:01   4.2   0.0   0.0  95.8   0.0    2    208    437    0    0    0  36.05    0.00  10.79   5.88  19.37  59.05  59.00  20.00  42.05  59.00  60.00  42.05   0.00
15:47:02   4.2   0.0   0.0  95.8   0.0    2    182    451    0    0    0  36.07    0.00  10.80   5.90  19.38  59.05  59.00  20.00  42.05  59.00  60.00  42.05   0.00
15:47:03   4.2   0.0   0.0  95.8   0.0    2    220    439    0    0    0  36.02    0.00  10.78   5.88  19.36  59.05  59.00  20.00  42.05  59.00  60.00  42.05   0.00
15:47:04   4.2   0.0   0.0  95.8   0.0    2    134    417    0    0    0  35.99    0.00  10.77   5.88  19.34  59.05  59.00  20.00  42.05  59.00  60.00  42.05   0.00
15:47:05   4.2   0.0   0.0  95.8   0.0    2    152    429    0    0    0  36.03    0.00  10.78   5.89  19.36  59.05  59.00  20.00  42.05  59.00  60.00  42.05   0.00
15:47:06   4.2   0.0   0.0  95.8   0.0    2    202    435    0    0    0  36.04    0.00  10.79   5.89  19.36  59.05  59.00  20.00  42.05  59.00  60.00  42.05   0.00
15:47:07   4.2   0.0   0.0  95.8   0.0    2    184    438    0    0    0  36.02    0.00  10.78   5.89  19.35  59.05  59.00  20.00  42.05  59.00  59.00  42.05   0.00
15:47:08   4.2   0.0   0.0  95.8   0.0    2    126    415    0    0    0  36.02    0.00  10.78   5.89  19.35  59.05  59.00  20.00  42.05  59.00  59.00  42.05   0.00
15:47:09   4.2   0.0   0.0  95.8   0.0    2    278    445    0    0    0  37.10    0.00  10.99   5.92  20.19  59.05  59.00  20.00  42.05  59.00  59.00  42.05   0.00
15:47:10   4.2   0.0   0.0  95.8   0.0    2    140    433    0    0    0  36.18    0.00  10.81   5.89  19.48  59.05  59.00  20.00  42.05  59.00  59.00  42.05   0.00
15:47:11   4.2   0.0   0.0  95.8   0.0    2    194    439    0    0    0  36.04    0.00  10.78   5.89  19.36  59.05  59.00  20.00  42.05  59.00  59.00  42.05   0.00
15:47:12   4.2   0.0   0.0  95.8   0.0    2    220    441    0    0    0  36.07    0.00  10.78   5.90  19.39  59.05  59.00  20.00  42.05  59.00  59.00  42.05   0.00
15:47:13   4.2   0.0   0.0  95.8   0.0    2    420    450    0    0    0  36.09    0.00  10.78   5.90  19.42  58.05  58.00  20.00  42.05  58.00  59.00  42.05   0.00
15:47:14   4.2   0.0   0.0  95.8   0.0    2    194    433    0    0    0  36.03    0.00  10.78   5.90  19.36  59.05  59.00  20.00  42.05  59.00  59.00  42.05   0.00
15:47:15   4.2   0.0   0.0  95.8   0.0    2    166    432    0    0    0  36.05    0.00  10.79   5.89  19.37  59.05  59.00  20.00  42.05  59.00  59.00  42.05   0.00
15:47:16   4.2   0.0   0.0  95.8   0.0    2    136    364    0    0    0  35.92    0.00  10.76   5.89  19.27  59.05  59.00  20.00  42.05  59.00  59.00  42.05   0.00
15:47:17   4.2   0.0   0.0  95.8   0.0    2    218    370    0    0    0  35.97    0.00  10.77   5.89  19.30  58.05  58.00  20.00  42.05  58.00  59.00  42.05   0.00
15:47:18   4.2   0.0   0.0  95.8   0.0    2    126    428    0    0    0  35.96    0.00  10.77   5.90  19.30  59.05  59.00  20.00  42.05  59.00  59.00  42.05   0.00
15:47:19   4.2   0.0   0.0  95.8   0.0    2    194    444    0    0    0  37.01    0.00  10.96   5.88  20.16  59.05  59.00  20.00  42.05  59.00  59.00  42.05   0.00
15:47:20   4.2   0.0   0.0  95.8   0.0    2    196    434    0    0    0  35.99    0.00  10.76   5.89  19.33  59.05  59.00  20.00  42.05  59.00  59.00  42.05   0.00
15:47:21   4.2   0.0   0.0  95.8   0.0    2    152    443    0    0    0  35.99    0.00  10.78   5.90  19.32  59.05  59.00  20.00  42.05  59.00  59.00  42.05   0.00
15:47:22   4.2   0.0   0.0  95.8   0.0    2    303    549    0    0    0  37.44    0.00  11.04   6.13  20.27  59.05  59.00  20.00  42.05  59.00  59.00  42.05   0.00
15:47:23   4.2   0.0   0.0  95.8   0.0    2    228    526    0    0    0  37.95    0.00  10.83   5.89  21.23  59.05  59.00  20.00  42.05  59.00  59.00  42.05   0.00
15:47:24   4.2   0.0   0.0  95.8   0.0    2    150    524    0    0    0  38.99    0.00  11.03   5.89  22.07  59.05  59.00  20.00  42.05  59.00  59.00  42.05   0.00
15:47:25   4.2   0.0   0.0  95.8   0.0    2    204    538    0    0    0  39.01    0.00  11.02   5.89  22.10  59.05  59.00  20.00  42.05  59.00  60.00  42.05   0.00
15:47:26   4.2   0.0   0.0  95.8   0.0    2    144    516    0    0    0  36.35    0.00  10.77   5.89  19.69  59.05  59.00  20.00  42.05  59.00  60.00  42.05   0.00
15:47:27   4.2   0.0   0.0  95.8   0.0    2    180    524    0    0    0  36.05    0.00  10.79   5.89  19.37  59.05  59.00  20.00  42.05  59.00  59.00  42.05   0.00
15:47:28   4.2   0.0   0.0  95.8   0.0    2    174    513    0    0    0  36.02    0.00  10.78   5.89  19.35  59.05  59.00  20.00  42.05  59.00  59.00  42.05   0.00
15:47:29   4.2   0.0   0.0  95.8   0.0    2    164    512    0    0    0  36.04    0.00  10.79   5.90  19.35  59.05  59.00  20.00  42.05  59.00  59.00  42.05   0.00
15:47:30   4.2   0.0   0.0  95.8   0.0    2    136    517    0    0    0  36.01    0.00  10.78   5.90  19.33  58.05  58.00  20.00  42.05  58.00  59.00  42.05   0.00
15:47:31   4.2   0.0   0.0  95.8   0.0    2    242    521    0    0    0  36.07    0.00  10.79   5.90  19.37  59.05  59.00  20.00  42.05  59.00  59.00  42.05   0.00
15:47:32   4.2   0.0   0.0  95.8   0.0    2    140    510    0    0    0  36.01    0.00  10.78   5.90  19.33  59.05  59.00  20.00  42.05  59.00  59.00  42.05   0.00
15:47:33   4.2   0.0   0.0  95.8   0.0    2    128    511    0    0    0  36.01    0.00  10.78   5.90  19.33  58.05  58.00  20.00  42.05  58.00  59.00  42.05   0.00
15:47:34   4.2   0.0   0.0  95.8   0.0    2    204    535    0    0    0  36.09    0.00  10.80   5.90  19.39  59.05  59.00  20.00  42.05  59.00  59.00  42.05   0.00
15:47:35   4.2   0.0   0.0  95.8   0.0    2    180    551    0    0    0  37.05    0.00  11.00   5.90  20.15  59.05  59.00  20.00  42.05  59.00  59.00  42.05   0.00
15:47:36   4.2   0.0   0.0  95.8   0.0    2    142    516    0    0    0  36.02    0.00  10.79   5.90  19.33  58.05  58.00  20.00  42.05  58.00  59.00  42.05   0.00
15:47:37   4.2   0.0   0.0  95.8   0.0    2    200    509    0    0    0  36.06    0.00  10.79   5.90  19.36  59.05  59.00  20.00  42.05  59.00  59.00  42.05   0.00
15:47:38   4.2   0.0   0.0  95.8   0.0    2    139    487    0    0    0  36.07    0.00  10.78   5.90  19.38  59.05  59.00  20.00  42.05  59.00  59.00  42.05   0.00
15:47:39   4.2   0.0   0.0  95.8   0.0    2    248    536    0    0    0  36.07    0.00  10.79   5.90  19.38  58.05  58.00  20.00  42.05  58.00  59.00  42.05   0.00
15:47:40   4.2   0.0   0.0  95.8   0.0    2    142    517    0    0    0  35.98    0.00  10.78   5.91  19.30  58.05  58.00  20.00  42.05  58.00  59.00  42.05   0.00
15:47:41   4.2   0.0   0.0  95.8   0.0    2    163    512    0    0    0  36.01    0.00  10.79   5.91  19.32  58.05  58.00  20.00  42.05  58.00  59.00  42.05   0.00
15:47:42   4.2   0.0   0.0  95.8   0.0    2    196    512    0    0    0  35.99    0.00  10.77   5.91  19.31  59.05  59.00  20.00  42.05  59.00  59.00  42.05   0.00
15:47:43   4.2   0.0   0.0  95.8   0.0    2    462    524    0    0    0  36.06    0.00  10.79   5.91  19.36  59.05  59.00  20.00  42.05  59.00  59.00  42.05   0.00
15:47:44   4.2   0.0   0.0  95.8   0.0    2    150    530    0    0    0  37.02    0.00  10.97   5.91  20.14  58.05  58.00  20.00  42.05  58.00  59.00  42.05   0.00
15:47:45   4.1   0.0   0.0  95.9   0.0    2    196    501    0    0    0  36.00    0.00  10.77   5.90  19.32  58.05  58.00  20.00  42.05  58.00  59.00  42.05   0.00
15:47:46   4.2   0.0   0.0  95.8   0.0    2    152    507    0    0    0  36.00    0.00  10.78   5.91  19.32  59.05  59.00  20.00  42.05  59.00  59.00  42.05   0.00
15:47:47   4.2   0.0   0.0  95.8   0.0    2    176    516    0    0    0  35.99    0.00  10.78   5.91  19.31  58.05  58.00  20.00  42.05  58.00  59.00  42.05   0.00
15:47:48   4.2   0.0   0.0  95.7   0.0    2    355    644    0    0    0  38.77    0.00  11.27   6.15  21.36  59.05  59.00  20.00  42.05  59.00  59.00  42.05   0.00
15:47:49   4.2   0.0   0.0  95.8   0.0    2    146    517    0    0    0  37.98    0.00  10.85   5.91  21.22  58.05  58.00  20.00  42.05  58.00  59.00  42.05   0.00
15:47:50   4.2   0.0   0.0  95.8   0.0    2    204    535    0    0    0  39.00    0.00  11.05   5.91  22.05  59.05  59.00  20.00  42.05  59.00  59.00  42.05   0.00
15:47:51   4.2   0.0   0.0  95.8   0.0    2    310    591    0    0    0  37.91    0.00  10.87   5.91  21.13  59.05  59.00  20.00  42.05  59.00  59.00  42.05   0.00
15:47:52   4.2   0.0   0.0  95.8   0.0    2    143    518    0    0    0  36.26    0.00  10.79   5.91  19.57  59.05  59.00  20.00  42.05  59.00  59.00  42.05   0.00
15:47:53   4.2   0.0   0.0  95.8   0.0    2    196    515    0    0    0  36.02    0.00  10.78   5.90  19.33  59.05  59.00  20.00  42.05  59.00  59.00  42.05   0.00
15:47:54   4.2   0.0   0.0  95.8   0.0    2    170    511    0    0    0  36.12    0.00  10.83   5.94  19.35  58.05  58.00  20.00  42.05  58.00  59.00  42.05   0.00
15:47:55   4.2   0.0   0.0  95.8   0.0    2    162    508    0    0    0  36.02    0.00  10.79   5.91  19.32  58.05  58.00  20.00  42.05  58.00  59.00  42.05   0.00
15:47:56   4.2   0.0   0.0  95.8   0.0    2    198    502    0    0    0  35.99    0.00  10.78   5.90  19.30  58.05  58.00  20.00  42.05  57.00  59.00  42.05   0.00
15:47:57   4.2   0.0   0.0  95.8   0.0    2    144    512    0    0    0  36.02    0.00  10.78   5.91  19.33  59.05  59.00  20.00  42.05  59.00  59.00  42.05   0.00
15:47:58   4.2   0.0   0.0  95.8   0.0    2    144    506    0    0    0  36.03    0.00  10.81   5.91  19.32  58.05  58.00  20.00  42.05  58.00  59.00  42.05   0.00
15:47:59   4.2   0.0   0.0  95.8   0.0    2    238    536    0    0    0  37.06    0.00  10.98   5.90  20.18  59.05  59.00  20.00  42.05  59.00  59.00  42.05   0.00
15:48:00   4.2   0.0   0.0  95.8   0.0    2    168    526    0    0    0  36.08    0.00  10.79   5.91  19.37  58.05  57.00  20.00  42.05  57.00  59.00  42.05   0.00
15:48:01   4.2   0.0   0.0  95.8   0.0    2    204    520    0    0    0  36.02    0.00  10.78   5.91  19.33  57.05  57.00  20.00  42.05  57.00  59.00  42.05   0.00
15:48:02   4.2   0.0   0.0  95.8   0.0    2    146    510    0    0    0  36.02    0.00  10.78   5.91  19.32  58.05  58.00  20.00  42.05  58.00  59.00  42.05   0.00
15:48:03   4.2   0.0   0.0  95.8   0.0    2    164    507    0    0    0  36.01    0.00  10.79   5.91  19.31  58.05  58.00  20.00  42.05  58.00  59.00  42.05   0.00
15:48:04   4.2   0.0   0.0  95.8   0.0    2    204    521    0    0    0  35.99    0.00  10.78   5.90  19.31  58.05  58.00  20.00  42.05  58.00  59.00  42.05   0.00
15:48:05   4.2   0.0   0.0  95.8   0.0    2    141    505    0    0    0  36.00    0.00  10.79   5.91  19.30  57.05  57.00  20.00  42.05  57.00  59.00  42.05   0.00
15:48:06   4.2   0.0   0.0  95.8   0.0    2    148    517    0    0    0  35.97    0.00  10.78   5.91  19.28  58.05  58.00  20.00  42.05  57.00  59.00  42.05   0.00
15:48:07   4.2   0.0   0.0  95.8   0.0    2    226    528    0    0    0  36.05    0.00  10.81   5.90  19.34  59.05  59.00  20.00  42.05  59.00  59.00  42.05   0.00
15:48:08   4.2   0.0   0.0  95.8   0.0    2    124    504    0    0    0  35.98    0.00  10.78   5.91  19.29  59.05  59.00  20.00  42.05  59.00  59.00  42.05   0.00
15:48:09   4.2   0.0   0.0  95.8   0.0    2    198    537    0    0    0  37.19    0.00  11.02   5.94  20.22  59.05  59.00  20.00  42.05  59.00  59.00  42.05   0.00
15:48:10   4.2   0.0   0.0  95.8   0.0    2    220    542    0    0    0  36.02    0.00  10.79   5.91  19.32  58.05  58.00  20.00  42.05  58.00  59.00  42.05   0.00
15:48:11   4.2   0.0   0.0  95.8   0.0    2    184    519    0    0    0  35.99    0.00  10.79   5.90  19.30  58.05  58.00  20.00  42.05  58.00  59.00  42.05   0.00
15:48:12   4.2   0.0   0.0  95.8   0.0    2    157    495    0    0    0  36.08    0.00  10.80   5.92  19.37  58.05  58.00  20.00  42.05  58.00  59.00  42.05   0.00
15:48:13   4.2   0.0   0.0  95.8   0.0    2    488    546    0    0    0  36.02    0.00  10.77   5.90  19.35  59.05  59.00  20.00  42.05  59.00  59.00  42.05   0.00
15:48:14   4.2   0.0   0.0  95.8   0.0    2    154    517    0    0    0  36.61    0.00  10.89   5.91  19.81  59.05  59.00  20.00  42.05  59.00  59.00  42.05   0.00
15:48:15   4.2   0.0   0.0  95.8   0.0    2    230    529    0    0    0  36.33    0.00  10.84   5.90  19.59  58.05  58.00  20.00  42.05  58.00  59.00  42.05   0.00
15:48:16   4.2   0.0   0.0  95.8   0.0    2    144    522    0    0    0  35.95    0.00  10.77   5.91  19.28  58.05  58.00  20.00  42.05  58.00  59.00  42.05   0.00
15:48:17   4.2   0.0   0.0  95.8   0.0    2    144    509    0    0    0  35.95    0.00  10.78   5.91  19.26  58.05  58.00  20.00  42.05  58.00  59.00  42.05   0.00
15:48:18   4.2   0.0   0.0  95.8   0.0    2    186    521    0    0    0  35.93    0.00  10.77   5.90  19.26  59.05  59.00  20.00  42.05  59.00  59.00  42.05   0.00
15:48:19   4.2   0.0   0.0  95.8   0.0    2    168    520    0    0    0  35.99    0.00  10.79   5.91  19.30  59.05  59.00  20.00  42.05  59.00  59.00  42.05   0.00
15:48:20   4.2   0.0   0.0  95.8   0.0    2    124    507    0    0    0  35.97    0.00  10.77   5.91  19.28  58.05  58.00  20.00  42.05  58.00  59.00  42.05   0.00
15:48:21   4.2   0.0   0.0  95.8   0.0    2    236    525    0    0    0  35.96    0.00  10.77   5.91  19.28  58.05  58.00  20.00  42.05  58.00  59.00  42.05   0.00
15:48:22   4.2   0.0   0.0  95.8   0.0    2    175    511    0    0    0  36.25    0.00  10.80   5.92  19.52  58.05  58.00  20.00  42.05  58.00  59.00  42.05   0.00
15:48:23   4.2   0.0   0.0  95.8   0.0    2    300    615    0    0    0  38.69    0.00  11.05   6.12  21.52  58.05  58.00  20.00  42.05  58.00  59.00  42.05   0.00
15:48:24   4.2   0.0   0.0  95.8   0.0    2    202    516    0    0    0  38.75    0.00  10.99   5.91  21.86  59.05  59.00  20.00  42.05  59.00  59.00  42.05   0.00
15:48:25   4.2   0.0   0.0  95.8   0.0    2    142    503    0    0    0  38.21    0.00  10.89   5.91  21.41  58.05  58.00  20.00  42.05  58.00  59.00  42.05   0.00
15:48:26   4.2   0.0   0.0  95.8   0.0    2    202    510    0    0    0  36.68    0.00  10.80   5.91  19.97  57.05  57.00  20.00  42.05  59.00  59.00  42.05   0.00
15:48:27   4.2   0.0   0.0  95.8   0.0    2    185    512    0    0    0  36.08    0.00  10.80   5.91  19.37  58.05  58.00  20.00  42.05  59.00  59.00  42.05   0.00
15:48:28   4.2   0.0   0.0  95.8   0.0    2    116    505    0    0    0  36.01    0.00  10.79   5.91  19.31  58.05  58.00  20.00  42.05  58.00  59.00  42.05   0.00
15:48:29   4.1   0.0   0.0  95.8   0.0    2    216    524    0    0    0  36.00    0.00  10.78   5.91  19.32  58.05  58.00  20.00  42.05  59.00  59.00  42.05   0.00
15:48:30   4.2   0.0   0.0  95.8   0.0    2    156    510    0    0    0  36.98    0.00  10.97   5.90  20.10  58.05  58.00  20.00  42.05  59.00  59.00  42.05   0.00
15:48:31   4.2   0.0   0.0  95.8   0.0    2    186    512    0    0    0  36.02    0.00  10.78   5.91  19.33  58.05  58.00  20.00  42.05  59.00  59.00  42.05   0.00
15:48:32   4.2   0.0   0.0  95.8   0.0    2    208    516    0    0    0  36.03    0.00  10.78   5.91  19.33  58.05  58.00  20.00  42.05  58.00  59.00  42.05   0.00
15:48:33   4.2   0.0   0.0  95.8   0.0    2    152    501    0    0    0  35.97    0.00  10.79   5.91  19.27  58.05  58.00  20.00  41.05  58.00  59.00  42.05   0.00
15:48:34   4.2   0.0   0.0  95.8   0.0    2    146    516    0    0    0  37.01    0.00  10.96   5.91  20.14  59.05  59.00  20.00  41.05  59.00  59.00  42.05   0.00
15:48:35   4.2   0.0   0.0  95.8   0.0    2    218    511    0    0    0  35.95    0.00  10.78   5.90  19.28  59.05  59.00  20.00  41.05  59.00  59.00  42.05   0.00
15:48:36   4.2   0.0   0.0  95.8   0.0    2    131    515    0    0    0  35.98    0.00  10.77   5.91  19.30  58.05  58.00  20.00  41.05  58.00  59.00  42.05   0.00
15:48:37   4.2   0.0   0.0  95.8   0.0    2    202    509    0    0    0  35.98    0.00  10.77   5.90  19.30  57.05  58.00  20.00  41.05  58.00  59.00  42.05   0.00
15:48:38   4.2   0.0   0.0  95.8   0.0    2    145    500    0    0    0  36.02    0.00  10.79   5.91  19.32  57.05  57.00  20.00  42.05  58.00  58.00  42.05   0.00
15:48:39   4.2   0.0   0.0  95.8   0.0    2    206    531    0    0    0  37.00    0.00  10.96   5.91  20.13  58.05  58.00  20.00  42.05  58.00  58.00  42.05   0.00
15:48:40   4.2   0.0   0.0  95.8   0.0    2    182    512    0    0    0  35.95    0.00  10.77   5.91  19.27  58.05  58.00  20.00  42.05  58.00  58.00  42.05   0.00
15:48:41   4.2   0.0   0.0  95.8   0.0    2    172    503    0    0    0  35.91    0.00  10.75   5.90  19.25  58.05  58.00  20.00  42.05  59.00  58.00  42.05   0.00
15:48:42   4.2   0.0   0.0  95.8   0.0    2    138    518    0    0    0  35.96    0.00  10.76   5.91  19.28  59.05  59.00  20.00  42.05  59.00  59.00  42.05   0.00
15:48:43   4.2   0.0   0.0  95.8   0.0    2    226    517    0    0    0  35.96    0.00  10.76   5.91  19.29  58.05  58.00  20.00  42.05  58.00  59.00  42.05   0.00
15:48:44   4.2   0.0   0.0  95.8   0.0    2    436    528    0    0    0  35.97    0.00  10.76   5.90  19.31  58.05  58.00  20.00  42.05  58.00  59.00  42.05   0.00
15:48:45   4.2   0.0   0.0  95.8   0.0    2    142    505    0    0    0  35.95    0.00  10.76   5.91  19.28  58.05  58.00  20.00  42.05  58.00  59.00  42.05   0.00
15:48:46   4.2   0.0   0.0  95.8   0.0    2    218    516    0    0    0  35.93    0.00  10.76   5.90  19.26  58.05  58.00  20.00  42.05  59.00  59.00  42.05   0.00
15:48:47   4.2   0.0   0.0  95.8   0.0    2    172    517    0    0    0  35.97    0.00  10.75   5.91  19.30  57.05  57.00  20.00  42.05  58.00  59.00  42.05   0.00
15:48:48   4.2   0.0   0.0  95.8   0.0    2    340    602    0    0    0  37.22    0.00  11.01   6.12  20.10  57.05  57.00  20.00  42.05  57.00  59.00  42.05   0.00
15:48:49   4.2   0.0   0.0  95.8   0.0    2    148    527    0    0    0  37.97    0.00  10.83   5.91  21.23  58.05  58.00  20.00  42.05  58.00  58.00  42.05   0.00
15:48:50   4.2   0.0   0.0  95.8   0.0    2    139    526    0    0    0  38.92    0.00  11.01   5.91  22.00  58.05  58.00  20.00  42.05  58.00  58.00  42.05   0.00
15:48:51   4.2   0.0   0.0  95.8   0.0    2    267    534    0    0    0  37.94    0.00  10.83   5.91  21.20  58.05  58.00  20.00  42.05  58.00  58.00  41.05   0.00
15:48:52   4.2   0.0   0.0  95.8   0.0    2    134    494    0    0    0  36.32    0.00  10.77   5.91  19.64  59.05  59.00  20.00  42.05  59.00  58.00  41.05   0.00
15:48:53   4.2   0.0   0.1  95.8   0.0    2    142    513    0    0    0  35.95    0.00  10.78   5.91  19.27  58.05  58.00  20.00  42.05  58.00  59.00  41.05   0.00
15:48:54   4.2   0.0   0.0  95.8   0.0    2    204    523    0    0    0  36.97    0.00  10.96   5.91  20.10  58.05  58.00  20.00  41.05  58.00  59.00  41.05   0.00
15:48:55   4.2   0.0   0.0  95.8   0.0    2    164    528    0    0    0  35.98    0.00  10.78   5.91  19.30  59.05  59.00  20.00  41.05  59.00  59.00  41.05   0.00
15:48:56   4.2   0.0   0.0  95.8   0.0    2    143    512    0    0    0  35.95    0.00  10.77   5.91  19.27  59.05  59.00  20.00  41.05  59.00  59.00  42.05   0.00
15:48:57   4.2   0.0   0.0  95.8   0.0    2    196    513    0    0    0  35.96    0.00  10.77   5.91  19.28  59.05  59.00  20.00  41.05  59.00  59.00  42.05   0.00
15:48:58   4.2   0.0   0.0  95.8   0.0    2    132    331    0    0    0  35.87    0.00  10.77   5.90  19.20  58.05  58.00  20.00  41.05  58.00  59.00  42.05   0.00
15:48:59   4.2   0.0   0.0  95.8   0.0    2    174    345    0    0    0  36.89    0.00  10.96   5.90  20.03  59.05  59.00  20.00  41.05  59.00  59.00  42.05   0.00
15:49:00   4.2   0.0   0.0  95.8   0.0    2    220    538    0    0    0  36.02    0.00  10.77   5.91  19.33  58.05  58.00  20.00  41.05  58.00  59.00  42.05   0.00
15:49:01   4.2   0.0   0.0  95.8   0.0    2    148    505    0    0    0  35.97    0.00  10.77   5.91  19.29  57.05  57.00  20.00  41.05  57.00  59.00  42.05   0.00
15:49:02   4.2   0.0   0.0  95.8   0.0    2    250    551    0    0    0  36.03    0.00  10.78   5.92  19.33  58.05  58.00  20.00  41.05  58.00  59.00  42.05   0.00
15:49:03   4.2   0.0   0.0  95.8   0.0    2    170    509    0    0    0  35.95    0.00  10.77   5.90  19.28  58.05  58.00  20.00  41.05  58.00  58.00  42.05   0.00
15:49:04   4.2   0.0   0.0  95.8   0.0    2    131    498    0    0    0  35.97    0.00  10.77   5.90  19.29  57.05  57.00  20.00  41.05  57.00  58.00  42.05   0.00
15:49:05   4.2   0.0   0.0  95.8   0.0    2    204    523    0    0    0  37.00    0.00  10.96   5.90  20.13  57.05  57.00  20.00  41.05  57.00  58.00  42.05   0.00
15:49:06   4.2   0.0   0.0  95.8   0.0    2    140    497    0    0    0  35.96    0.00  10.77   5.91  19.28  58.05  58.00  20.00  41.05  58.00  58.00  41.05   0.00
15:49:07   4.2   0.0   0.0  95.8   0.0    2    172    511    0    0    0  35.94    0.00  10.77   5.91  19.26  58.05  58.00  20.00  41.05  58.00  58.00  41.05   0.00
15:49:08   4.1   0.0   0.0  95.9   0.0    2    187    515    0    0    0  35.95    0.00  10.77   5.91  19.27  58.05  58.00  20.00  41.05  58.00  58.00  41.05   0.00
15:49:09   4.2   0.0   0.0  95.8   0.0    2    193    508    0    0    0  36.13    0.00  10.81   5.94  19.38  58.05  58.00  20.00  41.05  58.00  58.00  41.05   0.00
15:49:10   4.2   0.0   0.0  95.8   0.0    2    138    506    0    0    0  35.93    0.00  10.77   5.91  19.25  58.05  58.00  20.00  41.05  58.00  58.00  41.05   0.00
15:49:11   4.2   0.0   0.0  95.8   0.0    2    240    519    0    0    0  35.95    0.00  10.77   5.90  19.27  58.05  58.00  20.00  41.05  58.00  58.00  41.05   0.00
15:49:12   4.2   0.0   0.0  95.8   0.0    2    163    500    0    0    0  35.98    0.00  10.77   5.91  19.29  58.05  58.00  20.00  41.05  58.00  58.00  41.05   0.00
15:49:13   4.2   0.0   0.0  95.8   0.0    2    204    509    0    0    0  36.94    0.00  10.95   5.90  20.09  58.05  58.00  20.00  41.05  58.00  58.00  41.05   0.00
15:49:14   4.2   0.0   0.0  95.8   0.0    2    448    532    0    0    0  36.00    0.00  10.76   5.91  19.33  57.05  57.00  20.00  41.05  57.00  58.00  41.05   0.00
15:49:15   4.2   0.0   0.0  95.8   0.0    2    164    511    0    0    0  35.94    0.00  10.77   5.91  19.26  58.05  58.00  20.00  41.05  58.00  58.00  41.05   0.00
15:49:16   4.2   0.0   0.0  95.8   0.0    2    196    517    0    0    0  35.94    0.00  10.76   5.91  19.27  57.05  57.00  20.00  41.05  57.00  58.00  41.05   0.00
15:49:17   4.2   0.0   0.0  95.8   0.0    2    180    574    0    0    3  35.92    0.00  10.77   5.91  19.25  57.05  57.00  20.00  41.05  57.00  58.00  41.05   0.00
15:49:18   4.2   0.0   0.0  95.8   0.0    2    129    499    0    0    0  35.90    0.00  10.76   5.91  19.24  58.05  58.00  20.00  41.05  58.00  58.00  41.05   0.00
15:49:19   4.2   0.0   0.0  95.8   0.0    2    228    514    0    0    0  35.91    0.00  10.76   5.90  19.25  57.05  57.00  20.00  41.05  57.00  58.00  41.05   0.00
15:49:20   4.2   0.0   0.0  95.8   0.0    2    144    527    0    0    0  36.96    0.00  10.95   5.91  20.10  58.05  58.00  20.00  41.05  58.00  58.00  41.05   0.00
15:49:21   4.2   0.0   0.0  95.8   0.0    2    156    519    0    0    0  35.94    0.00  10.76   5.91  19.27  58.05  58.00  20.00  41.05  58.00  58.00  41.05   0.00
15:49:22   4.2   0.0   0.0  95.8   0.0    2    326    597    0    0    0  36.87    0.00  10.93   6.05  19.89  59.05  59.00  20.00  41.05  59.00  58.00  41.05   0.00
15:49:23   4.2   0.0   0.0  95.8   0.0    2    224    596    0    0    0  39.41    0.00  11.14   6.02  22.25  58.05  58.00  20.00  41.05  58.00  58.00  41.05   0.00
15:49:24   4.2   0.0   0.0  95.8   0.0    2    186    527    0    0    0  37.91    0.00  10.83   5.91  21.18  59.05  59.00  20.00  41.05  58.00  58.00  41.05   0.00
15:49:25   4.2   0.0   0.0  95.8   0.0    2    136    510    0    0    0  37.94    0.00  10.82   5.91  21.21  57.05  57.00  20.00  41.05  58.00  58.00  41.05   0.00
15:49:26   4.2   0.0   0.0  95.8   0.0    2    156    492    0    0    0  36.44    0.00  10.78   5.92  19.74  58.05  57.00  20.00  41.05  57.00  58.00  41.05   0.00
15:49:27   4.2   0.0   0.0  95.8   0.0    2    232    524    0    0    0  35.97    0.00  10.77   5.90  19.29  58.05  58.00  20.00  41.05  58.00  58.00  41.05   0.00
15:49:28   4.2   0.0   0.0  95.8   0.0    2    132    502    0    0    0  36.73    0.00  10.93   5.90  19.90  57.05  57.00  20.00  41.05  57.00  58.00  41.05   0.00
15:49:29   4.2   0.0   0.0  95.8   0.0    2    142    522    0    0    0  36.16    0.00  10.81   5.91  19.44  57.05  57.00  20.00  41.05  57.00  58.00  41.05   0.00
15:49:30   4.2   0.0   0.0  95.8   0.0    2    190    530    0    0    0  35.97    0.00  10.77   5.91  19.29  59.05  59.00  20.00  41.05  58.00  58.00  41.05   0.00
15:49:31   4.2   0.0   0.0  95.8   0.0    2    174    483    0    0    0  35.92    0.00  10.76   5.90  19.26  57.05  57.00  20.00  41.05  58.00  58.00  41.05   0.00
15:49:32   4.2   0.0   0.0  95.8   0.0    2    154    419    0    0    0  35.95    0.00  10.77   5.91  19.27  58.05  58.00  20.00  41.05  58.00  58.00  41.05   0.00
15:49:33   4.2   0.0   0.0  95.8   0.0    2    192    399    0    0    0  35.86    0.00  10.76   5.90  19.20  58.05  58.00  20.00  41.05  58.00  58.00  41.05   0.00
15:49:34   4.2   0.0   0.0  95.8   0.0    2    159    436    0    0    0  35.95    0.00  10.77   5.90  19.27  58.05  58.00  20.00  41.05  58.00  58.00  41.05   0.00
15:49:35   4.2   0.0   0.0  95.8   0.0    2    166    432    0    0    0  35.92    0.00  10.77   5.90  19.25  58.05  58.00  20.00  41.05  59.00  58.00  41.05   0.00
15:49:36   4.2   0.0   0.0  95.8   0.0    2    188    419    0    0    0  35.95    0.00  10.77   5.91  19.27  58.05  57.00  20.00  41.05  57.00  58.00  41.05   0.00
15:49:37   4.2   0.0   0.0  95.8   0.0    2    150    361    0    0    0  35.87    0.00  10.77   5.91  19.20  58.05  58.00  20.00  41.05  58.00  58.00  41.05   0.00
15:49:38   4.2   0.0   0.0  95.8   0.0    2    217    441    0    0    0  36.95    0.00  10.95   5.92  20.08  58.05  57.00  20.00  41.05  57.00  58.00  41.05   0.00
15:49:39   4.2   0.0   0.0  95.8   0.0    2    184    448    0    0    0  35.98    0.00  10.77   5.90  19.31  58.05  58.00  20.00  41.05  58.00  58.00  41.05   0.00
15:49:40   4.2   0.0   0.0  95.8   0.0    2    122    418    0    0    0  35.92    0.00  10.76   5.91  19.25  57.05  57.00  20.00  41.05  57.00  58.00  41.05   0.00
15:49:41   4.2   0.0   0.0  95.8   0.0    2    210    439    0    0    0  35.87    0.00  10.74   5.90  19.23  58.05  58.00  20.00  41.05  57.00  58.00  41.05   0.00
15:49:42   4.2   0.0   0.0  95.8   0.0    2    148    435    0    0    0  35.91    0.00  10.76   5.91  19.24  58.05  58.00  20.00  41.05  58.00  58.00  41.05   0.00
15:49:43   4.2   0.0   0.0  95.8   0.0    2    174    364    0    0    0  35.82    0.00  10.74   5.91  19.18  58.05  58.00  20.00  41.05  57.00  58.00  41.05   0.00
15:49:44   4.2   0.0   0.0  95.8   0.0    2    507    457    0    0    0  36.95    0.00  10.95   5.91  20.09  58.05  58.00  20.00  41.05  57.00  58.00  41.05   0.00
15:49:45   4.2   0.0   0.0  95.8   0.0    2    135    420    0    0    0  35.86    0.00  10.76   5.90  19.20  58.05  58.00  20.00  41.05  57.00  58.00  41.05   0.00
15:49:46   4.2   0.0   0.0  95.8   0.0    2    150    431    0    0    0  35.96    0.00  10.76   5.91  19.28  58.05  58.00  20.00  41.05  58.00  58.00  41.05   0.00
15:49:47   4.2   0.0   0.0  95.8   0.0    2    230    439    0    0    0  35.85    0.00  10.75   5.89  19.21  58.05  58.00  20.00  41.05  58.00  58.00  41.05   0.00
15:49:48   4.2   0.0   0.0  95.8   0.0    2    294    519    0    0    0  39.44    0.00  11.25   6.13  22.05  58.05  58.00  20.00  41.05  58.00  58.00  41.05   0.00
15:49:49   4.2   0.0   0.0  95.8   0.0    2    224    363    0    0    0  38.69    0.00  10.98   5.90  21.81  58.05  58.00  20.00  41.05  58.00  58.00  41.05   0.00
15:49:50   4.2   0.0   0.0  95.8   0.0    2    142    344    0    0    0  37.98    0.00  10.85   5.90  21.23  58.05  58.00  20.00  41.05  58.00  58.00  41.05   0.00
15:49:51   4.2   0.0   0.0  95.8   0.0    2    226    373    0    0    0  36.90    0.00  10.79   5.91  20.20  58.05  58.00  20.00  41.05  58.00  58.00  41.05   0.00
15:49:52   4.2   0.0   0.0  95.8   0.0    2    190    360    0    0    0  35.98    0.00  10.77   5.90  19.31  57.05  57.00  20.00  41.05  57.00  58.00  41.05   0.00
15:49:53   4.2   0.0   0.0  95.8   0.0    2    156    425    0    0    0  35.91    0.00  10.77   5.90  19.23  57.05  57.00  20.00  41.05  57.00  58.00  41.05   0.00
-------- ----- ----- ----- ----- ----- ---- ------ ------ ---- ---- ---- ------  ------ ------ ------ ------ ------ ------ ------ ------ ------ ------ ------ ------
 Average   4.1   0.0   0.0  95.9   0.0  2.0  200.0  475.8  0.1  0.0  0.0  36.02    0.00  10.70   5.84  19.48  58.61  58.54  20.00  41.83  58.55  59.10  42.13   0.00
 GeoMean   0.0   0.0   0.0  95.9   0.0  2.0  190.0  469.8  0.0  0.0  0.0  35.33    0.00  10.49   5.64  19.15  58.60  58.53  20.00  41.82  58.54  59.09  42.13   0.00
  StdDev   0.5   0.0   0.0   0.5   0.0  0.1   72.5   64.6  0.8  0.2  0.3   3.76    0.00   1.11   0.64   2.06   1.00   0.99   0.00   0.51   0.98   1.00   0.74   0.00
-------- ----- ----- ----- ----- ----- ---- ------ ------ ---- ---- ---- ------  ------ ------ ------ ------ ------ ------ ------ ------ ------ ------ ------ ------
 Minimum   0.0   0.0   0.0  95.6   0.0  1.0  116.0   97.0  0.0  0.0  0.0   2.13    0.00   0.57   0.08   1.48  54.05  54.00  20.00  41.05  54.00  57.00  41.05   0.00
 Maximum   4.4   0.0   0.1 100.0   0.1  2.0  507.0  644.0 11.0  3.0  3.0  39.83    0.00  11.27   6.15  22.64  61.05  61.00  20.00  43.05  61.00  68.00  44.05   0.00
-------- ----- ----- ----- ----- ----- ---- ------ ------ ---- ---- ---- ------  ------ ------ ------ ------ ------ ------ ------ ------ ------ ------ ------ ------
Summary:
CPU:  36.02 Watts on average with standard deviation 3.76  
Note: power read from RAPL domains: uncore, pkg-0, core, psys.
These readings do not cover all the hardware in this device.

Histogram (of 243 power measurements)

 Range (Watts)  Count
 2.127 -  5.896     3 
 5.897 -  9.665     0 
 9.666 - 13.435     0 
13.436 - 17.205     0 
17.206 - 20.975     0 
20.976 - 24.745     0 
24.746 - 28.515     0 
28.516 - 32.285     0 
32.286 - 36.055   136 ########################################
36.056 - 39.825   104 ##############################

Histogram (of 243 CPU utilization measurements)

Range (%CPU)  Count
0.000 - 0.440     3 
0.441 - 0.882     0 
0.883 - 1.323     0 
1.324 - 1.765     0 
1.766 - 2.206     0 
2.207 - 2.648     0 
2.649 - 3.089     0 
3.090 - 3.531     0 
3.532 - 3.972     0 
3.973 - 4.414   240 ########################################

Histogram (of 243 thermal zone TCPU readings)

 Range (°C)    Count
54.050 - 54.749     2 
54.750 - 55.449     1 
55.450 - 56.149     0 
56.150 - 56.849     0 
56.850 - 57.549    21 ########
57.550 - 58.249    91 ######################################
58.250 - 58.949     0 
58.950 - 59.649    95 ########################################
59.650 - 60.349    27 ###########
60.350 - 61.049     6 ##

Histogram (of 243 thermal zone x86_pkg_temp readings)

 Range (°C)    Count
54.000 - 54.699     1 
54.700 - 55.399     2 
55.400 - 56.099     0 
56.100 - 56.799     0 
56.800 - 57.499    24 ##########
57.500 - 58.199    88 ####################################
58.200 - 58.899     0 
58.900 - 59.599    96 ########################################
59.600 - 60.299    26 ##########
60.300 - 60.999     6 ##

Range is zero, cannot produce histogram of thermal zone INT3400 Thermal

Histogram (of 243 thermal zone SEN3 readings)

 Range (°C)    Count
41.050 - 41.249    65 ###############
41.250 - 41.449     0 
41.450 - 41.649     0 
41.650 - 41.849     0 
41.850 - 42.049   167 ########################################
42.050 - 42.249     0 
42.250 - 42.449     0 
42.450 - 42.649     0 
42.650 - 42.849     0 
42.850 - 43.049    11 ##

Histogram (of 243 thermal zone TCPU_PCI readings)

 Range (°C)    Count
54.000 - 54.699     1 
54.700 - 55.399     2 
55.400 - 56.099     0 
56.100 - 56.799     0 
56.800 - 57.499    25 #########
57.500 - 58.199    81 ##############################
58.200 - 58.899     0 
58.900 - 59.599   105 ########################################
59.600 - 60.299    24 #########
60.300 - 60.999     5 #

Histogram (of 243 thermal zone iwlwifi_1 readings)

 Range (°C)    Count
57.000 - 58.099    61 #####################
58.100 - 59.199   112 ########################################
59.200 - 60.299    60 #####################
60.300 - 61.399     9 ###
61.400 - 62.499     0 
62.500 - 63.599     0 
63.600 - 64.699     0 
64.700 - 65.799     0 
65.800 - 66.899     0 
66.900 - 67.999     1 

Histogram (of 243 thermal zone acpitz readings)

 Range (°C)    Count
41.050 - 41.349    53 #################
41.350 - 41.649     0 
41.650 - 41.949     0 
41.950 - 42.249   122 ########################################
42.250 - 42.549     0 
42.550 - 42.849     0 
42.850 - 43.149    63 ####################
43.150 - 43.449     0 
43.450 - 43.749     0 
43.750 - 44.049     5 #

Range is zero, cannot produce histogram of thermal zone SEN2
