Running for 86400.0 seconds (86400 samples at 1.0 second intervals).
Power measurements will start in 0 seconds time.

  Time    User  Nice   Sys  Idle    IO  Run Ctxt/s  IRQ/s Fork Exec Exit  Watts  uncore  pkg-0   core   psys   TCPU x86_pk INT340   SEN3 TCPU_P iwlwif acpitz   SEN2
01:45:06   0.0   0.0   0.0 100.0   0.0    1    180    277    0    0    0   4.45    0.00   1.18   0.18   3.09  49.05  49.00  20.00  39.05  49.00  55.00  39.05   0.00
01:45:07   0.0   0.0   0.0  99.9   0.0    1    204    135    0    0    0   4.39    0.00   1.22   0.08   3.09  49.05  49.00  20.00  39.05  49.00  55.00  39.05   0.00
01:45:08   0.0   0.0   0.1  99.9   0.0    2    274    141    9    6    8   4.91    0.00   1.34   0.14   3.42  48.05  48.00  20.00  39.05  48.00  52.00  39.05   0.00
01:45:09  17.1   0.0   1.0  81.9   0.0    6  54093   6621   44    0    0  99.08    0.00  29.03  23.49  46.56  67.05  67.00  20.00  39.05  67.00  52.00  39.05   0.00
01:45:10  19.8   0.0   0.8  79.5   0.0    6  44083   5900   41    7   28 104.72    0.00  30.74  24.99  48.99  61.05  61.00  20.00  39.05  61.00  67.00  39.05   0.00
01:45:11  12.8   0.0   0.9  86.2   0.0    8  42317   8885   83    2   41  79.77    0.00  23.00  17.26  39.51  68.05  68.00  20.00  39.05  68.00  67.00  39.05   0.00
01:45:12  21.3   0.0   1.6  77.1   0.0    2  61096  14624    4    0    8  82.47    0.00  23.98  18.55  39.94  56.05  56.00  20.00  39.05  56.00  61.00  39.05   0.00
01:45:13  11.1   0.0   1.0  87.9   0.0    5  34794   5070   56   74   55  82.25    0.00  23.19  16.85  42.20  64.05  64.00  20.00  39.05  64.00  61.00  39.05   0.00
01:45:14  18.6   0.0   0.6  80.8   0.0   14  55203   6565   30    0    0 111.56    0.00  32.82  26.99  51.75  68.05  68.00  20.00  39.05  68.00  61.00  39.05   0.00
01:45:15  75.1   0.0   2.2  22.6   0.0   20  58503  15544    1    0    1 108.66    0.00  32.29  26.13  50.24  60.05  60.00  20.00  39.05  59.00  61.00  39.05   0.00
01:45:16  79.2   0.0   0.8  20.0   0.0   21  19088   7178    1    0    0 102.55    0.00  30.18  23.76  48.60  57.05  57.00  20.00  39.05  57.00  61.00  39.05   0.00
01:45:17  75.8   0.0   0.9  23.3   0.0   18  19337   7357    0    0    1 102.10    0.00  30.16  23.85  48.08  57.05  58.00  20.00  39.05  58.00  58.00  39.05   0.00
01:45:18  73.7   0.0   0.5  25.8   0.0   19  17528   7234    0    0    0 101.27    0.00  29.92  23.54  47.80  58.05  58.00  20.00  39.05  58.00  58.00  39.05   0.00
01:45:19  41.7   0.0   0.4  57.9   0.0   20  21310   5637    1    0    1 102.75    0.00  30.04  23.94  48.77  58.05  58.00  20.00  39.05  58.00  58.00  39.05   0.00
01:45:20  29.8   0.0   0.3  70.0   0.0    9  20376   4208    9    0    3  89.00    0.00  25.95  20.14  42.90  65.05  65.00  20.00  39.05  65.00  58.00  39.05   0.00
01:45:21  65.2   0.0   0.4  34.4   0.0   31  21669   7819   24    0    0 111.21    0.00  33.03  27.00  51.18  62.05  62.00  20.00  39.05  62.00  65.00  39.05   0.00
01:45:22  98.7   0.0   0.3   1.0   0.0   28   6334   7742    0    0    1 102.97    0.00  30.43  24.39  48.16  58.05  58.00  20.00  39.05  58.00  65.00  39.05   0.00
01:45:23  98.3   0.0   0.4   1.4   0.0   28   5553   7366    0    0    1 102.46    0.00  29.90  23.94  48.62  58.05  58.00  20.00  39.05  58.00  63.00  39.05   0.00
01:45:24  80.9   0.0   0.5  18.6   0.0   19   8744  38062    0    0    0  97.56    0.00  28.14  22.07  47.35  55.05  55.00  20.00  39.05  55.00  63.00  39.05   0.00
01:45:25  82.4   0.0   0.8  16.8   0.0   24  30865   9110    0    0    1 111.34    0.00  32.53  26.20  52.62  57.05  57.00  20.00  39.05  57.00  63.00  40.05   0.00
01:45:26  95.9   0.0   0.7   3.4   0.0   21  13040   7644    0    0    0 101.73    0.00  29.79  23.60  48.34  58.05  58.00  20.00  39.05  58.00  59.00  40.05   0.00
01:45:27  87.6   0.0   0.7  11.7   0.0   31  11331   7447    0    0    0 100.61    0.00  29.77  23.55  47.30  58.05  58.00  20.00  39.05  58.00  59.00  40.05   0.00
01:45:28  95.7   0.0   0.9   3.4   0.0   28  11480   8067    0    0    0 101.19    0.00  29.88  23.65  47.67  58.05  58.00  20.00  39.05  58.00  59.00  40.05   0.00
01:45:29  96.6   0.0   0.7   2.7   0.0   26  12567   8367    0    0    0 101.05    0.00  29.89  23.60  47.56  58.05  58.00  20.00  39.05  58.00  59.00  40.05   0.00
01:45:30  96.1   0.0   0.4   3.5   0.0   27  13049   7876    0    0    0 100.48    0.00  29.66  23.38  47.43  60.05  60.00  20.00  39.05  60.00  59.00  40.05   0.00
01:45:31  95.4   0.0   0.9   3.7   0.0   28  12864   8123    0    0    0 101.43    0.00  29.82  23.31  48.30  58.05  58.00  20.00  39.05  58.00  59.00  40.05   0.00
01:45:32  95.3   0.0   0.4   4.3   0.0   29  11823   7522    0    0    0 101.25    0.00  29.87  23.49  47.88  58.05  58.00  20.00  39.05  58.00  59.00  40.05   0.00
01:45:33  94.9   0.0   1.1   4.0   0.0   28  11992   7753    0    0    0 101.32    0.00  29.88  23.51  47.92  59.05  59.00  20.00  39.05  59.00  59.00  40.05   0.00
01:45:34  94.6   0.0   0.9   4.4   0.0   31  10426   7343    0    0    0 100.44    0.00  29.62  23.26  47.56  59.05  59.00  20.00  39.05  59.00  59.00  40.05   0.00
01:45:35  94.6   0.0   0.9   4.5   0.0   30  15669   8308    0    0    0 100.65    0.00  29.67  23.28  47.70  61.05  61.00  20.00  39.05  61.00  59.00  40.05   0.00
01:45:36  95.6   0.0   0.7   3.7   0.0   28  12134   7900    0    0    0 100.71    0.00  29.72  23.34  47.65  58.05  58.00  20.00  39.05  58.00  60.00  40.05   0.00
01:45:37  85.4   0.0   0.5  14.0   0.0   28  11491  34275    0    0    0 100.55    0.00  29.76  23.46  47.34  59.05  59.00  20.00  39.05  59.00  60.00  40.05   0.00
01:45:38  45.9   0.0   0.2  53.9   0.0    5  11347   4284    0    0    0  95.23    0.00  27.79  21.89  45.55  76.05  76.00  20.00  39.05  76.00  60.00  40.05   0.00
01:45:39  19.1   0.0   0.1  80.8   0.0    8  16099   2882    0    0    0 102.10    0.00  29.71  23.85  48.54  76.05  76.00  20.00  39.05  76.00  61.00  40.05   0.00
-------- ----- ----- ----- ----- ----- ---- ------ ------ ---- ---- ---- ------  ------ ------ ------ ------ ------ ------ ------ ------ ------ ------ ------ ------
 Average  61.6   0.0   0.7  37.7   0.0 18.5 20496.0 8625.5  8.9  2.6  4.4  91.59    0.00  26.88  21.20  43.52  59.79  59.76  20.00  39.05  59.74  59.85  39.49   0.00
 GeoMean   0.0   0.0   0.0  17.5   0.0 13.4 12194.5 5720.9  0.0  0.0  0.0  75.98    0.00  22.14  14.61  37.31  59.49  59.47  20.00  39.05  59.44  59.76  39.49   0.00
  StdDev  36.0   0.0   0.4  36.1   0.0 10.4 16719.1 7568.1 19.2 12.5 12.1  27.99    0.00   8.29   6.91  12.83   6.03   6.01   0.00   0.00   6.02   3.36   0.50   0.00
-------- ----- ----- ----- ----- ----- ---- ------ ------ ---- ---- ---- ------  ------ ------ ------ ------ ------ ------ ------ ------ ------ ------ ------ ------
 Minimum   0.0   0.0   0.0   1.0   0.0  1.0  180.0  135.0  0.0  0.0  0.0   4.39    0.00   1.18   0.08   3.09  48.05  48.00  20.00  39.05  48.00  52.00  39.05   0.00
 Maximum  98.7   0.0   2.2 100.0   0.0 31.0 61096.0 38062.0 83.0 74.0 55.0 111.56    0.00  33.03  27.00  52.62  76.05  76.00  20.00  39.05  76.00  67.00  40.05   0.00
-------- ----- ----- ----- ----- ----- ---- ------ ------ ---- ---- ---- ------  ------ ------ ------ ------ ------ ------ ------ ------ ------ ------ ------ ------
Summary:
CPU:  91.59 Watts on average with standard deviation 27.99 
Note: power read from RAPL domains: uncore, pkg-0, core, psys.
These readings do not cover all the hardware in this device.

Histogram (of 34 power measurements)

  Range (Watts)   Count
  4.389 -  15.105     3 ######
 15.106 -  25.822     0 
 25.823 -  36.539     0 
 36.540 -  47.256     0 
 47.257 -  57.973     0 
 57.974 -  68.690     0 
 68.691 -  79.408     0 
 79.409 -  90.125     4 ########
 90.126 - 100.842     9 ####################
100.843 - 111.559    18 ########################################

Histogram (of 34 CPU utilization measurements)

 Range (%CPU)   Count
 0.000 -  9.899     3 ##########
 9.900 - 19.800     5 ################
19.801 - 29.700     2 ######
29.701 - 39.601     1 ###
39.602 - 49.501     2 ######
49.502 - 59.402     0 
59.403 - 69.302     1 ###
69.303 - 79.202     3 ##########
79.203 - 89.103     5 ################
89.104 - 99.003    12 ########################################

Histogram (of 34 thermal zone TCPU readings)

 Range (°C)    Count
48.050 - 50.849     3 #######
50.850 - 53.649     0 
53.650 - 56.449     2 ####
56.450 - 59.249    17 ########################################
59.250 - 62.049     5 ###########
62.050 - 64.849     1 ##
64.850 - 67.649     2 ####
67.650 - 70.449     2 ####
70.450 - 73.249     0 
73.250 - 76.049     2 ####

Histogram (of 34 thermal zone x86_pkg_temp readings)

 Range (°C)    Count
48.000 - 50.799     3 #######
50.800 - 53.599     0 
53.600 - 56.399     2 ####
56.400 - 59.199    17 ########################################
59.200 - 61.999     5 ###########
62.000 - 64.799     1 ##
64.800 - 67.599     2 ####
67.600 - 70.399     2 ####
70.400 - 73.199     0 
73.200 - 75.999     2 ####

Range is zero, cannot produce histogram of thermal zone INT3400 Thermal

Range is zero, cannot produce histogram of thermal zone SEN3

Histogram (of 34 thermal zone TCPU_PCI readings)

 Range (°C)    Count
48.000 - 50.799     3 ######
50.800 - 53.599     0 
53.600 - 56.399     2 ####
56.400 - 59.199    18 ########################################
59.200 - 61.999     4 ########
62.000 - 64.799     1 ##
64.800 - 67.599     2 ####
67.600 - 70.399     2 ####
70.400 - 73.199     0 
73.200 - 75.999     2 ####

Histogram (of 34 thermal zone iwlwifi_1 readings)

 Range (°C)    Count
52.000 - 53.499     2 ########
53.500 - 54.999     2 ########
55.000 - 56.499     0 
56.500 - 57.999     4 ################
58.000 - 59.499    10 ########################################
59.500 - 60.999     9 ####################################
61.000 - 62.499     0 
62.500 - 63.999     3 ############
64.000 - 65.499     2 ########
65.500 - 66.999     2 ########

Histogram (of 34 thermal zone acpitz readings)

 Range (°C)    Count
39.050 - 39.149    19 ########################################
39.150 - 39.249     0 
39.250 - 39.349     0 
39.350 - 39.449     0 
39.450 - 39.549     0 
39.550 - 39.649     0 
39.650 - 39.749     0 
39.750 - 39.849     0 
39.850 - 39.949     0 
39.950 - 40.049    15 ###############################

Range is zero, cannot produce histogram of thermal zone SEN2
