Running for 86400.0 seconds (86400 samples at 1.0 second intervals).
Power measurements will start in 0 seconds time.

  Time    User  Nice   Sys  Idle    IO  Run Ctxt/s  IRQ/s Fork Exec Exit  Watts  uncore  pkg-0   core   psys   TCPU x86_pk INT340   SEN3 TCPU_P iwlwif acpitz   SEN2
21:21:24   0.0   0.0   0.0 100.0   0.0    1    274    355    0    0    0   9.66    0.00   2.25   0.22   7.19  58.05  58.00  20.00  44.05  58.00  78.00  47.05   0.00
21:21:25   0.0   0.0   0.0 100.0   0.0    1    286    155    0    0    0   9.29    0.00   1.88   0.10   7.31  58.05  58.00  20.00  44.05  58.00  64.00  47.05   0.00
21:21:26   0.1   0.0   0.2  99.7   0.1    2    390    192   14    6    8  10.71    0.00   2.45   0.20   8.06  57.05  57.00  20.00  45.05  57.00  64.00  47.05   0.00
21:21:27  17.6   0.0   1.0  81.4   0.0   10  43272   6064   43    4    4 108.82    0.00  30.88  24.51  53.43  74.05  74.00  20.00  45.05  74.00  60.00  47.05   0.00
21:21:28  11.1   0.0   0.9  88.0   0.0    2  26926   5544   84    5   42  73.42    0.00  19.75  13.46  40.20  62.05  62.00  20.00  45.05  62.00  60.00  47.05   0.00
21:21:29  25.1   0.0   1.1  73.8   0.0    5  52195  12395   14    0    9  98.79    0.00  27.97  21.55  49.26  64.05  64.00  20.00  45.05  64.00  67.00  47.05   0.00
21:21:30  13.3   0.0   0.6  86.1   0.0    2  31435   8428   55   72   51  78.23    0.00  21.25  14.49  42.49  63.05  63.00  20.00  45.05  63.00  67.00  47.05   0.00
21:21:31  16.9   0.0   0.3  82.8   0.0    5  29620   3984    1    2    4  79.95    0.00  21.71  15.37  42.87  66.05  66.00  20.00  45.05  66.00  67.00  47.05   0.00
21:21:32  59.9   0.0   1.8  38.3   0.0   19  60235  13308   34    0    0 119.38    0.00  34.43  27.57  57.39  66.05  66.00  20.00  45.05  66.00  67.00  47.05   0.00
21:21:33  76.0   0.0   1.4  22.7   0.0   21  38489  10731    0    0    1 106.47    0.00  30.53  23.72  52.22  63.05  63.00  20.00  45.05  63.00  67.00  47.05   0.00
21:21:34  74.7   0.0   0.8  24.5   0.0   19  24693   7725    0    0    2 104.94    0.00  30.05  23.25  51.65  66.05  66.00  20.00  45.05  66.00  68.00  47.05   0.00
21:21:35  74.3   0.0   0.9  24.8   0.0   20  21170   7498    0    0    0 103.24    0.00  29.54  22.71  50.99  65.05  65.00  20.00  45.05  65.00  65.00  47.05   0.00
21:21:36  48.5   0.0   0.4  51.1   0.0   19  15201   5389    1    0    1  94.94    0.00  26.75  20.06  48.13  71.05  71.00  20.00  45.05  71.00  65.00  47.05   0.00
21:21:37  39.0   0.0   0.3  60.6   0.0    5  14409   4327    0    0    0 101.94    0.00  28.91  22.23  50.81  70.05  70.00  20.00  45.05  70.00  67.00  47.05   0.00
21:21:38  16.5   0.0   0.3  83.3   0.0    5   6475   2060    0    0    4  71.71    0.00  19.27  12.79  39.65  70.05  70.00  20.00  45.05  71.00  67.00  47.05   0.00
21:21:39  21.8   0.0   0.6  77.5   0.0   30  17463   3519    9    0    0  89.18    0.00  24.71  17.98  46.49  72.05  72.00  20.00  45.05  72.00  69.00  47.05   0.00
21:21:40  61.5   0.0   0.7  37.8   0.0   28  15436   6546   25    0    0 107.66    0.00  30.90  24.35  52.40  68.05  68.00  20.00  45.05  67.00  69.00  47.05   0.00
21:21:41  89.4   0.0   0.3  10.3   0.0   19  10323  44134    0    0    0 100.70    0.00  28.73  22.11  49.86  62.05  62.00  20.00  45.05  62.00  72.00  47.05   0.00
21:21:42  96.3   0.0   0.4   3.3   0.0   29   5276   6902    0    0    2 113.40    0.00  32.63  25.85  54.91  65.05  65.00  20.00  45.05  65.00  72.00  47.05   0.00
21:21:43  77.2   0.0   0.4  22.4   0.0   28   8115   6365    0    0    0 100.49    0.00  28.84  22.34  49.30  65.05  65.00  20.00  45.05  65.00  72.00  47.05   0.00
21:21:44  83.6   0.0   0.7  15.7   0.0   26  30344   8860    2    0    0 105.84    0.00  30.41  23.82  51.61  65.05  65.00  20.00  45.05  65.00  66.00  47.05   0.00
21:21:45  94.5   0.0   0.7   4.8   0.0   31  12597   7192    0    0    0 103.88    0.00  29.72  23.02  51.14  64.05  64.00  20.00  45.05  64.00  66.00  47.05   0.00
21:21:46  85.6   0.0   0.6  13.8   0.0   28  20560   7749    0    0    0 103.85    0.00  29.84  23.12  50.88  64.05  64.00  20.00  45.05  64.00  66.00  47.05   0.00
21:21:47  96.9   0.0   0.5   2.5   0.0   29  10746   8204    0    0    0 104.33    0.00  29.91  23.13  51.29  65.05  65.00  20.00  45.05  65.00  66.00  47.05   0.00
21:21:48  96.7   0.0   0.6   2.8   0.0   28  10012   8110    0    0    0 104.06    0.00  29.80  23.00  51.27  65.05  66.00  20.00  45.05  66.00  66.00  47.05   0.00
21:21:49  96.1   0.0   0.6   3.3   0.0   28  10735   7617    0    0    0 104.65    0.00  29.80  22.82  52.02  65.05  65.00  20.00  45.05  65.00  66.00  47.05   0.00
21:21:50  95.7   0.0   0.7   3.6   0.0   28  11233   7656    0    0    0 104.38    0.00  29.88  23.04  51.46  65.05  65.00  20.00  45.05  65.00  66.00  47.05   0.00
21:21:51  94.9   0.0   1.2   3.9   0.0   25  11272   7436    0    0    0 104.60    0.00  29.97  23.05  51.58  65.05  65.00  20.00  46.05  64.00  66.00  47.05   0.00
21:21:52  95.9   0.0   0.6   3.4   0.0   28  10594   7439    0    0    0 104.53    0.00  29.88  23.05  51.60  65.05  65.00  20.00  46.05  65.00  66.00  47.05   0.00
21:21:53  95.7   0.0   0.5   3.8   0.0   28   9868   7057    0    0    0 105.69    0.00  30.30  23.35  52.05  66.05  66.00  20.00  46.05  66.00  66.00  47.05   0.00
21:21:54  84.8   0.0   0.9  14.3   0.0   26  25175  11105    0    0    0  99.77    0.00  28.46  21.65  49.65  65.05  65.00  20.00  46.05  65.00  66.00  47.05   0.00
21:21:55  95.4   0.0   1.0   3.6   0.0   31  11959   7908    0    0    0 105.07    0.00  30.08  23.18  51.82  66.05  66.00  20.00  46.05  66.00  65.00  47.05   0.00
21:21:56  96.1   0.0   0.7   3.2   0.0   28  14516   7516    0    0    0 104.60    0.00  29.86  22.90  51.83  65.05  66.00  20.00  46.05  66.00  65.00  47.05   0.00
21:21:57  95.8   0.0   0.5   3.7   0.0   28   8066   7213    0    0    0 104.29    0.00  29.74  22.75  51.79  65.05  65.00  20.00  46.05  65.00  66.00  47.05   0.00
21:21:58  27.2   0.0   0.2  72.5   0.0    5   9353   3312    0    0    0  98.35    0.00  27.70  21.35  49.30  79.05  79.00  20.00  46.05  79.00  66.00  48.05   0.00
21:21:59  18.5   0.0   0.5  81.0   0.0    5  17903   3142    0    0    0 108.61    0.00  30.87  24.50  53.23  79.05  79.00  20.00  46.05  79.00  80.00  48.05   0.00
-------- ----- ----- ----- ----- ----- ---- ------ ------ ---- ---- ---- ------  ------ ------ ------ ------ ------ ------ ------ ------ ------ ------ ------ ------
 Average  60.4   0.0   0.6  39.0   0.0 18.7 17961.6 7587.1  7.8  2.5  3.6  93.04    0.00  26.38  20.07  46.59  65.97  65.97  20.00  45.24  65.94  67.08  47.11   0.00
 GeoMean   0.0   0.0   0.0  19.3   0.0 12.8 11659.3 5270.8  0.0  0.0  0.0  82.43    0.00  22.89  14.35  42.68  65.81  65.81  20.00  45.24  65.78  66.98  47.11   0.00
  StdDev  35.8   0.0   0.4  35.9   0.0 11.0 13664.2 6877.7 18.2 11.8 10.7  27.02    0.00   7.99   6.79  12.33   4.66   4.66   0.00   0.52   4.68   3.80   0.23   0.00
-------- ----- ----- ----- ----- ----- ---- ------ ------ ---- ---- ---- ------  ------ ------ ------ ------ ------ ------ ------ ------ ------ ------ ------ ------
 Minimum   0.0   0.0   0.0   2.5   0.0  1.0  274.0  155.0  0.0  0.0  0.0   9.29    0.00   1.88   0.10   7.19  57.05  57.00  20.00  44.05  57.00  60.00  47.05   0.00
 Maximum  96.9   0.0   1.8 100.0   0.1 31.0 60235.0 44134.0 84.0 72.0 51.0 119.38    0.00  34.43  27.57  57.39  79.05  79.00  20.00  46.05  79.00  80.00  48.05   0.00
-------- ----- ----- ----- ----- ----- ---- ------ ------ ---- ---- ---- ------  ------ ------ ------ ------ ------ ------ ------ ------ ------ ------ ------ ------
Summary:
CPU:  93.04 Watts on average with standard deviation 27.02 
Note: power read from RAPL domains: uncore, pkg-0, core, psys.
These readings do not cover all the hardware in this device.

Histogram (of 36 power measurements)

  Range (Watts)   Count
  9.290 -  20.299     3 #####
 20.300 -  31.308     0 
 31.309 -  42.317     0 
 42.318 -  53.326     0 
 53.327 -  64.336     0 
 64.337 -  75.345     2 ###
 75.346 -  86.354     2 ###
 86.355 -  97.364     2 ###
 97.365 - 108.373    23 ########################################
108.374 - 119.382     4 ######

Histogram (of 36 CPU utilization measurements)

 Range (%CPU)   Count
 0.000 -  9.745     3 #########
 9.746 - 19.492     6 ##################
19.493 - 29.238     3 #########
29.239 - 38.984     0 
38.985 - 48.731     1 ###
48.732 - 58.477     1 ###
58.478 - 68.224     2 ######
68.225 - 77.970     4 ############
77.971 - 87.716     3 #########
87.717 - 97.463    13 ########################################

Histogram (of 36 thermal zone TCPU readings)

 Range (°C)    Count
57.050 - 59.249     3 #######
59.250 - 61.449     0 
61.450 - 63.649     4 ##########
63.650 - 65.849    16 ########################################
65.850 - 68.049     6 ###############
68.050 - 70.249     2 #####
70.250 - 72.449     2 #####
72.450 - 74.649     1 ##
74.650 - 76.849     0 
76.850 - 79.049     2 #####

Histogram (of 36 thermal zone x86_pkg_temp readings)

 Range (°C)    Count
57.000 - 59.199     3 ########
59.200 - 61.399     0 
61.400 - 63.599     4 ###########
63.600 - 65.799    14 ########################################
65.800 - 67.999     8 ######################
68.000 - 70.199     2 #####
70.200 - 72.399     2 #####
72.400 - 74.599     1 ##
74.600 - 76.799     0 
76.800 - 78.999     2 #####

Range is zero, cannot produce histogram of thermal zone INT3400 Thermal

Histogram (of 36 thermal zone SEN3 readings)

 Range (°C)    Count
44.050 - 44.249     2 ###
44.250 - 44.449     0 
44.450 - 44.649     0 
44.650 - 44.849     0 
44.850 - 45.049    25 ########################################
45.050 - 45.249     0 
45.250 - 45.449     0 
45.450 - 45.649     0 
45.650 - 45.849     0 
45.850 - 46.049     9 ##############

Histogram (of 36 thermal zone TCPU_PCI readings)

 Range (°C)    Count
57.000 - 59.199     3 ########
59.200 - 61.399     0 
61.400 - 63.599     4 ###########
63.600 - 65.799    14 ########################################
65.800 - 67.999     8 ######################
68.000 - 70.199     1 ##
70.200 - 72.399     3 ########
72.400 - 74.599     1 ##
74.600 - 76.799     0 
76.800 - 78.999     2 #####

Histogram (of 36 thermal zone iwlwifi_1 readings)

 Range (°C)    Count
60.000 - 61.999     2 ####
62.000 - 63.999     2 ####
64.000 - 65.999    17 ########################################
66.000 - 67.999     8 ##################
68.000 - 69.999     2 ####
70.000 - 71.999     3 #######
72.000 - 73.999     0 
74.000 - 75.999     0 
76.000 - 77.999     1 ##
78.000 - 79.999     1 ##

Histogram (of 36 thermal zone acpitz readings)

 Range (°C)    Count
47.050 - 47.149    34 ########################################
47.150 - 47.249     0 
47.250 - 47.349     0 
47.350 - 47.449     0 
47.450 - 47.549     0 
47.550 - 47.649     0 
47.650 - 47.749     0 
47.750 - 47.849     0 
47.850 - 47.949     0 
47.950 - 48.049     2 ##

Range is zero, cannot produce histogram of thermal zone SEN2
