Running for 86400.0 seconds (86400 samples at 1.0 second intervals).
Power measurements will start in 0 seconds time.

  Time    User  Nice   Sys  Idle    IO  Run Ctxt/s  IRQ/s Fork Exec Exit  Watts  uncore  pkg-0   core   psys   TCPU iwlwif INT340   SEN3 TCPU_P x86_pk acpitz   SEN2
12:57:17   0.0   0.0   0.0 100.0   0.0    1    175    252    0    0    0   3.80    0.00   1.10   0.20   2.50  59.05  20.00  47.05  59.00  59.00  63.00  49.05   0.00
12:57:18   0.0   0.0   0.1  99.9   0.0    1    159     93    0    0    0   1.88    0.00   0.53   0.08   1.27  58.05  20.00  47.05  58.00  58.00  63.00  49.05   0.00
12:57:19   0.0   0.0   0.2  99.8   0.0    2    366    179   14    6    8   3.23    0.00   0.93   0.20   2.10  56.05  20.00  47.05  57.00  57.00  63.00  49.05   0.00
12:57:20  15.7   0.0   1.1  83.2   0.0    7  59933   6826   37    0    0  86.47    0.00  24.98  19.31  42.19  73.05  20.00  47.05  73.00  73.00  63.00  49.05   0.00
12:57:21  16.1   0.0   0.9  82.9   0.1    5  50380   5851    9    4    3  83.73    0.00  23.77  17.62  42.34  71.05  20.00  47.05  71.00  71.00  61.00  49.05   0.00
12:57:22  17.4   0.0   0.8  81.9   0.0    5  43068   5578   24    0   25  83.02    0.00  23.78  17.93  41.31  69.05  20.00  47.05  69.00  69.00  73.00  49.05   0.00
12:57:23  13.0   0.0   1.3  85.7   0.0   19  37423   8138   95    5   40  72.85    0.00  20.58  14.60  37.67  73.05  20.00  46.05  73.00  73.00  73.00  49.05   0.00
12:57:24  23.8   0.0   1.4  74.9   0.0    5  86294  16447   14   13   16 106.48    0.00  30.82  24.65  51.01  72.05  20.00  46.05  72.00  72.00  67.00  49.05   0.00
12:57:25  12.7   0.0   0.9  86.4   0.0    6  39824   5534   58   77   60  81.16    0.00  22.47  15.68  43.01  78.05  20.00  46.05  78.00  78.00  67.00  48.05   0.00
12:57:26  30.2   0.0   1.6  68.2   0.0   26  55141   8212   31    0    0 117.91    0.00  34.21  27.75  55.95  70.05  20.00  46.05  70.00  70.00  71.00  48.05   0.00
12:57:27  75.1   0.0   1.3  23.6   0.0   21  53051  15444    0    0    0 102.95    0.00  30.37  23.95  48.63  66.05  20.00  46.05  66.00  66.00  71.00  48.05   0.00
12:57:28  74.9   0.0   0.8  24.3   0.0   20  19583   7233    0    0    1 101.89    0.00  30.09  23.50  48.30  70.05  20.00  46.05  70.00  70.00  71.00  48.05   0.00
12:57:29  69.1   0.0   1.2  29.7   0.0   20  44603   9358    0    0    2  99.27    0.00  29.21  22.68  47.38  65.05  20.00  47.05  65.00  65.00  68.00  48.05   0.00
12:57:30  78.7   0.0   0.5  20.8   0.0   20  11818   6565    0    0    0 103.89    0.00  30.67  23.98  49.24  68.05  20.00  47.05  68.00  68.00  68.00  48.05   0.00
12:57:31  55.8   0.0   0.8  43.3   0.0   17  40333   8288    0    0    0 101.88    0.00  29.71  23.12  49.04  68.05  20.00  47.05  68.00  68.00  68.00  48.05   0.00
12:57:32  42.0   0.0   0.7  57.2   0.0    5  21057   5518    1    0    1 100.29    0.00  29.21  22.74  48.34  71.05  20.00  47.05  71.00  71.00  68.00  48.05   0.00
12:57:33  40.3   0.0   0.4  59.3   0.0    5  17269   5256    0    0    1 101.51    0.00  29.73  23.65  48.13  75.05  20.00  47.05  76.00  76.00  70.00  48.05   0.00
12:57:34  54.3   0.0   0.7  45.1   0.0   29  20019   6512   10    0    0 106.04    0.00  31.32  25.03  49.69  68.05  20.00  47.05  68.00  68.00  70.00  48.05   0.00
12:57:35  72.5   0.0   0.9  26.5   0.0   28  16021  36497   24    0    0 100.55    0.00  29.71  23.49  47.35  68.05  20.00  47.05  68.00  68.00  74.00  48.05   0.00
12:57:36  97.8   0.0   0.5   1.7   0.0   28   7252   7939    0    0    0 101.47    0.00  29.82  23.40  48.25  66.05  20.00  47.05  66.00  66.00  74.00  49.05   0.00
12:57:37  71.7   0.0   0.5  27.8   0.0   27  32082   8095    0    0    0 104.42    0.00  30.70  24.36  49.37  68.05  20.00  47.05  68.00  68.00  68.00  49.05   0.00
12:57:38  94.9   0.0   0.9   4.1   0.0   26  13616   7330    0    0    3 102.61    0.00  30.27  23.79  48.55  67.05  20.00  47.05  68.00  68.00  68.00  49.05   0.00
12:57:39  84.0   0.0   0.6  15.4   0.0   27  14275   7547    0    0    0 100.87    0.00  29.79  23.31  47.77  67.05  20.00  47.05  67.00  67.00  69.00  49.05   0.00
12:57:40  96.1   0.0   1.0   2.9   0.0   28  14955   8580    0    0    0 100.98    0.00  29.73  23.22  48.04  68.05  20.00  47.05  68.00  68.00  69.00  49.05   0.00
12:57:41  95.9   0.0   1.1   3.0   0.0   23  13719   8192    0    0    0 100.75    0.00  29.68  23.09  47.98  67.05  20.00  47.05  67.00  67.00  69.00  49.05   0.00
12:57:42  93.8   0.0   1.3   4.8   0.0   24  24966   8918    0    0    0 100.86    0.00  29.52  22.81  48.53  67.05  20.00  47.05  67.00  67.00  68.00  49.05   0.00
12:57:43  95.6   0.0   1.3   3.1   0.0   26  13326   8157    0    0    1 101.14    0.00  29.80  23.17  48.18  67.05  20.00  47.05  67.00  67.00  68.00  49.05   0.00
12:57:44  91.3   0.0   0.6   8.1   0.0   25  11334   7618    0    0    0  99.80    0.00  29.34  22.82  47.64  68.05  20.00  47.05  68.00  68.00  68.00  49.05   0.00
12:57:45  95.3   0.0   0.8   3.9   0.0   28  11814   7639    0    0    0 103.43    0.00  30.49  23.85  49.10  68.05  20.00  47.05  68.00  68.00  68.00  49.05   0.00
12:57:46  80.3   0.0   1.3  18.4   0.0   29  17002  35207    0    0    0 100.03    0.00  29.49  22.93  47.60  69.05  20.00  47.05  69.00  69.00  68.00  49.05   0.00
12:57:47  93.6   0.0   1.2   5.2   0.0   28  40870   9919    0    0    0 100.36    0.00  29.35  22.60  48.41  68.05  20.00  47.05  68.00  68.00  69.00  49.05   0.00
12:57:48  96.0   0.0   0.3   3.7   0.0   28   9456   7487    0    0    1 101.41    0.00  29.82  23.20  48.39  67.05  20.00  47.05  67.00  67.00  69.00  49.05   0.00
12:57:49  95.5   0.0   0.5   4.0   0.0   26  10673   7381    0    0    0 103.19    0.00  30.14  23.43  49.62  68.05  20.00  47.05  68.00  68.00  68.00  49.05   0.00
12:57:50  79.4   0.0   1.1  19.6   0.0    2  14935  11442    0    0    0  96.24    0.00  27.76  21.16  47.32  65.05  20.00  47.05  65.00  65.00  68.00  49.05   0.00
12:57:51  95.4   0.0   0.9   3.7   0.0   33  10873   7959    0    0    1 113.14    0.00  32.79  25.70  54.65  68.05  20.00  47.05  68.00  68.00  68.00  49.05   0.00
12:57:52  97.0   0.0   0.6   2.4   0.0   26   6779   7533    0    0    0 109.41    0.00  31.68  24.66  53.07  68.05  20.00  47.05  68.00  68.00  69.00  49.05   0.00
12:57:53  95.2   0.0   1.1   3.7   0.0   27   6823   7574    0    0    1 106.34    0.00  31.25  24.47  50.62  71.05  20.00  47.05  71.00  71.00  69.00  49.05   0.00
12:57:54  95.1   0.0   0.8   4.1   0.0   27   8806   7237    0    0    1 106.04    0.00  31.21  24.39  50.44  69.05  20.00  47.05  69.00  69.00  69.00  49.05   0.00
12:57:55  91.0   0.0   1.3   7.7   0.0   27  40882   9840    0    0    0 103.61    0.00  30.44  23.67  49.50  71.05  20.00  47.05  71.00  71.00  70.00  49.05   0.00
12:57:56  92.8   0.0   1.5   5.7   0.0   26  55167  11057    0    0    0 105.30    0.00  30.97  24.20  50.12  71.05  20.00  47.05  71.00  71.00  70.00  49.05   0.00
12:57:57  93.2   0.0   1.0   5.8   0.0   28  13352   7549    0    0    0 104.71    0.00  30.80  24.02  49.90  71.05  20.00  47.05  71.00  71.00  69.00  49.05   0.00
12:57:58  70.5   0.0   0.6  28.9   0.0    5   7669   6126    0    0    0  93.22    0.00  27.20  20.64  45.38  85.05  20.00  47.05  85.00  85.00  69.00  49.05   0.00
12:57:59  16.4   0.0   0.2  83.5   0.0    2   7108   7522    0    0    0  88.88    0.00  25.65  19.86  43.38  71.05  20.00  47.05  71.00  71.00  70.00  49.05   0.00
12:58:00  11.2   0.0   0.2  88.6   0.0    5   4523   1899    2    0    2  53.55    0.00  15.07   9.43  29.04  75.05  20.00  47.05  75.00  75.00  70.00  49.05   0.00
12:58:01  16.0   0.0   0.2  83.8   0.0    3   6696   1972    0    0    0  63.33    0.00  17.46  11.58  34.30  72.05  20.00  47.05  72.00  72.00  70.00  49.05   0.00
12:58:02   6.1   0.0   0.1  93.8   0.0    2   1341    829    0    0    0  38.99    0.00  11.45   6.20  21.34  63.05  20.00  47.05  63.00  63.00  72.00  49.05   0.00
12:58:03   4.2   0.0   0.0  95.8   0.0    2    429    642    0    0    0  34.65    0.00  10.25   5.09  19.31  63.05  20.00  47.05  63.00  63.00  70.00  49.05   0.00
12:58:04  28.3   0.0   0.5  71.3   0.0    2   5794  28492    0    0    3  72.33    0.00  21.39  15.55  35.38  71.05  20.00  47.05  71.00  71.00  70.00  49.05   0.00
12:58:05   4.2   0.0   0.0  95.8   0.0    2    375    657    0    0    1  34.74    0.00  10.26   5.09  19.38  61.05  20.00  47.05  63.00  63.00  63.00  49.05   0.00
12:58:06   7.7   0.0   0.1  92.2   0.1    3    639   1235    2    0    3  43.56    0.00  12.60   7.03  23.93  62.05  20.00  47.05  62.00  62.00  63.00  49.05   0.00
12:58:07   8.8   0.0   0.1  91.2   0.0    2   1788   1202    2    0    1  42.16    0.00  12.05   6.51  23.60  61.05  20.00  47.05  61.00  61.00  64.00  49.05   0.00
12:58:08   4.6   0.0   0.0  95.4   0.0    2    527    637    0    0    1  34.74    0.00  10.38   5.18  19.18  61.05  20.00  47.05  63.00  63.00  64.00  49.05   0.00
12:58:09   4.4   0.0   0.0  95.6   0.0    2    534    686    0    0    1  34.52    0.00  10.32   5.15  19.05  61.05  20.00  47.05  61.00  61.00  62.00  49.05   0.00
12:58:10   4.3   0.0   0.0  95.6   0.0    2    405    630    0    0    0  35.35    0.00  10.43   5.07  19.84  60.05  20.00  47.05  60.00  60.00  62.00  49.05   0.00
12:58:11   4.3   0.0   0.0  95.7   0.0    2    418    667    0    0    1  33.87    0.00  10.12   4.95  18.80  61.05  20.00  47.05  61.00  61.00  62.00  49.05   0.00
12:58:12   8.9   0.0   0.7  90.5   0.0    2   2318   1656    8    4    0  46.68    0.00  13.45   7.90  25.32  61.05  20.00  47.05  62.00  62.00  62.00  49.05   0.00
-------- ----- ----- ----- ----- ----- ---- ------ ------ ---- ---- ---- ------  ------ ------ ------ ------ ------ ------ ------ ------ ------ ------ ------ ------
 Average  52.0   0.0   0.7  47.3   0.0 15.2 18750.7 7550.6  5.9  1.9  3.2  81.71    0.00  23.86  17.92  39.92  67.64  20.00  46.94  67.73  67.73  67.86  48.85   0.00
 GeoMean   0.0   0.0   0.0  24.8   0.0  9.0 7995.9 4400.8  0.0  0.0  0.0  67.49    0.00  19.68  13.06  34.03  67.45  20.00  46.94  67.55  67.55  67.78  48.85   0.00
  StdDev  38.1   0.0   0.5  38.4   0.0 11.5 19301.1 7229.6 16.1 10.3 10.0  31.45    0.00   9.24   8.15  14.16   5.08   0.00   0.31   4.96   4.96   3.24   0.40   0.00
-------- ----- ----- ----- ----- ----- ---- ------ ------ ---- ---- ---- ------  ------ ------ ------ ------ ------ ------ ------ ------ ------ ------ ------ ------
 Minimum   0.0   0.0   0.0   1.7   0.0  1.0  159.0   93.0  0.0  0.0  0.0   1.88    0.00   0.53   0.08   1.27  56.05  20.00  46.05  57.00  57.00  61.00  48.05   0.00
 Maximum  97.8   0.0   1.6 100.0   0.1 33.0 86294.0 36497.0 95.0 77.0 60.0 117.91    0.00  34.21  27.75  55.95  85.05  20.00  47.05  85.00  85.00  74.00  49.05   0.00
-------- ----- ----- ----- ----- ----- ---- ------ ------ ---- ---- ---- ------  ------ ------ ------ ------ ------ ------ ------ ------ ------ ------ ------ ------
Summary:
CPU:  81.71 Watts on average with standard deviation 31.45 
Note: power read from RAPL domains: uncore, pkg-0, core, psys.
These readings do not cover all the hardware in this device.

Histogram (of 56 power measurements)

  Range (Watts)   Count
  1.883 -  13.485     3 ####
 13.486 -  25.088     0 
 25.089 -  36.691     6 ########
 36.692 -  48.294     4 #####
 48.295 -  59.897     1 #
 59.898 -  71.499     1 #
 71.500 -  83.102     4 #####
 83.103 -  94.705     4 #####
 94.706 - 106.308    28 ########################################
106.309 - 117.911     5 #######

Histogram (of 56 CPU utilization measurements)

 Range (%CPU)   Count
 0.000 -  9.828    13 ############################
 9.829 - 19.656     8 #################
19.657 - 29.485     2 ####
29.486 - 39.313     1 ##
39.314 - 49.142     2 ####
49.143 - 58.971     2 ####
58.972 - 68.799     0 
68.800 - 78.628     6 #############
78.629 - 88.456     4 ########
88.457 - 98.285    18 ########################################

Histogram (of 56 thermal zone TCPU readings)

 Range (°C)    Count
56.050 - 58.949     2 ####
58.950 - 61.849     8 ##################
61.850 - 64.749     3 #######
64.750 - 67.649    10 #######################
67.650 - 70.549    17 ########################################
70.550 - 73.449    12 ############################
73.450 - 76.349     2 ####
76.350 - 79.249     1 ##
79.250 - 82.149     0 
82.150 - 85.049     1 ##

Range is zero, cannot produce histogram of thermal zone iwlwifi_1

Histogram (of 56 thermal zone INT3400 Thermal readings)

 Range (°C)    Count
46.050 - 46.149     6 ####
46.150 - 46.249     0 
46.250 - 46.349     0 
46.350 - 46.449     0 
46.450 - 46.549     0 
46.550 - 46.649     0 
46.650 - 46.749     0 
46.750 - 46.849     0 
46.850 - 46.949     0 
46.950 - 47.049    50 ########################################

Histogram (of 56 thermal zone SEN3 readings)

 Range (°C)    Count
57.000 - 59.799     3 ######
59.800 - 62.599     6 ############
62.600 - 65.399     6 ############
65.400 - 68.199    20 ########################################
68.200 - 70.999    13 ##########################
71.000 - 73.799     4 ########
73.800 - 76.599     2 ####
76.600 - 79.399     1 ##
79.400 - 82.199     0 
82.200 - 84.999     1 ##

Histogram (of 56 thermal zone TCPU_PCI readings)

 Range (°C)    Count
57.000 - 59.799     3 ######
59.800 - 62.599     6 ############
62.600 - 65.399     6 ############
65.400 - 68.199    20 ########################################
68.200 - 70.999    13 ##########################
71.000 - 73.799     4 ########
73.800 - 76.599     2 ####
76.600 - 79.399     1 ##
79.400 - 82.199     0 
82.200 - 84.999     1 ##

Histogram (of 56 thermal zone x86_pkg_temp readings)

 Range (°C)    Count
61.000 - 62.299     5 ##########
62.300 - 63.599     6 ############
63.600 - 64.899     2 ####
64.900 - 66.199     0 
66.200 - 67.499     2 ####
67.500 - 68.799    14 #############################
68.800 - 70.099    19 ########################################
70.100 - 71.399     3 ######
71.400 - 72.699     1 ##
72.700 - 73.999     4 ########

Histogram (of 56 thermal zone acpitz readings)

 Range (°C)    Count
48.050 - 48.149    11 #########
48.150 - 48.249     0 
48.250 - 48.349     0 
48.350 - 48.449     0 
48.450 - 48.549     0 
48.550 - 48.649     0 
48.650 - 48.749     0 
48.750 - 48.849     0 
48.850 - 48.949     0 
48.950 - 49.049    45 ########################################

Range is zero, cannot produce histogram of thermal zone SEN2
