Running for 86400.0 seconds (86400 samples at 1.0 second intervals).
Power measurements will start in 0 seconds time.

  Time    User  Nice   Sys  Idle    IO  Run Ctxt/s  IRQ/s Fork Exec Exit  Watts  uncore  pkg-0   core   psys   TCPU x86_pk INT340   SEN3 TCPU_P iwlwif acpitz   SEN2
21:53:11   0.0   0.0   0.0 100.0   0.0    1    246    396    0    0    0   4.48    0.00   1.16   0.16   3.15  51.05  53.00  20.00  41.05  52.00  58.00  42.05   0.00
21:53:12   0.0   0.0   0.0 100.0   0.0    1    174     92    0    0    0   2.23    0.00   0.64   0.08   1.51  51.05  51.00  20.00  41.05  51.00  58.00  42.05   0.00
21:53:13   0.1   0.0   0.2  99.7   0.0    2    561    184    9    6    8   5.74    0.00   1.55   0.17   4.02  50.05  50.00  20.00  41.05  50.00  55.00  42.05   0.00
21:53:14  13.0   0.0   1.0  86.0   0.0    5  52276   6080   41    0    0  82.11    0.00  23.48  17.99  40.64  75.05  75.00  20.00  41.05  75.00  55.00  42.05   0.00
21:53:15  19.7   0.0   1.0  79.4   0.0    6  64231   6920    9    4    4 109.04    0.00  32.13  26.45  50.45  69.05  69.00  20.00  41.05  69.00  61.00  42.05   0.00
21:53:16  12.3   0.0   1.2  86.3   0.1    7  29622   5620   88    5   64  76.90    0.00  21.66  15.51  39.73  57.05  57.00  20.00  41.05  57.00  61.00  42.05   0.00
21:53:17  23.1   0.0   1.8  75.2   0.0    2  72680  14940   36    0    9  91.65    0.00  26.80  21.19  43.66  58.05  58.00  20.00  41.05  58.00  62.00  42.05   0.00
21:53:18  12.8   0.0   0.9  86.3   0.0    5  65185  11150   44   58   43  71.83    0.00  20.30  14.21  37.32  58.05  58.00  20.00  41.05  58.00  62.00  42.05   0.00
21:53:19  15.4   0.0   1.0  83.6   0.0    5  54955   6135   24   32   24  88.20    0.00  25.28  19.16  43.76  71.05  71.00  20.00  41.05  74.00  60.00  42.05   0.00
21:53:20  52.2   0.0   1.3  46.5   0.0   27  64544  10108   30    0    0 118.11    0.00  35.06  28.96  54.10  60.05  60.00  20.00  41.05  60.00  60.00  42.05   0.00
21:53:21  71.7   0.0   1.3  26.9   0.0   18  36647  13435    0    0    3 100.57    0.00  29.51  23.22  47.84  62.05  62.00  20.00  41.05  62.00  60.00  41.05   0.00
21:53:22  69.0   0.0   0.8  30.2   0.0   20  20451   7052    0    0    1 102.92    0.00  30.25  23.92  48.75  60.05  60.00  20.00  41.05  60.00  66.00  41.05   0.00
21:53:23  74.8   0.0   0.7  24.5   0.0   18  16218   7129    0    0    0 103.39    0.00  29.98  23.51  49.90  61.05  61.00  20.00  41.05  61.00  63.00  41.05   0.00
21:53:24  63.4   0.0   0.7  35.9   0.0    5  16488   6549    1    0    0 100.44    0.00  28.99  22.64  48.82  68.05  68.00  20.00  41.05  68.00  63.00  41.05   0.00
21:53:25  37.5   0.0   0.2  62.3   0.0    5  17709   4669    0    0    1 104.78    0.00  30.10  23.97  50.71  72.05  72.00  20.00  41.05  72.00  60.00  41.05   0.00
21:53:26  34.1   0.0   0.3  65.6   0.0   28  23408   5251    9    0    2 108.13    0.00  31.73  25.67  50.73  61.05  61.00  20.00  41.05  61.00  60.00  42.05   0.00
21:53:27  84.9   0.0   0.8  14.3   0.0   29  18771   9244   24    0    1 101.97    0.00  30.12  24.12  47.73  59.05  59.00  20.00  41.05  59.00  67.00  42.05   0.00
21:53:28  88.6   0.0   0.5  10.9   0.0   28   7629   7094    0    0    0  99.75    0.00  29.49  23.56  46.70  61.05  61.00  20.00  41.05  62.00  67.00  42.05   0.00
21:53:29  58.2   0.0   1.0  40.8   0.0    5  31860  44377    0    0    0  98.05    0.00  28.80  22.64  46.61  73.05  73.00  20.00  41.05  73.00  61.00  42.05   0.00
21:53:30  79.6   0.0   0.7  19.8   0.0   27  31560   7994    0    0    0 106.43    0.00  31.46  25.30  49.66  60.05  60.00  20.00  41.05  60.00  61.00  42.05   0.00
21:53:31  96.3   0.0   0.5   3.2   0.0   19  11547   8514    0    0    1 100.08    0.00  29.42  23.05  47.61  60.05  60.00  20.00  41.05  60.00  61.00  42.05   0.00
21:53:32  88.7   0.0   0.6  10.8   0.0   29  14925   8485    0    0    0 101.16    0.00  29.93  23.75  47.47  60.05  60.00  20.00  41.05  60.00  62.00  42.05   0.00
21:53:33  96.4   0.0   0.8   2.8   0.0   30  12765   8794    0    0    0 100.15    0.00  29.56  23.30  47.30  60.05  60.00  20.00  41.05  60.00  61.00  42.05   0.00
21:53:34  96.9   0.0   0.6   2.5   0.0   29  12092   8439    0    0    0 100.25    0.00  29.57  23.30  47.38  60.05  60.00  20.00  41.05  60.00  61.00  42.05   0.00
21:53:35  95.5   0.0   0.7   3.8   0.0   27  15364   8414    0    0    0  99.89    0.00  29.43  23.12  47.34  61.05  61.00  20.00  41.05  61.00  61.00  42.05   0.00
21:53:36  95.7   0.0   0.6   3.7   0.0   18  11143   7567    0    0    0 100.19    0.00  29.52  23.21  47.46  59.05  59.00  20.00  41.05  59.00  60.00  42.05   0.00
21:53:37  95.4   0.0   0.7   3.9   0.0   28  12087   7511    0    0    0  99.90    0.00  29.43  23.13  47.34  60.05  60.00  20.00  41.05  60.00  60.00  42.05   0.00
21:53:38  73.8   0.0   0.6  25.5   0.0    5  11604   6884    0    0    0  94.31    0.00  27.65  21.49  45.16  72.05  72.00  20.00  41.05  72.00  61.00  42.05   0.00
21:53:39  17.4   0.0   0.4  82.3   0.0    5  10075   2602    0    0    0  97.93    0.00  28.50  22.74  46.69  77.05  77.00  20.00  41.05  79.00  61.00  42.05   0.00
21:53:40  16.5   0.0   0.3  83.1   0.0    4  13404  19842    1    0    2  77.65    0.00  22.59  16.87  38.19  58.05  58.00  20.00  41.05  58.00  67.00  42.05   0.00
21:53:41  11.1   0.0   0.4  88.4   0.0    5   9460   2437    3    0    2  67.58    0.00  19.40  13.86  34.32  70.05  70.00  20.00  41.05  70.00  67.00  42.05   0.00
-------- ----- ----- ----- ----- ----- ---- ------ ------ ---- ---- ---- ------  ------ ------ ------ ------ ------ ------ ------ ------ ------ ------ ------ ------
 Average  51.4   0.0   0.7  47.9   0.0 14.3 24505.8 8513.2 10.3  3.4  5.3  87.61    0.00  25.60  20.01  42.00  62.44  62.45  20.00  41.05  62.61  61.35  41.89   0.00
 GeoMean   0.0   0.0   0.0  28.4   0.0  9.3 14065.8 5504.6  0.0  0.0  0.0  70.20    0.00  20.35  13.31  34.90  62.07  62.10  20.00  41.05  62.22  61.28  41.89   0.00
  StdDev  35.3   0.0   0.4  35.3   0.0 10.9 20551.5 7685.1 19.4 11.5 13.7  29.41    0.00   8.72   7.31  13.48   6.85   6.75   0.00   0.00   7.07   2.97   0.37   0.00
-------- ----- ----- ----- ----- ----- ---- ------ ------ ---- ---- ---- ------  ------ ------ ------ ------ ------ ------ ------ ------ ------ ------ ------ ------
 Minimum   0.0   0.0   0.0   2.5   0.0  1.0  174.0   92.0  0.0  0.0  0.0   2.23    0.00   0.64   0.08   1.51  50.05  50.00  20.00  41.05  50.00  55.00  41.05   0.00
 Maximum  96.9   0.0   1.8 100.0   0.1 30.0 72680.0 44377.0 88.0 58.0 64.0 118.11    0.00  35.06  28.96  54.10  77.05  77.00  20.00  41.05  79.00  67.00  42.05   0.00
-------- ----- ----- ----- ----- ----- ---- ------ ------ ---- ---- ---- ------  ------ ------ ------ ------ ------ ------ ------ ------ ------ ------ ------ ------
Summary:
CPU:  87.61 Watts on average with standard deviation 29.41 
Note: power read from RAPL domains: uncore, pkg-0, core, psys.
These readings do not cover all the hardware in this device.

Histogram (of 31 power measurements)

  Range (Watts)   Count
  2.230 -  13.817     3 #######
 13.818 -  25.406     0 
 25.407 -  36.994     0 
 36.995 -  48.583     0 
 48.584 -  60.171     0 
 60.172 -  71.760     1 ##
 71.761 -  83.348     4 #########
 83.349 -  94.937     3 #######
 94.938 - 106.525    17 ########################################
106.526 - 118.113     3 #######

Histogram (of 31 CPU utilization measurements)

 Range (%CPU)   Count
 0.000 -  9.752     3 ###############
 9.753 - 19.506     7 ###################################
19.507 - 29.259     2 ##########
29.260 - 39.012     2 ##########
39.013 - 48.765     0 
48.766 - 58.519     1 #####
58.520 - 68.272     2 ##########
68.273 - 78.025     4 ####################
78.026 - 87.778     2 ##########
87.779 - 97.532     8 ########################################

Histogram (of 31 thermal zone TCPU readings)

 Range (°C)    Count
50.050 - 52.749     3 ############
52.750 - 55.449     0 
55.450 - 58.149     4 ################
58.150 - 60.849    10 ########################################
60.850 - 63.549     5 ####################
63.550 - 66.249     0 
66.250 - 68.949     1 ####
68.950 - 71.649     3 ############
71.650 - 74.349     3 ############
74.350 - 77.049     2 ########

Histogram (of 31 thermal zone x86_pkg_temp readings)

 Range (°C)    Count
50.000 - 52.699     2 ########
52.700 - 55.399     1 ####
55.400 - 58.099     4 ################
58.100 - 60.799    10 ########################################
60.800 - 63.499     5 ####################
63.500 - 66.199     0 
66.200 - 68.899     1 ####
68.900 - 71.599     3 ############
71.600 - 74.299     3 ############
74.300 - 76.999     2 ########

Range is zero, cannot produce histogram of thermal zone INT3400 Thermal

Range is zero, cannot produce histogram of thermal zone SEN3

Histogram (of 31 thermal zone TCPU_PCI readings)

 Range (°C)    Count
50.000 - 52.899     3 #########
52.900 - 55.799     0 
55.800 - 58.699     4 ############
58.700 - 61.599    13 ########################################
61.600 - 64.499     2 ######
64.500 - 67.399     0 
67.400 - 70.299     3 #########
70.300 - 73.199     3 #########
73.200 - 76.099     2 ######
76.100 - 78.999     1 ###

Histogram (of 31 thermal zone iwlwifi_1 readings)

 Range (°C)    Count
55.000 - 56.199     2 ####
56.200 - 57.399     0 
57.400 - 58.599     2 ####
58.600 - 59.799     0 
59.800 - 60.999    17 ########################################
61.000 - 62.199     3 #######
62.200 - 63.399     2 ####
63.400 - 64.599     0 
64.600 - 65.799     0 
65.800 - 66.999     5 ###########

Histogram (of 31 thermal zone acpitz readings)

 Range (°C)    Count
41.050 - 41.149     5 #######
41.150 - 41.249     0 
41.250 - 41.349     0 
41.350 - 41.449     0 
41.450 - 41.549     0 
41.550 - 41.649     0 
41.650 - 41.749     0 
41.750 - 41.849     0 
41.850 - 41.949     0 
41.950 - 42.049    26 ########################################

Range is zero, cannot produce histogram of thermal zone SEN2
