Running for 86400.0 seconds (86400 samples at 1.0 second intervals).
Power measurements will start in 0 seconds time.

  Time    User  Nice   Sys  Idle    IO  Run Ctxt/s  IRQ/s Fork Exec Exit  Watts  uncore  pkg-0   core   psys   TCPU x86_pk INT340   SEN3 TCPU_P iwlwif acpitz   SEN2
16:17:35   0.0   0.0   0.1  99.9   0.0    2    428    421    0    0    0  10.83    0.00   2.66   0.25   7.91  59.05  59.00  20.00  48.05  59.00  68.00  49.05   0.00
16:17:36   0.0   0.0   0.1  99.9   0.0    1    422    211    0    0    0   8.15    0.00   2.00   0.16   5.98  60.05  60.00  20.00  48.05  60.00  68.00  49.05   0.00
16:17:37   0.1   0.0   0.1  99.8   0.0    3    459    252   10    6    8   8.43    0.00   2.07   0.21   6.14  58.05  58.00  20.00  48.05  59.00  68.00  49.05   0.00
16:17:38  13.4   0.0   1.0  85.6   0.0    6  36914   5306   38    0    0  74.39    0.00  20.60  14.64  39.16  77.05  77.00  20.00  48.05  77.00  62.00  49.05   0.00
16:17:39  15.8   0.0   0.7  83.4   0.0    2  34646   4379    4    0    0  82.47    0.00  23.30  17.17  42.00  73.05  73.00  20.00  48.05  73.00  66.00  49.05   0.00
16:17:40  18.3   0.0   0.4  81.3   0.0    3  25992   4611   29    4   28  82.01    0.00  22.84  16.42  42.75  74.05  74.00  20.00  48.05  74.00  66.00  49.05   0.00
16:17:41  20.0   0.0   2.0  78.0   0.0    5  73537  15232   97    5   45 102.18    0.00  29.18  22.78  50.21  69.05  69.00  20.00  48.05  69.00  77.00  49.05   0.00
16:17:42  17.0   0.0   0.8  82.2   0.0    5  61265  10617    6    2    9  81.46    0.00  23.04  17.00  41.42  76.05  76.00  20.00  48.05  76.00  77.00  49.05   0.00
16:17:43  12.2   0.0   0.9  86.9   0.0    5  31823   4809   54   72   54  77.83    0.00  21.42  14.72  41.70  76.05  76.00  20.00  48.05  76.00  70.00  49.05   0.00
16:17:44  37.4   0.0   1.0  61.6   0.0   21  52866   8533   32    0    0 118.97    0.00  34.85  28.41  55.70  68.05  68.00  20.00  48.05  68.00  70.00  49.05   0.00
16:17:45  72.5   0.0   1.0  26.4   0.0   14  37217  13900    0    0    0 101.89    0.00  29.57  22.85  49.47  67.05  67.00  20.00  48.05  67.00  77.00  49.05   0.00
16:17:46  71.6   0.0   0.9  27.5   0.0   20  16423   7251    0    0    1 106.71    0.00  30.72  23.88  52.11  66.05  66.00  20.00  48.05  66.00  77.00  49.05   0.00
16:17:47  73.5   0.0   0.6  25.9   0.0   17  18427   7441    0    0    1 102.68    0.00  29.37  22.54  50.77  66.05  66.00  20.00  48.05  66.00  77.00  49.05   0.00
16:17:48  72.7   0.0   0.8  26.5   0.0   20  17877   7392    0    0    0 106.07    0.00  30.28  23.18  52.61  68.05  68.00  20.00  48.05  68.00  68.00  49.05   0.00
16:17:49  45.4   0.0   0.5  54.1   0.0   20  18102   5522    1    0    1 103.05    0.00  29.62  23.15  50.29  72.05  72.00  20.00  48.05  69.00  67.00  49.05   0.00
16:17:50  59.6   0.0   0.7  39.8   0.0   25  23537   7308   10    0    0 107.37    0.00  31.25  24.79  51.33  67.05  67.00  20.00  48.05  67.00  67.00  49.05   0.00
16:17:51  75.9   0.0   0.6  23.6   0.0   28  17309   8089   24    0    1 102.19    0.00  29.91  23.56  48.72  67.05  67.00  20.00  48.05  67.00  70.00  49.05   0.00
16:17:52  98.9   0.0   0.2   0.9   0.0   28   5510   7542    0    0    1 104.32    0.00  30.56  24.05  49.72  66.05  66.00  20.00  48.05  67.00  70.00  49.05   0.00
16:17:53  97.3   0.0   0.5   2.2   0.0   28   5597   7249    0    0    1 105.78    0.00  31.05  24.56  50.17  68.05  68.00  20.00  48.05  68.00  67.00  49.05   0.00
16:17:54  67.0   0.0   0.5  32.4   0.0   28  16701  36496    0    0    0  96.32    0.00  28.38  21.99  45.96  66.05  66.00  20.00  48.05  66.00  67.00  49.05   0.00
16:17:55  87.2   0.0   1.0  11.8   0.0   24  33883   9394    1    0    0 103.23    0.00  30.29  23.77  49.16  66.05  66.00  20.00  47.05  66.00  67.00  49.05   0.00
16:17:56  95.8   0.0   0.8   3.3   0.0   25  10624   7294    0    0    2 101.94    0.00  29.83  23.15  48.95  66.05  66.00  20.00  47.05  66.00  67.00  49.05   0.00
16:17:57  87.2   0.0   0.8  12.0   0.0   28  27794   9138    0    0    0 101.95    0.00  29.78  22.95  49.22  66.05  66.00  20.00  47.05  66.00  67.00  49.05   0.00
16:17:58  96.9   0.0   0.5   2.6   0.0   30   9960   8121    0    0    0 102.86    0.00  30.13  23.39  49.34  67.05  67.00  20.00  47.05  67.00  67.00  49.05   0.00
16:17:59  96.7   0.0   0.9   2.5   0.0   36  12815   8286    0    0    0 101.47    0.00  29.56  22.68  49.23  66.05  66.00  20.00  47.05  66.00  68.00  49.05   0.00
16:18:00  96.8   0.0   0.8   2.4   0.0   29   9663   7569    0    0    0 102.12    0.00  29.86  23.08  49.17  67.05  67.00  20.00  47.05  67.00  68.00  49.05   0.00
16:18:01  95.6   0.0   0.8   3.5   0.0   28  10615   7609    0    0    0 102.31    0.00  29.91  23.12  49.28  67.05  67.00  20.00  47.05  67.00  67.00  49.05   0.00
16:18:02  95.2   0.0   1.0   3.8   0.0   27  10894   7450    0    0    0 102.11    0.00  29.85  23.06  49.19  67.05  67.00  20.00  47.05  67.00  67.00  49.05   0.00
16:18:03  95.0   0.0   1.1   3.9   0.0   28  11443   7452    0    0    0 103.79    0.00  30.35  23.50  49.93  67.05  67.00  20.00  47.05  67.00  68.00  49.05   0.00
16:18:04  94.1   0.0   0.9   4.9   0.0   28  11589   7666    0    0    1 103.27    0.00  30.05  23.10  50.12  67.05  67.00  20.00  47.05  67.00  68.00  49.05   0.00
16:18:05  94.5   0.0   1.0   4.5   0.0   28  10156   7538    0    0    1 103.26    0.00  30.22  23.37  49.67  67.05  67.00  20.00  47.05  67.00  68.00  49.05   0.00
16:18:06  95.9   0.0   0.8   3.2   0.0   26   7697   7314    0    0    0  99.06    0.00  28.87  22.15  48.03  68.05  68.00  20.00  47.05  68.00  68.00  49.05   0.00
16:18:07  96.3   0.0   0.5   3.2   0.0   28   8193   7399    0    0    0 100.09    0.00  29.24  22.48  48.38  67.05  67.00  20.00  47.05  67.00  68.00  49.05   0.00
16:18:08  58.9   0.0   0.4  40.6   0.0    5  10992  31105    0    0    0  97.06    0.00  28.26  21.74  47.06  84.05  84.00  20.00  47.05  84.00  68.00  49.05   0.00
16:18:09  17.2   0.0   0.2  82.6   0.0    4   6716   4158    0    0    0 102.83    0.00  29.80  23.78  49.25  76.05  76.00  20.00  47.05  76.00  80.00  49.05   0.00
16:18:10  14.7   0.0   0.1  85.2   0.0    3   9597   4718    0    0    0  93.14    0.00  26.73  20.81  45.60  78.05  78.00  20.00  47.05  78.00  80.00  49.05   0.00
16:18:11  10.8   0.0   0.2  89.0   0.0    3   6394   3129    0    0    2  71.30    0.00  20.35  14.63  36.31  76.05  76.00  20.00  47.05  76.00  77.00  49.05   0.00
-------- ----- ----- ----- ----- ----- ---- ------ ------ ---- ---- ---- ------  ------ ------ ------ ------ ------ ------ ------ ------ ------ ------ ------ ------
 Average  59.4   0.0   0.7  39.9   0.0 17.9 19029.1 8321.6  8.3  2.4  4.2  91.21    0.00  26.37  20.19  44.65  68.83  68.78  20.00  47.59  68.76  69.78  49.05   0.00
 GeoMean   0.0   0.0   0.5  18.4   0.0 12.3 12009.9 5952.9  0.0  0.0  0.0  80.69    0.00  23.02  14.88  40.74  68.64  68.59  20.00  47.59  68.57  69.65  49.05   0.00
  StdDev  36.3   0.0   0.4  36.4   0.0 11.2 16489.9 6818.7 19.4 11.7 11.9  26.30    0.00   7.83   6.65  11.90   5.29   5.29   0.00   0.50   5.20   4.43   0.00   0.00
-------- ----- ----- ----- ----- ----- ---- ------ ------ ---- ---- ---- ------  ------ ------ ------ ------ ------ ------ ------ ------ ------ ------ ------ ------
 Minimum   0.0   0.0   0.1   0.9   0.0  1.0  422.0  211.0  0.0  0.0  0.0   8.15    0.00   2.00   0.16   5.98  58.05  58.00  20.00  47.05  59.00  62.00  49.05   0.00
 Maximum  98.9   0.0   2.0  99.9   0.0 36.0 73537.0 36496.0 97.0 72.0 54.0 118.97    0.00  34.85  28.41  55.70  84.05  84.00  20.00  48.05  84.00  80.00  49.05   0.00
-------- ----- ----- ----- ----- ----- ---- ------ ------ ---- ---- ---- ------  ------ ------ ------ ------ ------ ------ ------ ------ ------ ------ ------ ------
Summary:
CPU:  91.21 Watts on average with standard deviation 26.30 
Note: power read from RAPL domains: uncore, pkg-0, core, psys.
These readings do not cover all the hardware in this device.

Histogram (of 37 power measurements)

  Range (Watts)   Count
  8.145 -  19.227     3 ####
 19.228 -  30.309     0 
 30.310 -  41.392     0 
 41.393 -  52.474     0 
 52.475 -  63.557     0 
 63.558 -  74.639     2 ###
 74.640 -  85.722     4 ######
 85.723 -  96.804     2 ###
 96.805 - 107.887    25 ########################################
107.888 - 118.969     1 #

Histogram (of 37 CPU utilization measurements)

 Range (%CPU)   Count
 0.083 -  9.987     3 #########
 9.988 - 19.891     8 ########################
19.892 - 29.795     1 ###
29.796 - 39.699     1 ###
39.700 - 49.603     1 ###
49.604 - 59.507     1 ###
59.508 - 69.411     2 ######
69.412 - 79.315     5 ###############
79.316 - 89.220     2 ######
89.221 - 99.124    13 ########################################

Histogram (of 37 thermal zone TCPU readings)

 Range (°C)    Count
58.050 - 60.649     3 #####
60.650 - 63.249     0 
63.250 - 65.849     0 
65.850 - 68.449    23 ########################################
68.450 - 71.049     1 #
71.050 - 73.649     2 ###
73.650 - 76.249     5 ########
76.250 - 78.849     2 ###
78.850 - 81.449     0 
81.450 - 84.049     1 #

Histogram (of 37 thermal zone x86_pkg_temp readings)

 Range (°C)    Count
58.000 - 60.599     3 #####
60.600 - 63.199     0 
63.200 - 65.799     0 
65.800 - 68.399    23 ########################################
68.400 - 70.999     1 #
71.000 - 73.599     2 ###
73.600 - 76.199     5 ########
76.200 - 78.799     2 ###
78.800 - 81.399     0 
81.400 - 83.999     1 #

Range is zero, cannot produce histogram of thermal zone INT3400 Thermal

Histogram (of 37 thermal zone SEN3 readings)

 Range (°C)    Count
47.050 - 47.149    17 ##################################
47.150 - 47.249     0 
47.250 - 47.349     0 
47.350 - 47.449     0 
47.450 - 47.549     0 
47.550 - 47.649     0 
47.650 - 47.749     0 
47.750 - 47.849     0 
47.850 - 47.949     0 
47.950 - 48.049    20 ########################################

Histogram (of 37 thermal zone TCPU_PCI readings)

 Range (°C)    Count
59.000 - 61.499     3 ######
61.500 - 63.999     0 
64.000 - 66.499     7 ###############
66.500 - 68.999    18 ########################################
69.000 - 71.499     0 
71.500 - 73.999     2 ####
74.000 - 76.499     4 ########
76.500 - 78.999     2 ####
79.000 - 81.499     0 
81.500 - 83.999     1 ##

Histogram (of 37 thermal zone iwlwifi_1 readings)

 Range (°C)    Count
62.000 - 63.799     1 ###
63.800 - 65.599     0 
65.600 - 67.399    12 ########################################
67.400 - 69.199    12 ########################################
69.200 - 70.999     4 #############
71.000 - 72.799     0 
72.800 - 74.599     0 
74.600 - 76.399     0 
76.400 - 78.199     6 ####################
78.200 - 79.999     2 ######

Range is zero, cannot produce histogram of thermal zone acpitz

Range is zero, cannot produce histogram of thermal zone SEN2
