Running for 86400.0 seconds (86400 samples at 1.0 second intervals).
Power measurements will start in 0 seconds time.

  Time    User  Nice   Sys  Idle    IO  Run Ctxt/s  IRQ/s Fork Exec Exit  Watts  uncore  pkg-0   core   psys   TCPU x86_pk INT340   SEN3 TCPU_P iwlwif acpitz   SEN2
15:45:02   0.0   0.0   0.0 100.0   0.0    1    258    355    0    0    0   4.14    0.00   1.11   0.21   2.81  52.05  52.00  20.00  41.05  52.00  60.00  42.05   0.00
15:45:03   0.0   0.0   0.0 100.0   0.0    1    185    129    0    0    0   2.12    0.00   0.60   0.07   1.45  51.05  52.00  20.00  41.05  51.00  60.00  42.05   0.00
15:45:04   0.0   0.0   0.1  99.8   0.0    3    270    124    9    6    8   2.59    0.00   0.72   0.16   1.71  50.05  50.00  20.00  41.05  49.00  56.00  42.05   0.00
15:45:05  15.0   0.0   0.9  84.1   0.0    6  56190   6315   41    0    0  91.58    0.00  26.64  21.16  43.78  69.05  69.00  20.00  41.05  69.00  56.00  42.05   0.00
15:45:06  17.9   0.0   1.1  80.9   0.0    5  51936   6204    9    4    4 107.02    0.00  31.45  25.51  50.06  65.05  65.00  20.00  41.05  65.00  59.00  42.05   0.00
15:45:07  12.7   0.0   0.8  86.4   0.0    2  28925   5510   88    5   65  77.56    0.00  22.13  16.25  39.18  57.05  57.00  20.00  41.05  57.00  59.00  42.05   0.00
15:45:08  24.3   0.0   1.7  73.9   0.1    4  57255  13146   36    0   11  95.48    0.00  27.93  22.16  45.39  60.05  60.00  20.00  41.05  60.00  59.00  41.05   0.00
15:45:09  11.8   0.0   1.3  86.9   0.0    2  35914   8919   52   69   49  75.53    0.00  21.52  15.64  38.37  54.05  54.00  20.00  41.05  54.00  67.00  41.05   0.00
15:45:10  14.3   0.0   0.8  84.9   0.0    5  35394   4246   16   21   18  87.49    0.00  25.13  19.00  43.36  74.05  74.00  20.00  41.05  74.00  61.00  41.05   0.00
15:45:11  49.6   0.0   1.5  48.9   0.0   20  53545   9741   35    0    0 119.50    0.00  35.56  29.47  54.47  60.05  60.00  20.00  41.05  60.00  61.00  41.05   0.00
15:45:12  74.2   0.0   1.4  24.4   0.0   19  43163  14397    0    0    1 102.06    0.00  30.19  24.01  47.87  59.05  59.00  20.00  41.05  59.00  75.00  41.05   0.00
15:45:13  74.1   0.0   1.2  24.6   0.0   19  21874   7390    0    0    2 101.49    0.00  29.91  23.59  47.99  60.05  60.00  20.00  41.05  60.00  75.00  41.05   0.00
15:45:14  74.9   0.0   0.7  24.4   0.0   23  19670   7398    0    0    0 100.87    0.00  29.76  23.36  47.75  61.05  61.00  20.00  41.05  61.00  60.00  41.05   0.00
15:45:15  77.7   0.0   0.4  21.8   0.0   22   9266   6270    0    0    0 102.33    0.00  30.16  23.72  48.45  60.05  60.00  20.00  41.05  60.00  60.00  41.05   0.00
15:45:16  65.6   0.0   1.0  33.3   0.0    5  60033  10486    0    0    0  97.98    0.00  28.66  22.22  47.10  61.05  61.00  20.00  41.05  61.00  61.00  41.05   0.00
15:45:17  41.6   0.0   0.3  58.1   0.0   19  21971   6073    1    0    2 105.73    0.00  31.14  25.24  49.36  65.05  65.00  20.00  41.05  65.00  61.00  41.05   0.00
15:45:18  27.4   0.0   0.4  72.2   0.0   28  23395   4720    8    0    0 106.85    0.00  31.53  25.85  49.47  62.05  62.00  20.00  41.05  62.00  61.00  42.05   0.00
15:45:19  81.4   0.0   0.8  17.8   0.0   25  20111   8833   24    0    0 101.93    0.00  30.10  24.04  47.79  60.05  60.00  20.00  41.05  60.00  68.00  42.05   0.00
15:45:20  98.4   0.0   0.5   1.1   0.0   28   5983   7560    0    0    0 101.56    0.00  30.10  24.11  47.35  60.05  60.00  20.00  41.05  60.00  63.00  42.05   0.00
15:45:21  68.9   0.0   1.5  29.6   0.0   27  47160  47384    0    0    0 102.28    0.00  30.30  24.31  47.67  62.05  62.00  20.00  41.05  62.00  63.00  42.05   0.00
15:45:22  94.0   0.0   0.8   5.2   0.0   28  16669   7627    0    0    3 102.88    0.00  30.43  24.29  48.17  60.05  60.00  20.00  41.05  60.00  62.00  42.05   0.00
15:45:23  91.9   0.0   0.8   7.3   0.0    2  12920   8544    0    0    0  99.17    0.00  28.92  22.68  47.57  56.05  56.00  20.00  41.05  56.00  62.00  42.05   0.00
15:45:24  90.1   0.0   0.7   9.2   0.0   28  14947   8668    0    0    1 106.83    0.00  31.03  24.48  51.32  60.05  60.00  20.00  41.05  60.00  61.00  42.05   0.00
15:45:25  96.3   0.0   0.7   2.9   0.0   19  15744   8392    0    0    0 102.88    0.00  29.85  23.43  49.59  60.05  60.00  20.00  41.05  60.00  61.00  42.05   0.00
15:45:26  95.6   0.0   0.7   3.6   0.0   30  14541   8482    0    0    0 102.32    0.00  29.81  23.38  49.13  60.05  60.00  20.00  41.05  60.00  61.00  42.05   0.00
15:45:27  95.2   0.0   0.8   4.0   0.0   29  21067   9376    0    0    1 100.95    0.00  29.71  23.33  47.91  60.05  60.00  20.00  41.05  60.00  61.00  42.05   0.00
15:45:28  95.7   0.0   1.0   3.4   0.0   27  11738   7912    0    0    0 101.24    0.00  29.88  23.51  47.84  60.05  60.00  20.00  41.05  60.00  61.00  42.05   0.00
15:45:29  91.0   0.0   0.6   8.4   0.0   26  11823   7400    0    0    0 101.05    0.00  29.82  23.51  47.72  61.05  61.00  20.00  41.05  61.00  61.00  42.05   0.00
15:45:30  94.5   0.0   0.8   4.7   0.0   32  13340   7855    0    0    0 101.29    0.00  29.84  23.35  48.10  63.05  63.00  20.00  41.05  63.00  61.00  42.05   0.00
15:45:31  83.7   0.0   0.7  15.7   0.0   27  29281  31927    0    0    0 100.87    0.00  29.65  23.07  48.15  61.05  61.00  20.00  41.05  61.00  61.00  42.05   0.00
15:45:32  95.3   0.0   0.8   3.9   0.0   32  13272   7773    0    0    0 100.92    0.00  29.73  23.28  47.92  61.05  61.00  20.00  41.05  61.00  62.00  42.05   0.00
15:45:33  95.8   0.0   0.5   3.7   0.0   20  11499   7934    0    0    0 102.15    0.00  30.09  23.60  48.45  62.05  62.00  20.00  41.05  62.00  62.00  42.05   0.00
15:45:34  96.0   0.0   0.6   3.4   0.0   26   8841   7484    0    0    0 103.32    0.00  30.45  23.92  48.95  63.05  63.00  20.00  41.05  63.00  62.00  42.05   0.00
15:45:35  95.6   0.0   1.1   3.3   0.0   26  10385   7692    0    0    1 103.29    0.00  30.44  23.92  48.93  63.05  63.00  20.00  41.05  63.00  62.00  42.05   0.00
15:45:36  95.8   0.0   1.0   3.2   0.0   27   9751   7697    0    0    0 103.90    0.00  30.64  24.12  49.15  62.05  62.00  20.00  42.05  62.00  63.00  42.05   0.00
15:45:37  95.5   0.0   0.6   3.9   0.0   27   8090   7338    0    0    0 103.85    0.00  30.62  24.10  49.13  62.05  62.00  20.00  42.05  62.00  63.00  42.05   0.00
15:45:38  78.7   0.0   0.5  20.8   0.0   11  12006  20829    0    0    2  95.39    0.00  28.11  21.75  45.53  63.05  63.00  20.00  42.05  63.00  63.00  43.05   0.00
15:45:39  93.6   0.0   1.3   5.1   0.0   26  38794   9800    0    0    0 104.20    0.00  30.55  23.86  49.79  62.05  62.00  20.00  42.05  62.00  64.00  43.05   0.00
15:45:40  95.8   0.0   0.8   3.5   0.0   26  10730   7765    0    0    0 103.82    0.00  30.57  24.01  49.24  62.05  62.00  20.00  42.05  62.00  63.00  43.05   0.00
15:45:41  97.3   0.0   0.5   2.2   0.0   28   5343   7284    0    0    0 100.67    0.00  29.61  23.16  47.90  61.05  61.00  20.00  42.05  61.00  63.00  43.05   0.00
15:45:42  96.8   0.0   0.4   2.8   0.0   27   6181   7251    0    0    0 103.27    0.00  30.39  23.86  49.01  63.05  63.00  20.00  42.05  63.00  63.00  43.05   0.00
15:45:43  31.8   0.0   0.2  68.0   0.0    5   7698   3410    0    0    0  88.06    0.00  25.63  19.71  42.71  73.05  73.00  20.00  42.05  73.00  63.00  43.05   0.00
15:45:44  18.2   0.0   0.2  81.6   0.0    5   7571   1955    0    0    1 100.05    0.00  29.04  22.95  48.06  72.05  74.00  20.00  42.05  74.00  72.00  43.05   0.00
15:45:45  13.0   0.0   0.0  87.0   0.0    2   3464   1376    0    0    0  86.26    0.00  25.12  19.66  41.49  77.05  77.00  20.00  42.05  77.00  72.00  43.05   0.00
15:45:46   7.9   0.0   0.2  91.9   0.0    4   1122   1019    0    0    1  64.95    0.00  19.54  14.43  30.99  70.05  70.00  20.00  42.05  70.00  75.00  43.05   0.00
15:45:47  32.7   0.0   0.4  67.0   0.0    9   2972  28972    0    0    0  85.05    0.00  25.21  19.40  40.43  61.05  61.00  20.00  42.05  61.00  75.00  43.05   0.00
15:45:48   8.6   0.0   0.1  91.2   0.0    4   1570   1387    4    0    5  63.04    0.00  18.19  12.92  31.94  68.05  68.00  20.00  42.05  68.00  75.00  43.05   0.00
15:45:49   4.5   0.0   0.0  95.4   0.0    2   1058    908    1    0    2  52.68    0.00  15.28  10.19  27.22  68.05  68.00  20.00  42.05  68.00  75.00  43.05   0.00
15:45:50   7.8   0.0   1.0  91.2   0.0    1   3179   2617   11    4   47  59.37    0.00  16.82  11.40  31.16  56.05  56.00  20.00  42.05  56.00  65.00  43.05   0.00
-------- ----- ----- ----- ----- ----- ---- ------ ------ ---- ---- ---- ------  ------ ------ ------ ------ ------ ------ ------ ------ ------ ------ ------ ------
 Average  59.6   0.0   0.7  39.7   0.0 16.7 18736.6 8609.7  6.8  2.2  4.6  90.40    0.00  26.52  20.72  43.16  61.93  61.94  20.00  41.36  61.90  63.65  42.11   0.00
 GeoMean   0.0   0.0   0.0  18.5   0.0 10.8 10404.3 5522.4  0.0  0.0  0.0  76.57    0.00  22.37  15.83  37.42  61.70  61.71  20.00  41.35  61.66  63.46  42.11   0.00
  StdDev  37.2   0.0   0.4  37.3   0.0 11.1 16789.4 8203.1 16.6 10.2 13.1  25.90    0.00   7.68   6.42  11.86   5.32   5.37   0.00   0.46   5.45   5.13   0.68   0.00
-------- ----- ----- ----- ----- ----- ---- ------ ------ ---- ---- ---- ------  ------ ------ ------ ------ ------ ------ ------ ------ ------ ------ ------ ------
 Minimum   0.0   0.0   0.0   1.1   0.0  1.0  185.0  124.0  0.0  0.0  0.0   2.12    0.00   0.60   0.07   1.45  50.05  50.00  20.00  41.05  49.00  56.00  41.05   0.00
 Maximum  98.4   0.0   1.7 100.0   0.1 32.0 60033.0 47384.0 88.0 69.0 65.0 119.50    0.00  35.56  29.47  54.47  77.05  77.00  20.00  42.05  77.00  75.00  43.05   0.00
-------- ----- ----- ----- ----- ----- ---- ------ ------ ---- ---- ---- ------  ------ ------ ------ ------ ------ ------ ------ ------ ------ ------ ------ ------
Summary:
CPU:  90.40 Watts on average with standard deviation 25.90 
Note: power read from RAPL domains: uncore, pkg-0, core, psys.
These readings do not cover all the hardware in this device.

Histogram (of 49 power measurements)

  Range (Watts)   Count
  2.118 -  13.855     3 ###
 13.856 -  25.593     0 
 25.594 -  37.331     0 
 37.332 -  49.069     0 
 49.070 -  60.807     2 ##
 60.808 -  72.545     2 ##
 72.546 -  84.283     2 ##
 84.284 -  96.021     7 ########
 96.022 - 107.759    32 ########################################
107.760 - 119.497     1 #

Histogram (of 49 CPU utilization measurements)

 Range (%CPU)   Count
 0.000 -  9.886     7 ##############
 9.887 - 19.773     7 ##############
19.774 - 29.659     2 ####
29.660 - 39.546     2 ####
39.547 - 49.433     1 ##
49.434 - 59.320     1 ##
59.321 - 69.206     1 ##
69.207 - 79.093     5 ##########
79.094 - 88.980     3 ######
88.981 - 98.867    20 ########################################

Histogram (of 49 thermal zone TCPU readings)

 Range (°C)    Count
50.050 - 52.749     3 ######
52.750 - 55.449     1 ##
55.450 - 58.149     3 ######
58.150 - 60.849    13 ###########################
60.850 - 63.549    19 ########################################
63.550 - 66.249     2 ####
66.250 - 68.949     2 ####
68.950 - 71.649     2 ####
71.650 - 74.349     3 ######
74.350 - 77.049     1 ##

Histogram (of 49 thermal zone x86_pkg_temp readings)

 Range (°C)    Count
50.000 - 52.699     3 ######
52.700 - 55.399     1 ##
55.400 - 58.099     3 ######
58.100 - 60.799    13 ###########################
60.800 - 63.499    19 ########################################
63.500 - 66.199     2 ####
66.200 - 68.899     2 ####
68.900 - 71.599     2 ####
71.600 - 74.299     3 ######
74.300 - 76.999     1 ##

Range is zero, cannot produce histogram of thermal zone INT3400 Thermal

Histogram (of 49 thermal zone SEN3 readings)

 Range (°C)    Count
41.050 - 41.149    34 ########################################
41.150 - 41.249     0 
41.250 - 41.349     0 
41.350 - 41.449     0 
41.450 - 41.549     0 
41.550 - 41.649     0 
41.650 - 41.749     0 
41.750 - 41.849     0 
41.850 - 41.949     0 
41.950 - 42.049    15 #################

Histogram (of 49 thermal zone TCPU_PCI readings)

 Range (°C)    Count
49.000 - 51.799     2 ####
51.800 - 54.599     2 ####
54.600 - 57.399     3 ######
57.400 - 60.199    13 ###########################
60.200 - 62.999    19 ########################################
63.000 - 65.799     2 ####
65.800 - 68.599     2 ####
68.600 - 71.399     2 ####
71.400 - 74.199     3 ######
74.200 - 76.999     1 ##

Histogram (of 49 thermal zone iwlwifi_1 readings)

 Range (°C)    Count
56.000 - 57.899     2 ####
57.900 - 59.799     3 #######
59.800 - 61.699    17 ########################################
61.700 - 63.599    15 ###################################
63.600 - 65.499     2 ####
65.500 - 67.399     1 ##
67.400 - 69.299     1 ##
69.300 - 71.199     0 
71.200 - 73.099     2 ####
73.100 - 74.999     6 ##############

Histogram (of 49 thermal zone acpitz readings)

 Range (°C)    Count
41.050 - 41.249    10 ###############
41.250 - 41.449     0 
41.450 - 41.649     0 
41.650 - 41.849     0 
41.850 - 42.049    26 ########################################
42.050 - 42.249     0 
42.250 - 42.449     0 
42.450 - 42.649     0 
42.650 - 42.849     0 
42.850 - 43.049    13 ####################

Range is zero, cannot produce histogram of thermal zone SEN2
