Running for 86400.0 seconds (86400 samples at 1.0 second intervals).
Power measurements will start in 0 seconds time.

  Time    User  Nice   Sys  Idle    IO  Run Ctxt/s  IRQ/s Fork Exec Exit  Watts  uncore  pkg-0   core   psys   TCPU x86_pk INT340   SEN3 TCPU_P iwlwif acpitz   SEN2
22:34:19   0.0   0.0   0.0 100.0   0.0    1    242    290    0    0    0   4.37    0.00   1.16   0.18   3.03  50.05  50.00  20.00  39.05  50.00  58.00  39.05   0.00
22:34:20   0.0   0.0   0.0 100.0   0.0    1    152     98    0    0    0   2.16    0.00   0.61   0.06   1.49  50.05  50.00  20.00  39.05  50.00  58.00  40.05   0.00
22:34:21   0.0   0.0   0.2  99.8   0.0    2    360    180   14    6    8   5.37    0.00   1.47   0.19   3.71  49.05  49.00  20.00  39.05  49.00  54.00  40.05   0.00
22:34:22  18.0   0.0   1.2  80.8   0.0    5  44422   6095   38    0    0  99.97    0.00  29.28  23.81  46.88  66.05  66.00  20.00  39.05  66.00  54.00  40.05   0.00
22:34:23  19.2   0.0   0.7  80.1   0.0    2  35128   5227   42    7   28 107.78    0.00  31.25  25.46  51.06  56.05  56.00  20.00  40.05  56.00  64.00  40.05   0.00
22:34:24  12.4   0.0   1.3  86.3   0.0   14  41890   9234   83    2   40  79.33    0.00  22.28  16.50  40.56  67.05  67.00  20.00  40.05  67.00  64.00  40.05   0.00
22:34:25  22.7   0.0   2.0  75.4   0.0    4  90916  16380    4    0    9  90.29    0.00  25.91  20.32  44.07  58.05  60.00  20.00  40.05  60.00  64.00  40.05   0.00
22:34:26   9.6   0.0   1.1  89.4   0.0    6  28601   5002   69   90   68  76.03    0.00  21.09  14.61  40.33  66.05  66.00  20.00  40.05  66.00  57.00  40.05   0.00
22:34:27  17.4   0.0   0.6  82.0   0.0    3  58000   5694    0    0    0 103.49    0.00  30.33  24.57  48.60  68.05  68.00  20.00  40.05  68.00  59.00  40.05   0.00
22:34:28  67.3   0.0   2.0  30.7   0.0   19  79227  19933   29    0    2 116.62    0.00  34.74  28.57  53.31  57.05  57.00  20.00  39.05  57.00  59.00  40.05   0.00
22:34:29  74.8   0.0   0.8  24.5   0.0   19  21354   7238    0    0    0 103.37    0.00  30.50  24.07  48.80  56.05  56.00  20.00  39.05  56.00  61.00  40.05   0.00
22:34:30  70.5   0.0   0.5  29.0   0.0   19  25577   7662    0    0    1 100.97    0.00  29.77  23.56  47.63  58.05  58.00  20.00  39.05  58.00  61.00  40.05   0.00
22:34:31  73.4   0.0   0.5  26.1   0.0   20  13811   6833    0    0    0 101.40    0.00  29.96  23.60  47.84  58.05  58.00  20.00  39.05  58.00  58.00  40.05   0.00
22:34:32  49.5   0.0   0.3  50.1   0.0   20  18754   5900    1    0    1 103.97    0.00  30.32  23.95  49.70  65.05  65.00  20.00  39.05  65.00  58.00  40.05   0.00
22:34:33  34.8   0.0   0.3  64.9   0.0    5  19138   4464    0    0    1  96.45    0.00  27.63  21.41  47.41  68.05  68.00  20.00  39.05  68.00  61.00  40.05   0.00
22:34:34  75.9   0.0   0.5  23.6   0.0   28  25488   8838   34    0    1 113.50    0.00  33.72  27.45  52.33  58.05  58.00  20.00  39.05  58.00  61.00  40.05   0.00
22:34:35  98.4   0.0   0.5   1.1   0.0   25   8382   8640    0    0    0 101.23    0.00  30.04  24.09  47.10  58.05  58.00  20.00  39.05  58.00  61.00  40.05   0.00
22:34:36  61.8   0.0   0.6  37.6   0.0   19  28087  44908    0    0    0  97.59    0.00  28.75  22.82  46.01  65.05  65.00  20.00  39.05  65.00  61.00  40.05   0.00
22:34:37  26.1   0.0   0.7  73.1   0.0   27  50736   7203    0    0    0 103.91    0.00  30.49  24.52  48.89  64.05  64.00  20.00  39.05  64.00  63.00  40.05   0.00
22:34:38  95.5   0.0   0.7   3.8   0.0   31  12530   7621    0    0    1 103.77    0.00  30.57  24.14  49.06  61.05  61.00  20.00  39.05  61.00  63.00  40.05   0.00
22:34:39  86.6   0.0   0.9  12.5   0.0   33  29574   9696    0    0    0 100.34    0.00  29.69  23.53  47.13  58.05  58.00  20.00  39.05  58.00  60.00  40.05   0.00
22:34:40  96.9   0.0   0.7   2.4   0.0   32  13176   8853    0    0    0 100.76    0.00  29.76  23.52  47.48  58.05  58.00  20.00  39.05  58.00  60.00  40.05   0.00
22:34:41  95.9   0.0   0.5   3.6   0.0   28  13887   8582    0    0    0 100.78    0.00  29.73  23.43  47.61  58.05  58.00  20.00  39.05  58.00  59.00  40.05   0.00
22:34:42  96.1   0.0   0.6   3.2   0.0   33  12157   8149    0    0    0 100.86    0.00  29.76  23.44  47.66  58.05  58.00  20.00  39.05  58.00  59.00  40.05   0.00
22:34:43  95.5   0.0   0.9   3.6   0.0   28  14561   8116    0    0    0 100.73    0.00  29.74  23.46  47.53  58.05  58.00  20.00  39.05  58.00  59.00  40.05   0.00
22:34:44  91.7   0.0   0.8   7.5   0.0   23  11967   7612    0    0    0  99.10    0.00  29.20  22.93  46.97  58.05  58.00  20.00  40.05  58.00  59.00  40.05   0.00
22:34:45  65.1   0.0   0.7  34.2   0.0    5  15262   6646    0    0    0  96.74    0.00  28.45  22.35  45.93  71.05  71.00  20.00  40.05  71.00  59.00  40.05   0.00
22:34:46  22.1   0.0   0.3  77.7   0.0    2  17118  20623    0    0    0 101.68    0.00  29.98  24.28  47.42  72.05  72.00  20.00  40.05  72.00  59.00  40.05   0.00
22:34:47  11.0   0.0   0.5  88.5   0.0    1  11389   3136    5    4   46  77.36    0.00  22.73  17.80  36.83  54.05  54.00  20.00  40.05  54.00  59.00  40.05   0.00
-------- ----- ----- ----- ----- ----- ---- ------ ------ ---- ---- ---- ------  ------ ------ ------ ------ ------ ------ ------ ------ ------ ------ ------ ------
 Average  51.3   0.0   0.7  48.0   0.0 15.7 25582.3 8926.0 11.0  3.8  7.1  89.31    0.00  26.17  20.64  42.49  60.15  60.17  20.00  39.36  60.17  59.72  40.02   0.00
 GeoMean   0.0   0.0   0.0  27.1   0.0  9.4 14364.6 5566.7  0.0  0.0  0.0  70.27    0.00  20.43  13.35  34.75  59.86  59.88  20.00  39.36  59.88  59.67  40.02   0.00
  StdDev  35.4   0.0   0.5  35.4   0.0 11.5 21468.8 8242.0 21.6 16.4 16.4  30.28    0.00   8.99   7.49  13.89   5.94   5.93   0.00   0.46   5.93   2.46   0.18   0.00
-------- ----- ----- ----- ----- ----- ---- ------ ------ ---- ---- ---- ------  ------ ------ ------ ------ ------ ------ ------ ------ ------ ------ ------ ------
 Minimum   0.0   0.0   0.0   1.1   0.0  1.0  152.0   98.0  0.0  0.0  0.0   2.16    0.00   0.61   0.06   1.49  49.05  49.00  20.00  39.05  49.00  54.00  39.05   0.00
 Maximum  98.4   0.0   2.0 100.0   0.0 33.0 90916.0 44908.0 83.0 90.0 68.0 116.62    0.00  34.74  28.57  53.31  72.05  72.00  20.00  40.05  72.00  64.00  40.05   0.00
-------- ----- ----- ----- ----- ----- ---- ------ ------ ---- ---- ---- ------  ------ ------ ------ ------ ------ ------ ------ ------ ------ ------ ------ ------
Summary:
CPU:  89.31 Watts on average with standard deviation 30.28 
Note: power read from RAPL domains: uncore, pkg-0, core, psys.
These readings do not cover all the hardware in this device.

Histogram (of 29 power measurements)

  Range (Watts)   Count
  2.162 -  13.607     3 ######
 13.608 -  25.053     0 
 25.054 -  36.500     0 
 36.501 -  47.946     0 
 47.947 -  59.392     0 
 59.393 -  70.838     0 
 70.839 -  82.284     3 ######
 82.285 -  93.731     1 ##
 93.732 - 105.177    19 ########################################
105.178 - 116.623     3 ######

Histogram (of 29 CPU utilization measurements)

 Range (%CPU)   Count
 0.000 -  9.886     3 #################
 9.887 - 19.774     5 ############################
19.775 - 29.661     4 ######################
29.662 - 39.548     1 #####
39.549 - 49.436     0 
49.437 - 59.323     1 #####
59.324 - 69.210     2 ###########
69.211 - 79.098     5 ############################
79.099 - 88.985     1 #####
88.986 - 98.872     7 ########################################

Histogram (of 29 thermal zone TCPU readings)

 Range (°C)    Count
49.050 - 51.349     3 ########
51.350 - 53.649     0 
53.650 - 55.949     1 ##
55.950 - 58.249    14 ########################################
58.250 - 60.549     0 
60.550 - 62.849     1 ##
62.850 - 65.149     3 ########
65.150 - 67.449     3 ########
67.450 - 69.749     2 #####
69.750 - 72.049     2 #####

Histogram (of 29 thermal zone x86_pkg_temp readings)

 Range (°C)    Count
49.000 - 51.299     3 #########
51.300 - 53.599     0 
53.600 - 55.899     1 ###
55.900 - 58.199    13 ########################################
58.200 - 60.499     1 ###
60.500 - 62.799     1 ###
62.800 - 65.099     3 #########
65.100 - 67.399     3 #########
67.400 - 69.699     2 ######
69.700 - 71.999     2 ######

Range is zero, cannot produce histogram of thermal zone INT3400 Thermal

Histogram (of 29 thermal zone SEN3 readings)

 Range (°C)    Count
39.050 - 39.149    20 ########################################
39.150 - 39.249     0 
39.250 - 39.349     0 
39.350 - 39.449     0 
39.450 - 39.549     0 
39.550 - 39.649     0 
39.650 - 39.749     0 
39.750 - 39.849     0 
39.850 - 39.949     0 
39.950 - 40.049     9 ##################

Histogram (of 29 thermal zone TCPU_PCI readings)

 Range (°C)    Count
49.000 - 51.299     3 #########
51.300 - 53.599     0 
53.600 - 55.899     1 ###
55.900 - 58.199    13 ########################################
58.200 - 60.499     1 ###
60.500 - 62.799     1 ###
62.800 - 65.099     3 #########
65.100 - 67.399     3 #########
67.400 - 69.699     2 ######
69.700 - 71.999     2 ######

Histogram (of 29 thermal zone iwlwifi_1 readings)

 Range (°C)    Count
54.000 - 54.999     2 ########
55.000 - 55.999     0 
56.000 - 56.999     1 ####
57.000 - 57.999     4 #################
58.000 - 58.999     9 ########################################
59.000 - 59.999     2 ########
60.000 - 60.999     6 ##########################
61.000 - 61.999     0 
62.000 - 62.999     2 ########
63.000 - 63.999     3 #############

Histogram (of 29 thermal zone acpitz readings)

 Range (°C)    Count
39.050 - 39.149     1 #
39.150 - 39.249     0 
39.250 - 39.349     0 
39.350 - 39.449     0 
39.450 - 39.549     0 
39.550 - 39.649     0 
39.650 - 39.749     0 
39.750 - 39.849     0 
39.850 - 39.949     0 
39.950 - 40.049    28 ########################################

Range is zero, cannot produce histogram of thermal zone SEN2
