Running for 86400.0 seconds (86400 samples at 1.0 second intervals).
Power measurements will start in 0 seconds time.

  Time    User  Nice   Sys  Idle    IO  Run Ctxt/s  IRQ/s Fork Exec Exit  Watts  uncore  pkg-0   core   psys   TCPU iwlwif INT340   SEN3 TCPU_P x86_pk acpitz   SEN2
13:24:15   0.0   0.0   0.0 100.0   0.0    2    230    317    0    0    0   9.33    0.00   2.13   0.16   7.04  48.05  20.00  39.05  48.00  48.00  48.00  39.05   0.00
13:24:16   0.0   0.0   0.0 100.0   0.0    2    253    144    0    0    0   7.21    0.00   1.61   0.06   5.54  48.05  20.00  39.05  47.00  47.00  48.00  39.05   0.00
13:24:17   0.1   0.0   0.1  99.8   0.0    2    416    209   13    5   11   9.35    0.00   2.13   0.17   7.05  48.05  20.00  39.05  48.00  48.00  49.00  39.05   0.00
13:24:18  17.7   0.0   0.8  81.1   0.4    5  42145   6635   39    0    8 111.88    0.00  31.24  24.35  56.30  66.05  20.00  39.05  66.00  66.00  49.00  39.05   0.00
13:24:19  17.9   0.0   0.9  80.7   0.5    6  35676   6468    7    0    1 109.61    0.00  30.04  22.41  57.16  68.05  20.00  39.05  68.00  68.00  49.00  39.05   0.00
13:24:20  22.9   0.0   0.9  75.8   0.5    5  43419   7092   51    0    0 111.93    0.00  30.55  22.75  58.63  68.05  20.00  39.05  68.00  68.00  49.00  39.05   0.00
13:24:21  23.4   0.0   1.1  75.2   0.3    4  57973   7414   30    0    0 106.59    0.00  29.10  21.40  56.10  61.05  20.00  39.05  61.00  61.00  68.00  39.05   0.00
13:24:22   8.0   0.0   1.6  90.3   0.1    6  15747   4114   73   10   48  60.88    0.00  16.02   9.93  34.93  55.05  20.00  39.05  55.00  55.00  68.00  39.05   0.00
13:24:23  49.8   0.0   1.7  48.5   0.0   34  40022  10767   51    0    0  97.45    0.00  27.91  22.10  47.43  56.05  20.00  39.05  56.00  56.00  68.00  39.05   0.00
13:24:24  51.2   0.0   2.4  46.3   0.1   12  35645  17623    0    0    1 103.32    0.00  29.35  22.71  51.26  66.05  20.00  39.05  66.00  66.00  61.00  39.05   0.00
13:24:25  35.0   0.0   1.8  63.1   0.1    2 100224  22196    0    0    9  93.10    0.00  26.22  19.83  47.04  55.05  20.00  39.05  55.00  55.00  56.00  39.05   0.00
13:24:26  12.6   0.0   0.3  87.1   0.0    6  12333   2440    2    2    1  67.74    0.00  18.48  12.79  36.47  65.05  20.00  39.05  63.00  63.00  56.00  39.05   0.00
13:24:27   9.9   0.0   1.1  89.0   0.0    8  14366   4635   80  104   83  65.14    0.00  17.04  10.19  37.90  63.05  20.00  39.05  62.00  62.00  59.00  39.05   0.00
13:24:28  18.7   0.0   0.5  80.8   0.0    5  18739   3275    2    0    2  78.71    0.00  21.39  15.34  41.98  65.05  20.00  39.05  65.00  65.00  59.00  39.05   0.00
13:24:29  66.7   0.0   1.9  31.4   0.1   21  81805  18015   19    0    0 124.62    0.00  36.24  29.64  58.74  56.05  20.00  39.05  56.00  56.00  60.00  39.05   0.00
13:24:30  78.9   0.0   1.2  19.8   0.0   20  19925   7903    0    0    0 107.59    0.00  29.92  22.45  55.22  56.05  20.00  39.05  56.00  56.00  60.00  39.05   0.00
13:24:31  78.4   0.0   1.5  20.1   0.0   19  14763   7026    0    0    0 104.74    0.00  29.76  22.67  52.31  58.05  20.00  39.05  58.00  58.00  58.00  39.05   0.00
13:24:32  75.5   0.0   1.4  23.2   0.0   19  36262   9199    0    0    2 105.53    0.00  30.29  23.55  51.69  58.05  20.00  39.05  58.00  58.00  58.00  39.05   0.00
13:24:33  66.7   0.0   1.1  32.2   0.0   12  34228   8349    0    0    0 102.02    0.00  28.93  22.16  50.94  58.05  20.00  39.05  58.00  58.00  58.00  39.05   0.00
13:24:34  59.3   0.0   2.6  38.1   0.0   19  24650   7665    0    0    0 106.94    0.00  30.56  23.97  52.40  55.05  20.00  39.05  55.00  55.00  59.00  39.05   0.00
13:24:35  77.6   0.0   0.7  21.7   0.0   20  13098   7059    0    0    0 104.61    0.00  29.87  22.97  51.78  60.05  20.00  39.05  60.00  60.00  59.00  39.05   0.00
13:24:36  77.1   0.0   1.6  21.4   0.0   18  30153  11259    0    0    0 106.89    0.00  30.68  23.91  52.29  58.05  20.00  39.05  58.00  58.00  59.00  39.05   0.00
13:24:37  65.5   0.0   1.0  33.4   0.0   21  11782  45400    0    0    3 103.93    0.00  29.87  23.40  50.66  60.05  20.00  39.05  60.00  60.00  60.00  39.05   0.00
13:24:38  75.1   0.0   0.8  24.1   0.0   20  20409   8112    0    0    0 106.06    0.00  30.31  23.53  52.21  58.05  20.00  39.05  58.00  58.00  60.00  40.05   0.00
13:24:39  71.3   0.0   3.1  25.6   0.0   19  10771 206421    0    0    0 103.28    0.00  29.52  22.73  51.04  60.05  20.00  39.05  60.00  60.00  58.00  40.05   0.00
13:24:40  73.2   0.0   0.3  26.6   0.0   20   9927   6164    0    0    2 104.84    0.00  30.07  23.16  51.61  63.05  20.00  39.05  61.00  61.00  58.00  40.05   0.00
13:24:41  69.7   0.0   1.0  29.3   0.0   20  18519   7761    0    0    0 105.64    0.00  30.07  23.00  52.56  58.05  20.00  39.05  58.00  58.00  61.00  40.05   0.00
13:24:42  72.1   0.0   5.6  22.3   0.0   20 196039  50537    0    0    1 104.96    0.00  30.06  23.37  51.52  58.05  20.00  39.05  59.00  59.00  61.00  40.05   0.00
13:24:43  74.6   0.0   2.8  22.6   0.0   20  68172  20197    0    0    0 105.08    0.00  30.07  23.38  51.63  60.05  20.00  39.05  60.00  60.00  61.00  40.05   0.00
13:24:44  77.0   0.0   2.0  20.9   0.0   20  46136  13806    0    0    0 104.61    0.00  29.83  22.84  51.94  58.05  20.00  39.05  58.00  58.00  59.00  40.05   0.00
13:24:45  64.5   0.0   4.5  31.0   0.0   18 120044  29359    0    0    0 104.33    0.00  29.76  23.05  51.52  62.05  20.00  39.05  62.00  62.00  61.00  40.05   0.00
13:24:46  68.2   0.0   8.5  23.4   0.0   24 324896  81253    0    0    0 104.79    0.00  30.01  23.27  51.50  60.05  20.00  39.05  60.00  60.00  61.00  40.05   0.00
13:24:47  63.8   0.0   3.1  33.1   0.0    2  62003  87841    0    0    0  99.84    0.00  28.48  22.02  49.34  56.05  20.00  39.05  56.00  56.00  62.00  40.05   0.00
13:24:48  63.5   0.0  12.8  23.6   0.0   20 471523 120030    0    0    1 108.24    0.00  30.98  24.10  53.17  60.05  20.00  39.05  60.00  60.00  62.00  40.05   0.00
13:24:49  65.9   0.0   7.6  26.5   0.0   18 254124  64931    0    0    0 103.63    0.00  29.60  22.86  51.17  61.05  20.00  39.05  61.00  61.00  62.00  40.05   0.00
13:24:50  58.0   0.0  17.1  25.0   0.0   19 546870 135237    0    0    1 104.44    0.00  29.84  23.16  51.44  64.05  20.00  39.05  62.00  62.00  62.00  40.05   0.00
13:24:51  44.7   0.0  31.6  23.8   0.0   19 843057 208442    0    0   67 104.30    0.00  29.87  23.54  50.89  62.05  20.00  39.05  62.00  62.00  63.00  40.05   0.00
13:24:52  43.1   0.0  33.0  23.9   0.0   19 899965 221921    0    0    2 104.66    0.00  30.00  23.72  50.94  64.05  20.00  39.05  64.00  64.00  63.00  40.05   0.00
13:24:53  32.7   0.0  38.5  28.8   0.0   16 1071934 254669    0    0    0 103.89    0.00  29.79  23.72  50.38  62.05  20.00  39.05  62.00  62.00  63.00  40.05   0.00
13:24:54   9.0   0.0   6.9  84.1   0.0    6 220897  52546    3    0    3  63.26    0.00  17.43  11.72  34.11  68.05  20.00  39.05  68.00  68.00  63.00  40.05   0.00
13:24:55  20.7   0.0   1.1  78.2   0.0    3   6293   2794    3    0    1  90.14    0.00  25.13  18.97  46.04  63.05  20.00  39.05  63.00  63.00  65.00  40.05   0.00
13:24:56  45.9   0.0   0.3  53.8   0.0    2   8442   6031    2    0    2  92.96    0.00  26.46  20.19  46.32  61.05  20.00  40.05  61.00  61.00  65.00  40.05   0.00
13:24:57  21.6   0.0   0.4  78.0   0.0    9  26050   3319    3    0    2  80.68    0.00  22.57  16.49  41.61  68.05  20.00  40.05  68.00  68.00  62.00  40.05   0.00
13:24:58   9.0   0.0   0.1  90.9   0.0    2   1279   1194    1    0    5  60.96    0.00  16.54  10.99  33.43  62.05  20.00  40.05  62.00  62.00  62.00  41.05   0.00
13:24:59  18.1   0.0   0.2  81.7   0.0   16   7621   2576    8    0    0  85.33    0.00  24.04  18.23  43.06  75.05  20.00  40.05  75.00  75.00  66.00  41.05   0.00
13:25:00  71.4   0.0   1.3  27.3   0.0   16  27411   7334    0    0    0 107.11    0.00  30.37  23.74  52.99  61.05  20.00  40.05  61.00  61.00  66.00  41.05   0.00
13:25:01  42.0   0.0   0.5  57.6   0.0   11  30837   5499    3    2    4 102.41    0.00  28.92  22.67  50.83  66.05  20.00  40.05  66.00  66.00  65.00  41.05   0.00
13:25:02  22.2   0.0   0.2  77.5   0.0    4  19153   3263    0    0    5  82.51    0.00  22.95  17.10  42.46  61.05  20.00  40.05  61.00  61.00  65.00  41.05   0.00
13:25:03  65.1   0.0   0.4  34.5   0.0   28   9014   6007   30    0    0  97.98    0.00  27.83  21.37  48.78  60.05  20.00  40.05  60.00  60.00  65.00  41.05   0.00
13:25:04  93.8   0.0   1.7   4.5   0.0   19   5172  59286    0    0    1 103.70    0.00  29.74  23.34  50.62  58.05  20.00  40.05  58.00  58.00  60.00  41.05   0.00
13:25:05  71.1   0.0   0.2  28.7   0.0   28   3396  34255    0    0    4 106.77    0.00  30.79  24.29  51.69  61.05  20.00  40.05  61.00  61.00  62.00  41.05   0.00
13:25:06  99.9   0.0   0.1   0.0   0.0   28   2447   6747    0    0    1 106.44    0.00  30.61  24.27  51.55  63.05  20.00  40.05  63.00  63.00  62.00  41.05   0.00
13:25:07  96.1   0.0   2.0   1.9   0.0   28   1944   6365    0    0    0 114.81    0.00  33.12  26.41  55.28  63.05  20.00  40.05  63.00  63.00  60.00  41.05   0.00
13:25:08  33.0   0.0   0.3  66.5   0.1   30   3595   3779    4    0    2  71.98    0.00  20.33  14.19  37.46  65.05  20.00  40.05  65.00  65.00  60.00  42.05   0.00
13:25:09  79.2   0.0   0.6  20.3   0.0   28  31567   8866    4    0    0 108.25    0.00  31.18  24.82  52.25  60.05  20.00  40.05  60.00  60.00  59.00  42.05   0.00
13:25:10  91.8   0.0   1.9   6.4   0.0   33   9740   7085    0    0    0 104.43    0.00  29.90  23.27  51.27  61.05  20.00  40.05  61.00  61.00  59.00  42.05   0.00
13:25:11  64.9   0.0   0.8  34.3   0.0   30   3601  32249    0    0    0 102.69    0.00  29.42  22.93  50.34  62.05  20.00  40.05  62.00  62.00  61.00  42.05   0.00
13:25:12  97.5   0.0   0.6   1.9   0.0   28   8820   7477    0    0    0 107.06    0.00  30.66  23.83  52.57  61.05  20.00  40.05  61.00  61.00  61.00  42.05   0.00
13:25:13  98.1   0.0   0.4   1.5   0.0   29   8543   7812    0    0    0 103.83    0.00  29.78  23.17  50.88  60.05  20.00  40.05  60.00  60.00  61.00  42.05   0.00
13:25:14  98.2   0.0   0.3   1.5   0.0   30   8105   7894    0    0    0 104.57    0.00  29.88  23.09  51.59  61.05  20.00  40.05  61.00  61.00  61.00  42.05   0.00
13:25:15  97.4   0.0   0.8   1.9   0.0   27   7195   7615    0    0    0 104.36    0.00  29.79  22.97  51.60  60.05  20.00  40.05  60.00  60.00  62.00  42.05   0.00
13:25:16  98.0   0.0   0.3   1.7   0.0   27   6373   7462    0    0    0 104.95    0.00  29.96  23.08  51.91  60.05  20.00  40.05  61.00  61.00  62.00  42.05   0.00
13:25:17  96.1   0.0   0.5   3.4   0.0   25   5674   7344    0    0    0 103.84    0.00  29.73  23.02  51.08  60.05  20.00  40.05  60.00  60.00  62.00  42.05   0.00
13:25:18  94.2   0.0   0.9   4.9   0.0   26   5688   7448    0    0    0 104.50    0.00  29.90  23.13  51.47  59.05  20.00  40.05  59.00  59.00  62.00  42.05   0.00
13:25:19  73.5   0.0   0.5  26.0   0.0   28   3272  10420    0    0    5 102.87    0.00  29.51  22.81  50.55  61.05  20.00  40.05  61.00  61.00  62.00  42.05   0.00
13:25:20  96.9   0.0   0.2   2.9   0.0   28   4113   6846    0    0    0 107.41    0.00  30.83  24.00  52.59  62.05  20.00  40.05  61.00  61.00  62.00  42.05   0.00
13:25:21  97.5   0.0   0.2   2.3   0.0   28   3407   6862    0    0    0 107.37    0.00  30.68  23.70  53.00  61.05  20.00  41.05  61.00  61.00  63.00  42.05   0.00
13:25:22  95.8   0.0   0.9   3.3   0.0   25   4210   6967    0    0    0 105.62    0.00  30.25  23.46  51.92  62.05  20.00  41.05  62.00  62.00  63.00  42.05   0.00
13:25:23  95.1   0.0   0.2   4.7   0.0   30   3987   7086    0    0    0 106.59    0.00  30.54  23.71  52.33  62.05  20.00  41.05  62.00  62.00  63.00  42.05   0.00
13:25:24  93.8   0.0   0.2   6.0   0.0   32   3702   6951    0    0    0 103.54    0.00  29.56  22.77  51.21  61.05  20.00  41.05  61.00  61.00  63.00  43.05   0.00
13:25:25  91.1   0.0   0.5   8.4   0.0   26   4241   7284    0    0    0 102.62    0.00  29.28  22.45  50.89  61.05  20.00  41.05  61.00  61.00  62.00  43.05   0.00
13:25:26  95.1   0.0   0.3   4.6   0.0   25   3540   6560    0    0    0 105.58    0.00  30.22  23.38  51.98  63.05  20.00  41.05  63.00  63.00  62.00  43.05   0.00
13:25:27  91.6   0.0   1.2   7.2   0.0   28   3742   6768    0    0    1 106.55    0.00  30.46  23.54  52.55  62.05  20.00  41.05  62.00  62.00  62.00  43.05   0.00
13:25:28  96.4   0.0   0.5   3.1   0.0   28   2941   7073    0    0    0 111.29    0.00  31.98  25.02  54.29  63.05  20.00  41.05  63.00  63.00  64.00  43.05   0.00
13:25:29  94.3   0.0   1.2   4.6   0.0   19   3628   6901    0    0    0 110.66    0.00  31.62  24.44  54.60  61.05  20.00  41.05  61.00  61.00  64.00  42.05   0.00
13:25:30  93.4   0.0   0.8   5.8   0.0   27   3590   6867    0    0    0 110.03    0.00  31.43  24.27  54.33  62.05  20.00  41.05  62.00  62.00  64.00  42.05   0.00
13:25:31  92.6   0.0   0.3   7.1   0.0   25   3930   6453    0    0    0 104.39    0.00  29.81  22.94  51.63  61.05  20.00  41.05  61.00  61.00  64.00  42.05   0.00
13:25:32  88.3   0.0   2.1   9.5   0.0   32   3589   6488    0    0    0 104.88    0.00  29.79  22.69  52.39  63.05  20.00  41.05  65.00  65.00  64.00  42.05   0.00
13:25:33  93.7   0.0   0.4   5.9   0.0   22   3950   6661    0    0    0 109.60    0.00  31.30  24.17  54.13  60.05  20.00  41.05  60.00  60.00  64.00  42.05   0.00
13:25:34  88.4   0.0   1.5  10.1   0.0   23   2950   6219    0    0    0 103.12    0.00  29.34  22.48  51.29  62.05  20.00  41.05  62.00  62.00  64.00  43.05   0.00
13:25:35  95.5   0.0   0.3   4.2   0.0   28   3073   6590    0    0    0 110.22    0.00  31.63  24.71  53.87  63.05  20.00  41.05  63.00  63.00  64.00  43.05   0.00
13:25:36  88.9   0.0   2.6   8.5   0.0   28   2788   6881    0    0    0 105.85    0.00  30.24  23.26  52.36  63.05  20.00  41.05  63.00  63.00  63.00  43.05   0.00
13:25:37  97.2   0.0   0.3   2.6   0.0   28   3082   6669    0    0    0 113.16    0.00  32.57  25.60  54.99  65.05  20.00  41.05  65.00  65.00  63.00  43.05   0.00
13:25:38  96.4   0.0   0.3   3.3   0.0   19   3933   6677    0    0    0 112.14    0.00  32.24  25.25  54.65  63.05  20.00  41.05  63.00  63.00  64.00  43.05   0.00
13:25:39  91.4   0.0   0.8   7.8   0.0   28   3869   6436    0    0    0 107.61    0.00  30.75  23.75  53.12  65.05  20.00  41.05  65.00  65.00  64.00  43.05   0.00
13:25:40  92.9   0.0   0.4   6.8   0.0   24   3577   6571    0    0    0 109.07    0.00  31.26  24.31  53.50  65.05  20.00  41.05  65.00  65.00  64.00  43.05   0.00
13:25:41  89.3   0.0   3.5   7.2   0.0   26   2911   6275    0    0    1 108.49    0.00  31.03  24.02  53.44  65.05  20.00  41.05  65.00  65.00  64.00  43.05   0.00
13:25:42  94.9   0.0   0.2   4.9   0.0   28   2991   6576    0    0    0 110.57    0.00  31.75  24.80  54.02  64.05  20.00  42.05  63.00  63.00  65.00  43.05   0.00
13:25:43  89.1   0.0   0.5  10.3   0.0   28   3152   6125    0    0    0 104.85    0.00  29.86  22.90  52.09  65.05  20.00  42.05  66.00  66.00  65.00  43.05   0.00
13:25:44  92.9   0.0   0.3   6.9   0.0   26   2787   6266    0    0    0 106.58    0.00  30.49  23.61  52.49  65.05  20.00  42.05  65.00  65.00  65.00  44.05   0.00
13:25:45  92.4   0.0   0.2   7.4   0.0   28   2737   6397    0    0    1 107.27    0.00  30.56  23.47  53.24  64.05  20.00  42.05  64.00  64.00  65.00  44.05   0.00
13:25:46  76.7   0.0   4.4  18.9   0.0   19   1568 105146    0    0    0  96.34    0.00  27.10  20.15  49.10  66.05  20.00  42.05  66.00  66.00  64.00  44.05   0.00
13:25:47  56.0   0.0   1.3  42.7   0.0   21   4184  17337    0    0    1 102.54    0.00  29.33  22.63  50.58  66.05  20.00  42.05  66.00  66.00  64.00  44.05   0.00
13:25:48  95.3   0.0   0.4   4.3   0.0   28   3188   6687    0    0    0 112.01    0.00  32.16  25.13  54.72  65.05  20.00  42.05  65.00  65.00  67.00  44.05   0.00
13:25:49  87.9   0.0   0.3  11.9   0.0   25   3243   5924    0    0    0 103.81    0.00  29.74  22.86  51.21  66.05  20.00  42.05  66.00  66.00  67.00  44.05   0.00
13:25:50  74.6   0.0   0.8  24.6   0.0   19   5726 389017    0    0    0 100.39    0.00  28.60  21.83  49.96  66.05  20.00  42.05  66.00  66.00  66.00  44.05   0.00
13:25:51  75.5   0.0   0.4  24.0   0.0   27   3370   5172    0    0    0 110.06    0.00  31.70  24.74  53.63  66.05  20.00  42.05  67.00  67.00  66.00  44.05   0.00
13:25:52  92.5   0.0   0.3   7.2   0.0   21   4567   6197    0    0    0 108.22    0.00  30.97  23.99  53.26  63.05  20.00  42.05  63.00  63.00  65.00  44.05   0.00
13:25:53  82.9   0.0   0.5  16.6   0.0   24  26325   8156    0    0    0  99.16    0.00  28.08  21.21  49.86  65.05  20.00  42.05  65.00  65.00  65.00  44.05   0.00
13:25:54  89.1   0.0   0.3  10.6   0.0   26   5593   6116    0    0    0 102.92    0.00  29.29  22.46  51.17  63.05  20.00  42.05  63.00  63.00  65.00  44.05   0.00
13:25:55  82.2   0.0   1.0  16.7   0.0    4  11336   6438    0    0    0 104.02    0.00  29.59  22.63  51.80  64.05  20.00  42.05  64.00  64.00  65.00  44.05   0.00
13:25:56  88.8   0.0   0.9  10.4   0.0   17  38150   8935    0    0    0 105.57    0.00  30.14  23.29  52.15  62.05  20.00  42.05  62.00  62.00  65.00  44.05   0.00
13:25:57  92.4   0.0   0.4   7.1   0.0   22   6281   6395    0    0    1 109.85    0.00  31.47  24.53  53.85  66.05  20.00  42.05  66.00  66.00  65.00  44.05   0.00
13:25:58  88.4   0.0   0.7  10.9   0.0   21  25138   7856    0    0    0 106.01    0.00  30.12  23.02  52.87  64.05  20.00  42.05  64.00  64.00  66.00  44.05   0.00
13:25:59  88.3   0.0   0.2  11.5   0.0   23   4819   5995    0    0    0 101.62    0.00  28.91  22.12  50.60  63.05  20.00  42.05  63.00  63.00  66.00  44.05   0.00
13:26:00  84.6   0.0   0.3  15.1   0.0   23   4734   5914    0    0    0 102.69    0.00  29.07  22.07  51.56  65.05  20.00  42.05  65.00  65.00  64.00  44.05   0.00
13:26:01  86.1   0.0   1.3  12.5   0.0   26   5678   6296    0    0    0 108.67    0.00  31.07  24.07  53.54  66.05  20.00  42.05  66.00  66.00  64.00  44.05   0.00
13:26:02  90.4   0.0   0.3   9.3   0.0   24   5503   6401    0    0    1 106.64    0.00  30.48  23.58  52.58  63.05  20.00  42.05  62.00  62.00  66.00  44.05   0.00
13:26:03  86.1   0.0   0.3  13.6   0.0    2   4477   5944    0    0    0 102.68    0.00  29.16  22.22  51.30  65.05  20.00  42.05  65.00  65.00  66.00  44.05   0.00
13:26:04  92.9   0.0   0.4   6.7   0.0   19   4741   6258    0    0    0 109.86    0.00  31.49  24.55  53.82  66.05  20.00  42.05  66.00  66.00  66.00  44.05   0.00
13:26:05  86.6   0.0   0.2  13.2   0.0   22   5776   5910    0    0    0 102.49    0.00  29.12  22.23  51.14  63.05  20.00  42.05  63.00  63.00  65.00  44.05   0.00
13:26:06  89.7   0.0   1.3   9.1   0.0   29   4676   6160    0    0    0 109.73    0.00  31.16  23.88  54.68  65.05  20.00  42.05  65.00  65.00  66.00  44.05   0.00
13:26:07  85.7   0.0   0.2  14.1   0.0   23   4832   5788    0    0    0  98.08    0.00  27.76  21.03  49.29  64.05  20.00  43.05  64.00  64.00  66.00  44.05   0.00
13:26:08  82.2   0.0   0.2  17.6   0.0   19   4879   5837    0    0    0 106.03    0.00  30.27  23.33  52.43  66.05  20.00  43.05  66.00  66.00  65.00  44.05   0.00
13:26:09  87.8   0.0   0.3  12.0   0.0   28   3896   6410    0    0    0 105.88    0.00  30.20  23.26  52.42  66.05  20.00  43.05  66.00  66.00  65.00  45.05   0.00
13:26:10  87.4   0.0   0.2  12.4   0.0   25   4218   6381    0    0    0 104.36    0.00  29.76  22.93  51.68  63.05  20.00  43.05  64.00  64.00  65.00  45.05   0.00
13:26:11  83.9   0.0   0.5  15.6   0.0   25   3782   6064    0    0    0 105.88    0.00  30.14  23.10  52.64  65.05  20.00  43.05  65.00  65.00  65.00  45.05   0.00
13:26:12  91.6   0.0   0.3   8.1   0.0   26   4791   6178    0    0    0 107.73    0.00  30.83  23.97  52.93  66.05  20.00  43.05  67.00  67.00  65.00  45.05   0.00
13:26:13  92.8   0.0   0.4   6.8   0.0   19   4353   6274    2    0    2 113.04    0.00  32.31  25.08  55.66  67.05  20.00  43.05  67.00  67.00  65.00  45.05   0.00
13:26:14  94.9   0.0   0.3   4.8   0.0   25   5257   6484    0    0    0 113.88    0.00  32.74  25.74  55.41  68.05  20.00  43.05  67.00  67.00  65.00  45.05   0.00
13:26:15  92.4   0.0   0.5   7.1   0.0   25   5712   6423    0    0    0 111.98    0.00  32.12  25.02  54.84  65.05  20.00  43.05  65.00  65.00  67.00  45.05   0.00
13:26:16  91.1   0.0   0.3   8.6   0.0   26   4012   6066    0    0    0 109.48    0.00  31.29  24.23  53.96  67.05  20.00  43.05  67.00  67.00  68.00  45.05   0.00
13:26:17  96.8   0.0   0.3   2.9   0.0   27   6696   6645    0    0    0 114.98    0.00  33.15  26.22  55.60  68.05  20.00  43.05  68.00  68.00  68.00  45.05   0.00
13:26:18  90.9   0.0   0.3   8.9   0.0   23   5009   6191    0    0    0 109.43    0.00  31.25  24.17  54.02  67.05  20.00  43.05  67.00  67.00  68.00  45.05   0.00
13:26:19  93.2   0.0   0.2   6.6   0.0   22   6951   6499    0    0    0 111.19    0.00  31.94  25.04  54.21  67.05  20.00  43.05  67.00  67.00  68.00  45.05   0.00
13:26:20  92.0   0.0   0.4   7.7   0.0   25   5506   6248    0    0    0 112.89    0.00  32.37  25.29  55.23  67.05  20.00  43.05  67.00  67.00  67.00  45.05   0.00
13:26:21  95.1   0.0   0.3   4.6   0.0   27   5489   6482    0    0    0 113.95    0.00  32.69  25.59  55.68  68.05  20.00  43.05  68.00  68.00  67.00  45.05   0.00
13:26:22  91.8   0.0   0.3   7.9   0.0   25   5443   6265    0    0    0 112.16    0.00  32.10  25.06  54.99  66.05  20.00  43.05  66.00  66.00  68.00  45.05   0.00
13:26:23  96.1   0.0   0.4   3.5   0.0   19   6593   6717    0    0    1 115.21    0.00  33.19  26.25  55.76  68.05  20.00  43.05  68.00  68.00  68.00  45.05   0.00
13:26:24  91.9   0.0   0.3   7.8   0.0   17   5027   6109    0    0    0 111.95    0.00  32.10  25.03  54.81  66.05  20.00  43.05  66.00  65.00  68.00  45.05   0.00
13:26:25  88.9   0.0   0.6  10.5   0.0   23   6094   7385    1    0    1 109.95    0.00  31.40  24.34  54.21  67.05  20.00  43.05  67.00  67.00  68.00  45.05   0.00
13:26:26  91.9   0.0   0.2   7.9   0.0   22   6476   6300    0    0    0 108.47    0.00  31.07  24.23  53.17  65.05  20.00  43.05  65.00  65.00  68.00  45.05   0.00
13:26:27  86.6   0.0   0.7  12.8   0.0   22   4520   6854    1    0    1 105.19    0.00  29.89  22.88  52.42  66.05  20.00  43.05  65.00  65.00  68.00  45.05   0.00
13:26:28  95.5   0.0   0.5   4.1   0.0   19   6578   6720    0    0    1 117.14    0.00  33.64  26.44  57.07  68.05  20.00  43.05  68.00  68.00  67.00  45.05   0.00
13:26:29  64.2   0.0   0.8  35.0   0.0   19   1346 184213    3    0    0  97.37    0.00  27.60  20.63  49.14  67.05  20.00  43.05  68.00  68.00  67.00  46.05   0.00
13:26:30  66.4   0.0   2.5  31.1   0.0   19   3850  14956    0    0    0 105.51    0.00  30.15  23.45  51.91  68.05  20.00  43.05  68.00  68.00  67.00  46.05   0.00
13:26:31  28.4   0.0   0.1  71.5   0.0    2    708   2299    0    0    1  65.76    0.00  18.31  12.59  34.85  62.05  20.00  43.05  62.00  62.00  67.00  46.05   0.00
13:26:32  10.8   0.0   0.1  89.0   0.0    5    852   1548    2    0    2  54.72    0.00  14.68   8.85  31.19  68.05  20.00  43.05  68.00  68.00  64.00  46.05   0.00
13:26:33  10.8   0.0   0.0  89.2   0.0    2   2324   1386    2    0    2  56.08    0.00  15.04   9.18  31.86  61.05  20.00  43.05  62.00  62.00  64.00  46.05   0.00
13:26:34   5.6   0.0   0.1  94.3   0.0    2    633   1018    2    0    1  43.15    0.00  11.68   5.91  25.57  62.05  20.00  43.05  61.00  61.00  64.00  46.05   0.00
13:26:35   4.3   0.0   0.0  95.7   0.0    2    430    682    0    0    1  39.30    0.00  10.70   5.22  23.39  61.05  20.00  43.05  61.00  61.00  64.00  46.05   0.00
13:26:36   4.3   0.0   0.0  95.7   0.0    2    409    670    0    0    1  38.69    0.00  10.49   5.02  23.17  61.05  20.00  43.05  60.00  60.00  64.00  46.05   0.00
13:26:37   5.7   0.0   0.0  94.3   0.0    2    362    757    0    0    2  42.10    0.00  11.63   6.06  24.42  60.05  20.00  43.05  60.00  60.00  62.00  46.05   0.00
13:26:38   4.2   0.0   0.0  95.8   0.0    2    326    617    0    0    0  38.95    0.00  10.60   5.14  23.21  60.05  20.00  44.05  60.00  60.00  62.00  46.05   0.00
13:26:39   4.3   0.0   0.0  95.7   0.0    2    396    749    0    0    0  38.04    0.00  10.26   4.79  22.99  61.05  20.00  44.05  62.00  62.00  61.00  46.05   0.00
13:26:40   6.9   0.0   0.2  92.9   0.0    5   1654   1286    4    0    0  45.55    0.00  12.27   6.70  26.57  67.05  20.00  44.05  67.00  67.00  61.00  46.05   0.00
13:26:41   7.3   0.0   0.0  92.7   0.0    2   1097    978    0    0    0  45.17    0.00  12.22   6.58  26.37  60.05  20.00  44.05  60.00  60.00  61.00  46.05   0.00
13:26:42   5.1   0.0   0.0  94.8   0.0    2    621    765    0    0    3  40.76    0.00  11.01   5.25  24.51  57.05  20.00  44.05  57.00  57.00  61.00  46.05   0.00
13:26:43   7.5   0.0   0.0  92.5   0.0    3    623    908    0    0    0  44.64    0.00  12.13   6.47  26.04  60.05  20.00  44.05  60.00  60.00  61.00  46.05   0.00
13:26:44   5.4   0.0   0.1  94.5   0.0    3    715   1058    3    0    1  36.46    0.00   9.63   4.04  22.78  58.05  20.00  44.05  58.00  58.00  61.00  46.05   0.00
13:26:45  10.5   0.0   0.1  89.4   0.0    2   2422   1589    2    0    1  53.31    0.00  14.10   8.04  31.17  60.05  20.00  44.05  60.00  60.00  61.00  46.05   0.00
13:26:46   8.5   0.0   0.2  91.4   0.0    3   1084   1406    2    0    4  49.28    0.00  13.41   7.61  28.26  62.05  20.00  44.05  62.00  62.00  60.00  46.05   0.00
13:26:47   9.9   0.0   0.2  89.9   0.0    2   1641   1665    3    0    2  51.71    0.00  13.79   8.03  29.89  60.05  20.00  44.05  60.00  60.00  62.00  46.05   0.00
13:26:48   6.1   0.0   0.0  93.8   0.0    3    729    695    0    0    0  43.00    0.00  11.71   6.17  25.12  59.05  20.00  44.05  60.00  60.00  62.00  46.05   0.00
13:26:49   4.8   0.0   0.0  95.2   0.0    2    358    570    0    0    2  40.41    0.00  11.07   5.52  23.83  60.05  20.00  44.05  60.00  60.00  62.00  46.05   0.00
13:26:50   4.2   0.0   0.0  95.8   0.0    2    334    506    0    0    0  39.00    0.00  10.59   5.05  23.35  58.05  20.00  44.05  58.00  58.00  62.00  46.05   0.00
13:26:51   4.2   0.0   0.0  95.8   0.0    2    352    511    0    0    0  38.04    0.00  10.43   5.08  22.53  58.05  20.00  44.05  58.00  58.00  60.00  46.05   0.00
13:26:52   4.2   0.0   0.0  95.8   0.0    2    332    490    0    0    0  37.80    0.00  10.36   5.03  22.41  58.05  20.00  44.05  59.00  59.00  60.00  46.05   0.00
13:26:53   4.2   0.0   0.0  95.8   0.0    2    321    529    0    0    0  37.85    0.00  10.38   5.05  22.42  58.05  20.00  44.05  58.00  58.00  59.00  46.05   0.00
13:26:54   4.2   0.0   0.0  95.8   0.0    2    336    513    0    0    0  38.07    0.00  10.43   5.06  22.58  58.05  20.00  44.05  58.00  58.00  59.00  46.05   0.00
13:26:55   4.2   0.0   0.0  95.8   0.0    2    351    503    0    0    0  38.21    0.00  10.47   5.14  22.61  58.05  20.00  44.05  58.00  58.00  59.00  46.05   0.00
13:26:56   4.2   0.0   0.0  95.8   0.0    2    308    485    0    0    0  37.83    0.00  10.35   5.04  22.44  58.05  20.00  44.05  58.00  58.00  59.00  46.05   0.00
13:26:57   4.2   0.0   0.0  95.8   0.0    2    335    542    0    0    2  37.88    0.00  10.37   5.05  22.46  58.05  20.00  44.05  58.00  58.00  59.00  46.05   0.00
13:26:58   4.2   0.0   0.0  95.8   0.0    2    350    557    0    0    2  37.83    0.00  10.35   5.04  22.43  58.05  20.00  44.05  58.00  58.00  59.00  46.05   0.00
13:26:59   4.2   0.0   0.0  95.8   0.0    2    344    508    0    0    0  38.32    0.00  10.48   5.09  22.74  58.05  20.00  44.05  58.00  58.00  59.00  46.05   0.00
13:27:00   9.9   0.0   0.0  90.1   0.0   19    394  26189    0    0    0  51.55    0.00  14.55   9.04  27.96  65.05  20.00  44.05  65.00  65.00  59.00  46.05   0.00
13:27:01  68.3   0.0   0.6  31.1   0.0   19   8612  99125    0    0    0 105.54    0.00  30.09  23.23  52.23  62.05  20.00  44.05  62.00  62.00  59.00  46.05   0.00
13:27:02  59.5   0.0   0.1  40.4   0.0    2    447   3919    0    0    0  91.02    0.00  25.78  19.34  45.90  58.05  20.00  44.05  58.00  57.00  59.00  46.05   0.00
13:27:03   4.7   0.0   0.0  95.3   0.0    2    456    695    0    0    1  38.92    0.00  10.67   5.25  23.00  58.05  20.00  44.05  58.00  58.00  65.00  46.05   0.00
13:27:04   4.2   0.0   0.0  95.8   0.0    2    338    604    0    0    0  37.80    0.00  10.35   5.04  22.41  58.05  20.00  44.05  58.00  58.00  65.00  46.05   0.00
13:27:05   4.2   0.0   0.0  95.8   0.0    2    299    621    0    0    0  37.74    0.00  10.34   5.03  22.37  58.05  20.00  44.05  58.00  58.00  65.00  46.05   0.00
13:27:06   4.2   0.0   0.0  95.8   0.0    2    329    627    0    0    0  38.80    0.00  10.54   5.04  23.23  58.05  20.00  44.05  58.00  58.00  59.00  46.05   0.00
13:27:07   4.2   0.0   0.0  95.8   0.0    2    356    651    0    0    0  37.77    0.00  10.34   5.04  22.39  58.05  20.00  44.05  58.00  58.00  59.00  46.05   0.00
13:27:08   4.2   0.0   0.0  95.8   0.0    2    312    636    0    0    0  37.73    0.00  10.33   5.03  22.36  58.05  20.00  44.05  58.00  58.00  59.00  46.05   0.00
13:27:09   4.3   0.0   0.0  95.7   0.0    2    344    640    0    0    0  37.88    0.00  10.38   5.07  22.44  58.05  20.00  44.05  58.00  58.00  59.00  46.05   0.00
13:27:10   4.2   0.0   0.0  95.8   0.0    2    312    621    0    0    0  37.71    0.00  10.33   5.04  22.34  58.05  20.00  44.05  58.00  58.00  59.00  46.05   0.00
13:27:11   4.2   0.0   0.0  95.8   0.0    2    355    642    0    0    0  37.70    0.00  10.32   5.03  22.35  58.05  20.00  44.05  58.00  58.00  59.00  46.05   0.00
13:27:12   4.2   0.0   0.0  95.8   0.0    2    318    673    0    0    0  38.77    0.00  10.60   5.17  23.00  57.05  20.00  44.05  57.00  57.00  59.00  46.05   0.00
13:27:13   4.2   0.0   0.0  95.8   0.0    2    323    635    0    0    0  38.75    0.00  10.53   5.04  23.19  58.05  20.00  44.05  58.00  58.00  58.00  46.05   0.00
13:27:14   4.2   0.0   0.0  95.8   0.0    2    318    633    0    0    0  37.39    0.00  10.19   4.88  22.32  58.05  20.00  44.05  58.00  58.00  58.00  46.05   0.00
13:27:15   9.1   0.0   0.1  90.8   0.0    3    652   1360    2    0    0  51.11    0.00  13.65   8.01  29.46  60.05  20.00  44.05  60.00  60.00  58.00  45.05   0.00
13:27:16   6.0   0.0   0.0  94.0   0.0    2    433    834    0    0    2  44.26    0.00  12.16   6.40  25.70  62.05  20.00  44.05  62.00  62.00  58.00  45.05   0.00
13:27:17   4.2   0.0   0.0  95.8   0.0    2    350    651    0    0    0  40.68    0.00  11.18   5.90  23.60  62.05  20.00  44.05  62.00  62.00  60.00  45.05   0.00
13:27:18   4.2   0.0   0.0  95.8   0.0    2    310    621    0    0    0  40.60    0.00  11.15   5.89  23.56  62.05  20.00  44.05  62.00  62.00  60.00  45.05   0.00
13:27:19   4.2   0.0   0.0  95.8   0.0    2    360    634    0    0    0  40.65    0.00  11.15   5.89  23.60  62.05  20.00  44.05  62.00  62.00  63.00  45.05   0.00
13:27:20   5.6   0.0   0.1  94.3   0.0    2    396    800    0    0    0  40.09    0.00  10.94   5.52  23.63  56.05  20.00  44.05  56.00  56.00  63.00  45.05   0.00
13:27:21   4.2   0.0   0.0  95.8   0.0    2    305    602    0    0    0  29.38    0.00   7.55   2.20  19.63  56.05  20.00  44.05  56.00  56.00  60.00  45.05   0.00
13:27:22   4.2   0.0   0.0  95.8   0.0    2    332    635    0    0    0  30.27    0.00   7.71   2.20  20.36  55.05  20.00  44.05  55.00  55.00  60.00  45.05   0.00
13:27:23   4.9   0.0   0.1  95.0   0.0    5    701   1094    4    0    0  32.22    0.00   8.29   2.82  21.12  62.05  20.00  44.05  62.00  62.00  57.00  45.05   0.00
13:27:24   9.5   0.0   0.1  90.5   0.0    3    932   1192    0    0    3  51.13    0.00  13.94   8.24  28.95  58.05  20.00  44.05  58.00  58.00  57.00  45.05   0.00
13:27:25   6.0   0.0   0.0  93.9   0.0    2    712   1031    1    0    2  41.83    0.00  11.34   5.88  24.60  58.05  20.00  44.05  58.00  58.00  57.00  45.05   0.00
13:27:26   4.2   0.0   0.0  95.8   0.0    2    328    625    0    0    0  37.52    0.00  10.28   4.97  22.27  57.05  20.00  44.05  57.00  57.00  64.00  45.05   0.00
13:27:27   4.2   0.0   0.0  95.8   0.0    2    433    675    0    0    0  37.60    0.00  10.30   4.97  22.32  57.05  20.00  44.05  57.00  57.00  58.00  45.05   0.00
13:27:28   4.3   0.0   0.0  95.7   0.0    3    330    624    0    0    0  37.40    0.00  10.23   4.90  22.26  57.05  20.00  44.05  57.00  57.00  58.00  45.05   0.00
13:27:29   4.3   0.0   0.0  95.7   0.0    2    305    635    0    0    1  37.77    0.00  10.36   5.04  22.37  57.05  20.00  44.05  57.00  57.00  58.00  45.05   0.00
13:27:30   4.2   0.0   0.0  95.8   0.0    2    312    617    0    0    0  37.42    0.00  10.24   4.93  22.25  58.05  20.00  44.05  58.00  58.00  58.00  45.05   0.00
13:27:31   4.2   0.0   0.0  95.8   0.0    2    395    717    0    0    0  38.53    0.00  10.46   4.95  23.12  57.05  20.00  44.05  57.00  57.00  57.00  45.05   0.00
13:27:32   4.2   0.0   0.0  95.8   0.0    2    328    638    0    0    0  35.31    0.00   9.49   4.17  21.64  57.05  20.00  44.05  57.00  57.00  57.00  45.05   0.00
13:27:33   4.2   0.0   0.0  95.8   0.0    2    316    682    0    0    0  37.48    0.00  10.27   4.96  22.25  56.05  20.00  44.05  56.00  56.00  57.00  45.05   0.00
13:27:34   4.3   0.0   0.0  95.7   0.0    2    356    656    0    0    0  37.57    0.00  10.30   4.98  22.30  57.05  20.00  44.05  57.00  57.00  57.00  45.05   0.00
13:27:35   4.2   0.0   0.0  95.8   0.0    2    361    650    0    0    0  37.17    0.00  10.15   4.84  22.18  57.05  20.00  44.05  56.00  56.00  57.00  45.05   0.00
13:27:36   4.2   0.0   0.0  95.8   0.0    2    318    644    0    0    0  38.46    0.00  10.45   4.95  23.06  57.05  20.00  44.05  57.00  57.00  57.00  45.05   0.00
13:27:37   4.2   0.0   0.0  95.8   0.0    2    313    635    0    0    0  38.39    0.00  10.43   4.93  23.03  56.05  20.00  44.05  56.00  56.00  57.00  45.05   0.00
13:27:38   4.2   0.0   0.0  95.8   0.0    2    314    628    0    0    0  37.45    0.00  10.25   4.95  22.25  56.05  20.00  44.05  56.00  56.00  57.00  45.05   0.00
13:27:39   4.2   0.0   0.1  95.8   0.0    2    371    677    0    0    0  37.37    0.00  10.22   4.92  22.23  57.05  20.00  44.05  57.00  57.00  57.00  45.05   0.00
13:27:40   4.2   0.0   0.0  95.8   0.0    2    318    625    0    0    0  37.40    0.00  10.23   4.93  22.24  57.05  20.00  44.05  57.00  57.00  57.00  45.05   0.00
13:27:41   4.3   0.0   0.0  95.7   0.0    2    328    691    0    0    0  37.46    0.00  10.24   4.94  22.28  55.05  20.00  44.05  55.00  55.00  57.00  45.05   0.00
13:27:42   4.2   0.0   0.0  95.8   0.0    2    308    615    0    0    0  37.14    0.00  10.14   4.84  22.16  56.05  20.00  44.05  56.00  56.00  57.00  45.05   0.00
13:27:43   4.2   0.0   0.0  95.8   0.0    2    356    661    0    0    0  37.04    0.00  10.10   4.81  22.13  56.05  20.00  44.05  55.00  55.00  57.00  45.05   0.00
13:27:44   4.2   0.0   0.0  95.8   0.0    2    324    640    0    0    0  37.36    0.00  10.23   4.91  22.22  55.05  20.00  44.05  56.00  56.00  57.00  45.05   0.00
13:27:45   4.2   0.0   0.0  95.8   0.0    2    298    623    0    0    0  37.31    0.00  10.20   4.91  22.20  56.05  20.00  44.05  56.00  56.00  57.00  45.05   0.00
13:27:46   4.2   0.0   0.0  95.8   0.0    2    316    642    0    0    0  38.38    0.00  10.42   4.93  23.04  57.05  20.00  44.05  57.00  57.00  57.00  45.05   0.00
13:27:47   4.2   0.0   0.0  95.8   0.0    2    386    658    0    0    0  37.19    0.00  10.16   4.87  22.17  55.05  20.00  44.05  58.00  58.00  57.00  45.05   0.00
13:27:48   4.2   0.0   0.0  95.8   0.0    2    320    624    0    0    0  37.27    0.00  10.18   4.90  22.19  56.05  20.00  44.05  57.00  57.00  57.00  45.05   0.00
13:27:49   4.2   0.0   0.0  95.8   0.0    2    287    622    0    0    0  37.24    0.00  10.20   4.91  22.13  56.05  20.00  43.05  56.00  56.00  57.00  45.05   0.00
13:27:50   4.3   0.0   0.1  95.6   0.0    2    338    679    0    0    0  37.62    0.00  10.29   4.99  22.34  56.05  20.00  43.05  56.00  56.00  57.00  45.05   0.00
13:27:51   4.2   0.0   0.0  95.8   0.0    2    370    664    0    0    0  37.54    0.00  10.19   4.80  22.55  56.05  20.00  43.05  56.00  56.00  57.00  45.05   0.00
13:27:52   4.2   0.0   0.0  95.8   0.0    2    320    634    0    0    0  37.75    0.00  10.28   4.90  22.58  55.05  20.00  43.05  55.00  55.00  57.00  45.05   0.00
13:27:53   8.5   0.0   0.2  91.3   0.0    2    968   1440    4    0    2  47.02    0.00  12.62   6.93  27.47  54.05  20.00  43.05  54.00  54.00  57.00  45.05   0.00
13:27:54   4.2   0.0   0.0  95.8   0.0    2    351    628    0    0    1  33.71    0.00   8.79   3.24  21.67  55.05  20.00  44.05  54.00  54.00  56.00  45.05   0.00
13:27:55   7.5   0.0   1.9  90.5   0.0    2   1736   1943   11    4    3  53.39    0.00  14.28   8.16  30.95  55.05  20.00  44.05  55.00  55.00  56.00  45.05   0.00
13:27:56   2.6   0.0   1.6  95.8   0.0    2    376    675    0    0    0  40.04    0.00  10.91   5.43  23.69  57.05  20.00  44.05  57.00  57.00  56.00  45.05   0.00
13:27:57   1.2   0.0   3.5  95.3   0.0    2   1418   2616    4    2  107  44.16    0.00  11.86   6.00  26.30  56.05  20.00  44.05  56.00  56.00  56.00  45.05   0.00
13:27:58   1.7   0.0   3.7  94.3   0.4    5    726   1585    2    0    9  45.48    0.00  11.66   5.46  28.36  65.05  20.00  44.05  65.00  65.00  58.00  45.05   0.00
-------- ----- ----- ----- ----- ----- ---- ------ ------ ---- ---- ---- ------  ------ ------ ------ ------ ------ ------ ------ ------ ------ ------ ------ ------
 Average  47.2   0.0   1.3  51.6   0.0 13.5 29310.5 15108.3  2.2  0.6  2.0  78.05    0.00  22.02  15.81  40.22  61.03  20.00  42.02  60.98  60.97  61.46  43.49   0.00
 GeoMean   0.0   0.0   0.0  29.1   0.0  7.8 2838.8 3549.0  0.0  0.0  0.0  69.28    0.00  19.30  12.05  37.07  60.89  20.00  41.98  60.84  60.83  61.32  43.42   0.00
  StdDev  39.3   0.0   4.3  39.8   0.1 10.9 121830.7 43721.5  9.5  7.0 10.5  32.87    0.00   9.65   8.89  14.37   4.13   0.00   1.92   4.14   4.14   4.01   2.37   0.00
-------- ----- ----- ----- ----- ----- ---- ------ ------ ---- ---- ---- ------  ------ ------ ------ ------ ------ ------ ------ ------ ------ ------ ------ ------
 Minimum   0.0   0.0   0.0   0.0   0.0  2.0  230.0  144.0  0.0  0.0  0.0   7.21    0.00   1.61   0.06   5.54  48.05  20.00  39.05  47.00  47.00  48.00  39.05   0.00
 Maximum  99.9   0.0  38.5 100.0   0.5 34.0 1071934.0 389017.0 80.0 104.0 107.0 124.62    0.00  36.24  29.64  58.74  75.05  20.00  44.05  75.00  75.00  68.00  46.05   0.00
-------- ----- ----- ----- ----- ----- ---- ------ ------ ---- ---- ---- ------  ------ ------ ------ ------ ------ ------ ------ ------ ------ ------ ------ ------
Summary:
CPU:  78.05 Watts on average with standard deviation 32.87 
Note: power read from RAPL domains: uncore, pkg-0, core, psys.
These readings do not cover all the hardware in this device.

Histogram (of 224 power measurements)

  Range (Watts)   Count
  7.205 -  18.946     3 #
 18.947 -  30.688     2 
 30.689 -  42.429    65 #########################
 42.430 -  54.171    16 ######
 54.172 -  65.913     7 ##
 65.914 -  77.654     2 
 77.655 -  89.396     4 #
 89.397 - 101.137    12 ####
101.138 - 112.879   103 ########################################
112.880 - 124.621    10 ###

Histogram (of 224 CPU utilization measurements)

  Range (%CPU)    Count
  0.042 -  10.032    86 ########################################
 10.033 -  20.024    11 #####
 20.025 -  30.016     6 ##
 30.017 -  40.007     2 
 40.008 -  49.999     2 
 50.000 -  59.991     4 #
 59.992 -  69.982    11 #####
 69.983 -  79.974    24 ###########
 79.975 -  89.966    22 ##########
 89.967 -  99.957    56 ##########################

Histogram (of 224 thermal zone TCPU readings)

 Range (°C)    Count
48.050 - 50.749     3 ##
50.750 - 53.449     0 
53.450 - 56.149    28 ######################
56.150 - 58.849    50 ########################################
58.850 - 61.549    42 #################################
61.550 - 64.249    45 ####################################
64.250 - 66.949    36 ############################
66.950 - 69.649    19 ###############
69.650 - 72.349     0 
72.350 - 75.049     1 

Range is zero, cannot produce histogram of thermal zone iwlwifi_1

Histogram (of 224 thermal zone INT3400 Thermal readings)

 Range (°C)    Count
39.050 - 39.549    41 #####################
39.550 - 40.049    25 #############
40.050 - 40.549     0 
40.550 - 41.049    21 ###########
41.050 - 41.549     0 
41.550 - 42.049    25 #############
42.050 - 42.549     0 
42.550 - 43.049    36 ##################
43.050 - 43.549     0 
43.550 - 44.049    76 ########################################

Histogram (of 224 thermal zone SEN3 readings)

 Range (°C)    Count
47.000 - 49.799     3 #
49.800 - 52.599     0 
52.600 - 55.399    10 ######
55.400 - 58.199    66 ########################################
58.200 - 60.999    45 ###########################
61.000 - 63.799    38 #######################
63.800 - 66.599    40 ########################
66.600 - 69.399    21 ############
69.400 - 72.199     0 
72.200 - 74.999     1 

Histogram (of 224 thermal zone TCPU_PCI readings)

 Range (°C)    Count
47.000 - 49.799     3 #
49.800 - 52.599     0 
52.600 - 55.399    10 ######
55.400 - 58.199    66 ########################################
58.200 - 60.999    45 ###########################
61.000 - 63.799    38 #######################
63.800 - 66.599    40 ########################
66.600 - 69.399    21 ############
69.400 - 72.199     0 
72.200 - 74.999     1 

Histogram (of 224 thermal zone x86_pkg_temp readings)

 Range (°C)    Count
48.000 - 49.999     6 ######
50.000 - 51.999     0 
52.000 - 53.999     0 
54.000 - 55.999     6 ######
56.000 - 57.999    40 ########################################
58.000 - 59.999    39 #######################################
60.000 - 61.999    40 ########################################
62.000 - 63.999    34 ##################################
64.000 - 65.999    37 #####################################
66.000 - 67.999    22 ######################

Histogram (of 224 thermal zone acpitz readings)

 Range (°C)    Count
39.050 - 39.749    23 ##############
39.750 - 40.449    20 ############
40.450 - 41.149    10 ######
41.150 - 41.849     0 
41.850 - 42.549    21 #############
42.550 - 43.249    15 #########
43.250 - 43.949     0 
43.950 - 44.649    25 ###############
44.650 - 45.349    64 ########################################
45.350 - 46.049    46 ############################

Range is zero, cannot produce histogram of thermal zone SEN2
