Running for 86400.0 seconds (86400 samples at 1.0 second intervals).
Power measurements will start in 0 seconds time.

  Time    User  Nice   Sys  Idle    IO  Run Ctxt/s  IRQ/s Fork Exec Exit  Watts  uncore  pkg-0   core   psys   TCPU x86_pk INT340   SEN3 TCPU_P iwlwif acpitz   SEN2
14:10:28   0.0   0.0   0.0  99.9   0.0    2    187    306    0    0    0   7.89    0.00   1.93   0.10   5.85  48.05  48.00  20.00  39.05  48.00  49.00  39.05   0.00
14:10:29   0.0   0.0   0.0 100.0   0.0    1    235    139    0    0    0   8.73    0.00   2.15   0.05   6.52  48.05  48.00  20.00  39.05  48.00  49.00  39.05   0.00
14:10:30   0.1   0.0   0.1  99.8   0.0    3    347    196   15    5    9   7.16    0.00   1.80   0.16   5.20  47.05  47.00  20.00  39.05  47.00  49.00  39.05   0.00
14:10:31  13.4   0.0   1.1  85.5   0.0    3  16345   3674   34    0    0  35.05    0.00   9.50   4.30  21.25  48.05  48.00  20.00  39.05  48.00  49.00  39.05   0.00
14:10:32  15.9   0.0   0.7  83.4   0.0    6  19777   3377    0    0    0  38.53    0.00  10.32   4.88  23.33  48.05  48.00  20.00  39.05  48.00  49.00  39.05   0.00
14:10:33  19.4   0.0   1.3  79.4   0.0    7  12170   2874    0    0    0  41.79    0.00  11.57   6.16  24.06  48.05  48.00  20.00  39.05  48.00  49.00  39.05   0.00
14:10:34  19.5   0.0   0.8  79.7   0.0    5  17700   4447    4    0    0  42.60    0.00  11.49   5.98  25.13  48.05  48.00  20.00  39.05  48.00  49.00  39.05   0.00
14:10:35  18.8   0.0   0.8  80.4   0.0    6  10944   2913    1    0    1  42.15    0.00  11.59   6.00  24.56  48.05  48.00  20.00  39.05  48.00  49.00  39.05   0.00
14:10:36  22.9   0.0   1.2  75.8   0.0    3  15830   3733   50    0    0  43.28    0.00  11.91   6.42  24.94  48.05  48.00  20.00  39.05  48.00  49.00  39.05   0.00
14:10:37  25.9   0.0   1.2  73.0   0.0    6  33805   5382    8    0    0  42.10    0.00  11.47   6.00  24.62  49.05  49.00  20.00  39.05  49.00  49.00  39.05   0.00
14:10:38  29.5   0.0   1.8  68.8   0.0    6  39913   5500   26    0    0  44.89    0.00  12.15   6.39  26.35  48.05  48.00  20.00  39.05  48.00  49.00  39.05   0.00
14:10:39  11.6   0.0   3.0  85.3   0.0    2   5884   2304   11    7    7  34.48    0.00   9.71   4.42  20.35  48.05  48.00  20.00  39.05  48.00  49.00  39.05   0.00
14:10:40  10.4   0.0   1.3  88.3   0.0    5  16006   3982   64    3   41  35.07    0.00   9.37   3.73  21.96  48.05  48.00  20.00  39.05  48.00  49.00  39.05   0.00
14:10:41  56.5   0.0   2.0  41.5   0.0   36  30788  10810   52    0    0  48.69    0.00  13.12   7.57  28.00  48.05  48.00  20.00  39.05  48.00  49.00  39.05   0.00
14:10:42  92.7   0.0   2.4   4.9   0.0   25  13191  13466    0    0    0  57.12    0.01  15.42   9.58  32.12  48.05  48.00  20.00  39.05  48.00  49.00  39.05   0.00
14:10:43  51.9   0.0   2.8  45.3   0.0   14  76788  16298    1    0    1  54.10    0.00  14.33   8.38  31.38  48.05  48.00  20.00  38.05  48.00  49.00  39.05   0.00
14:10:44  43.6   0.0   2.3  54.0   0.0    7  31939   7657    0    0    1  55.36    0.00  14.68   8.60  32.09  49.05  49.00  20.00  38.05  49.00  49.00  39.05   0.00
14:10:45  32.7   0.0   1.6  65.7   0.0    3  20179  10042    0    0   16  46.49    0.00  12.52   6.82  27.16  48.05  48.00  20.00  38.05  48.00  49.00  39.05   0.00
14:10:46  11.5   0.0   0.6  87.9   0.0    5   4772   2320    4    0    2  35.26    0.01   9.88   4.54  20.83  48.05  48.00  20.00  38.05  48.00  50.00  39.05   0.00
14:10:47  13.0   0.0   0.3  86.6   0.0    6   6150   2287   16   10   15  36.15    0.01  10.07   4.66  21.42  49.05  49.00  20.00  38.05  49.00  49.00  39.05   0.00
14:10:48   8.1   0.0   1.4  90.5   0.0    5   4630   4079   80   96   79  42.28    0.01  10.92   4.11  27.24  50.05  50.00  20.00  39.05  49.00  49.00  39.05   0.00
14:10:49  17.8   0.0   0.6  81.6   0.0    5  14538   3150    5    0    7  35.81    0.00   9.95   4.47  21.40  48.05  48.00  20.00  39.05  48.00  52.00  39.05   0.00
14:10:50  20.5   0.0   0.8  78.7   0.0    6   8522   2786    2    0    1  37.32    0.01  10.46   4.84  22.01  49.05  49.00  20.00  39.05  49.00  52.00  39.05   0.00
14:10:51  41.5   0.0   1.1  57.3   0.0   20  29598   5897   20    0    2  50.70    0.01  13.91   7.99  28.80  49.05  49.00  20.00  39.05  49.00  49.00  39.05   0.00
14:10:52  70.9   0.0   1.3  27.7   0.0   24  29562  17781   10    0   10  61.24    0.01  16.82  10.85  33.56  49.05  49.00  20.00  39.05  50.00  49.00  39.05   0.00
14:10:53  81.3   0.0   1.2  17.5   0.0   22  14655   7014    4    0    4  65.53    0.01  18.03  11.90  35.59  49.05  49.00  20.00  38.05  49.00  50.00  39.05   0.00
14:10:54  80.0   0.0   0.9  19.0   0.0   20  15543   7156    2    0    5  65.56    0.01  18.06  11.88  35.61  49.05  49.00  20.00  38.05  50.00  50.00  39.05   0.00
14:10:55  78.9   0.0   1.2  19.9   0.0   20  33976   8794    2    0    2  66.88    0.01  18.51  12.30  36.06  49.05  49.00  20.00  38.05  50.00  50.00  39.05   0.00
14:10:56  77.3   0.0   1.8  20.9   0.0   20  30178   8454    1    1    1  65.33    0.01  17.89  11.51  35.93  50.05  50.00  20.00  38.05  50.00  50.00  39.05   0.00
14:10:57  61.3   0.0   0.5  38.1   0.0    7  10876   5663    0    0    0  61.03    0.00  16.53  10.31  34.19  49.05  49.00  20.00  38.05  49.00  50.00  39.05   0.00
14:10:58  22.7   0.0   0.3  77.1   0.0   19  10150   2792    0    0    3  39.88    0.00  11.08   5.63  23.17  50.05  50.00  20.00  39.05  50.00  50.00  39.05   0.00
14:10:59  74.6   0.0   1.1  24.3   0.0   18  10454   6447    0    0    1  68.01    0.00  18.82  12.58  36.62  50.05  50.00  20.00  39.05  50.00  50.00  39.05   0.00
14:11:00  74.0   0.0   1.4  24.6   0.0   20  19633   8689    0    0    0  65.03    0.00  17.91  11.60  35.52  50.05  50.00  20.00  39.05  50.00  50.00  39.05   0.00
14:11:01  73.0   0.0   3.8  23.2   0.0   20  70132  22144    0    0    0  66.41    0.00  18.35  12.09  35.98  50.05  50.00  20.00  39.05  50.00  51.00  39.05   0.00
14:11:02  77.9   0.0   1.2  20.8   0.0   20  14300   8076    0    0    0  68.37    0.00  18.84  12.31  37.22  51.05  51.00  20.00  39.05  51.00  51.00  39.05   0.00
14:11:03  76.4   0.0   0.9  22.6   0.0   17  10498   6724    0    0    0  65.76    0.00  18.16  11.80  35.79  50.05  50.00  20.00  39.05  49.00  51.00  39.05   0.00
14:11:04  58.4   0.0   0.9  40.6   0.1   13  12465   6058    0    0    0  57.56    0.00  15.17   8.77  33.61  50.05  49.00  20.00  39.05  49.00  51.00  39.05   0.00
14:11:05  70.4   0.0   1.5  28.1   0.0   19  12505  42321    1    1    1  62.01    0.00  16.88  10.58  34.54  50.05  50.00  20.00  39.05  50.00  51.00  39.05   0.00
14:11:06  62.4   0.0   0.5  37.1   0.0   19   5597   5148    1    1    5  56.81    0.01  15.58   9.58  31.65  50.05  50.00  20.00  39.05  50.00  51.00  39.05   0.00
14:11:07  76.9   0.0   1.0  22.1   0.0   20   5736   6000    1    1    1  67.20    0.01  18.61  12.19  36.39  50.05  50.00  20.00  39.05  50.00  51.00  39.05   0.00
14:11:08  75.2   0.0   1.2  23.7   0.0   20   7724   7096    0    0   69  63.25    0.01  17.26  10.85  35.14  50.05  50.00  20.00  39.05  50.00  51.00  39.05   0.00
14:11:09  73.0   0.0   0.9  26.1   0.0   15  14963   7412    0    0    1  63.87    0.01  17.49  11.04  35.33  51.05  51.00  20.00  39.05  51.00  51.00  39.05   0.00
14:11:10  76.9   0.0   0.8  22.2   0.0   20   5566   6196    0    0    0  60.50    0.00  16.31   9.94  34.26  50.05  50.00  20.00  39.05  50.00  51.00  39.05   0.00
14:11:11  77.6   0.0   0.6  21.9   0.0    3   4420   5882    0    0    0  64.10    0.00  17.60  11.19  35.30  50.05  50.00  20.00  39.05  50.00  51.00  40.05   0.00
14:11:12  75.2   0.0   1.1  23.7   0.0   17  12398   7257    0    0    0  64.68    0.00  17.80  11.37  35.51  50.05  50.00  20.00  39.05  50.00  51.00  40.05   0.00
14:11:13  66.8   0.0   5.0  28.2   0.0   19  90104  26416    0    0    0  61.01    0.00  16.59  10.33  34.09  50.05  50.00  20.00  39.05  50.00  51.00  40.05   0.00
14:11:14  63.7   0.0   2.3  34.0   0.0    3  42462  51350    0    0    0  58.14    0.00  15.85   9.74  32.55  50.05  50.00  20.00  39.05  50.00  51.00  40.05   0.00
14:11:15  71.1   0.0   2.7  26.3   0.0   13  51150  16408    0    0    0  62.02    0.00  16.99  10.67  34.37  50.05  50.00  20.00  39.05  50.00  51.00  40.05   0.00
14:11:16  59.0   0.0   3.6  37.4   0.0   20  64662  19552    0    0    0  57.69    0.00  15.49   9.33  32.86  50.05  50.00  20.00  39.05  50.00  51.00  40.05   0.00
14:11:17  73.3   0.0   5.1  21.5   0.0   20 107429  31747    0    0    0  61.42    0.00  16.75  10.48  34.19  51.05  51.00  20.00  39.05  51.00  51.00  40.05   0.00
14:11:18  69.6   0.0   8.0  22.3   0.0   20 165216  46828    0    0    0  61.95    0.00  16.74  10.26  34.95  51.05  50.00  20.00  39.05  50.00  51.00  40.05   0.00
14:11:19  65.6   0.0   4.9  29.5   0.0    8  76103  22382    0    0    0  60.52    0.00  16.34   9.90  34.27  51.05  51.00  20.00  39.05  51.00  51.00  40.05   0.00
14:11:20  62.8   0.0   8.0  29.2   0.0   20 145259  40834    0    0    0  59.55    0.00  16.22  10.02  33.31  51.05  51.00  20.00  39.05  51.00  52.00  40.05   0.00
14:11:21  61.5   0.0  12.5  26.1   0.0   17 218766  59496    0    0    0  60.38    0.00  16.38  10.19  33.81  51.05  51.00  20.00  39.05  51.00  52.00  40.05   0.00
14:11:22  63.3   0.0  14.1  22.6   0.0   18 276591  75405    0    0    0  60.51    0.00  16.45  10.32  33.74  51.05  51.00  20.00  39.05  51.00  52.00  40.05   0.00
14:11:23  58.4   0.0  18.3  23.2   0.0   18 316027  85427    0    0    0  58.09    0.00  15.64   9.52  32.92  50.05  50.00  20.00  39.05  50.00  52.00  40.05   0.00
14:11:24  53.5   0.0  23.4  23.0   0.0   19 377755  98140    0    0    1  55.89    0.00  14.96   8.94  31.99  51.05  51.00  20.00  39.05  51.00  52.00  40.05   0.00
14:11:25  55.0   0.0  21.0  23.9   0.0   20 361213  96343    1    0    0  57.27    0.00  15.25   8.99  33.03  51.05  51.00  20.00  39.05  51.00  52.00  40.05   0.00
14:11:26  46.4   0.0  29.8  23.8   0.0   19 419599 109294    0    0    0  54.16    0.00  14.43   8.53  31.21  51.05  51.00  20.00  39.05  51.00  52.00  40.05   0.00
14:11:27  42.9   0.0  33.4  23.8   0.0   17 421990 109767    0    0    0  53.02    0.00  14.07   8.17  30.79  51.05  51.00  20.00  39.05  51.00  52.00  40.05   0.00
14:11:28  42.4   0.0  32.8  24.7   0.0   18 445550 114358    0    0    1  52.43    0.00  13.89   8.05  30.49  51.05  51.00  20.00  39.05  51.00  52.00  40.05   0.00
14:11:29  43.9   0.0  32.5  23.5   0.0   20 432476 112000    0    0    0  53.34    0.00  14.18   8.32  30.84  51.05  51.00  20.00  39.05  51.00  52.00  40.05   0.00
14:11:30  46.7   0.0  29.7  23.6   0.0   19 414776 106974    0    0    0  54.42    0.00  14.50   8.59  31.33  51.05  51.00  20.00  39.05  51.00  52.00  40.05   0.00
14:11:31  56.1   0.0  19.5  24.4   0.0   20 294256  80758    0    0    0  58.80    0.00  15.85   9.67  33.28  51.05  51.00  20.00  39.05  51.00  52.00  40.05   0.00
14:11:32  60.8   0.0  15.0  24.2   0.0   19 256893  70761    0    0    0  59.75    0.00  16.16   9.92  33.67  51.05  51.00  20.00  39.05  51.00  52.00  40.05   0.00
14:11:33  29.0   0.0   1.8  69.2   0.0    2  38719  11835    0    0    2  42.65    0.00  11.75   6.03  24.87  51.05  51.00  20.00  39.05  51.00  52.00  40.05   0.00
14:11:34  10.2   0.0   0.3  89.4   0.0    5   1191   1457    6    0    0  34.48    0.00   9.57   3.95  20.95  51.05  51.00  20.00  39.05  51.00  52.00  40.05   0.00
14:11:35  24.8   0.0   1.9  73.3   0.0    2   4995   2785    0    0    1  40.28    0.00  11.16   5.36  23.76  51.05  51.00  20.00  39.05  51.00  52.00  40.05   0.00
14:11:36  15.1   0.0   0.1  84.8   0.0   18   2810   1914    7    0    6  32.70    0.00   8.97   3.53  20.19  51.05  51.00  20.00  39.05  51.00  52.00  41.05   0.00
14:11:37  62.3   0.0   0.4  37.3   0.0    5   9706   7329    2    0    0  55.25    0.00  15.07   9.21  30.98  51.05  51.00  20.00  39.05  51.00  52.00  41.05   0.00
14:11:38   9.4   0.0   0.3  90.3   0.0    2    839   1399    2    0    2  30.67    0.00   8.48   3.03  19.17  51.05  51.00  20.00  39.05  51.00  52.00  41.05   0.00
14:11:39  31.6   0.0   0.4  68.0   0.0    5   6756   2746    0    0    5  42.02    0.00  11.60   5.97  24.46  51.05  51.00  20.00  39.05  51.00  52.00  41.05   0.00
14:11:40  60.9   0.0   1.5  37.5   0.1   19  12644  87105    0    0    0  59.80    0.00  16.16   9.62  34.01  52.05  52.00  20.00  39.05  52.00  52.00  41.05   0.00
14:11:41  58.6   0.0   0.0  41.3   0.0    5    835   4230    0    0    0  57.79    0.00  15.97  10.13  31.69  52.05  52.00  20.00  39.05  52.00  52.00  40.05   0.00
14:11:42  17.0   0.0   0.0  83.0   0.0    5   1406   1658    2    0    0  35.62    0.00  10.12   4.47  21.03  51.05  51.00  20.00  39.05  51.00  53.00  40.05   0.00
14:11:43  14.1   0.0   0.3  85.6   0.0    8   2714   1820    1    0    1  34.44    0.00   9.71   4.11  20.62  51.05  51.00  20.00  39.05  51.00  53.00  40.05   0.00
14:11:44  17.0   0.0   0.3  82.7   0.0    5   2847   1843    0    0    0  34.71    0.00   9.81   4.22  20.69  51.05  51.00  20.00  40.05  51.00  52.00  40.05   0.00
14:11:45   6.1   0.0   0.0  93.9   0.0    2    425    832    0    0    5  31.32    0.00   8.76   3.50  19.06  51.05  51.00  20.00  40.05  51.00  52.00  40.05   0.00
14:11:46  18.5   0.0   1.1  80.4   0.0    5   6089   2461    4    0    0  40.71    0.00  11.25   5.43  24.03  51.05  51.00  20.00  40.05  51.00  52.00  41.05   0.00
14:11:47  32.1   0.0   0.4  67.5   0.0   28   7635   3584    6    0    0  43.28    0.00  12.25   6.55  24.48  51.05  51.00  20.00  40.05  51.00  52.00  41.05   0.00
14:11:48  75.5   0.0   0.7  23.8   0.0   14  17774   7054    0    0    1  63.75    0.00  17.44  11.44  34.88  52.05  52.00  20.00  40.05  52.00  52.00  41.05   0.00
14:11:49  54.9   0.0   0.4  44.7   0.0   14  20524   5553    0    0    1  57.56    0.00  15.22   9.07  33.28  52.05  52.00  20.00  40.05  52.00  52.00  41.05   0.00
14:11:50  48.7   0.0   0.5  50.7   0.0   22  19967   4965    0    0    1  53.13    0.00  14.07   8.33  30.73  52.05  52.00  20.00  40.05  51.00  52.00  41.05   0.00
14:11:51  44.7   0.0   0.6  54.7   0.0    7  16974   4538    0    0    3  51.37    0.00  13.66   7.84  29.86  51.05  51.00  20.00  40.05  51.00  52.00  40.05   0.00
14:11:52  26.2   0.0   0.6  73.2   0.0    6  15821   3637    2    0    3  40.88    0.00  11.03   5.58  24.26  51.05  51.00  20.00  40.05  51.00  52.00  40.05   0.00
14:11:53  13.8   0.0   0.3  85.9   0.0    5   3970   1967    2    0    2  35.55    0.00  10.02   4.56  20.97  51.05  51.00  20.00  40.05  51.00  52.00  40.05   0.00
14:11:54  89.3   0.0   1.2   9.6   0.0   28  12465   7918   29    0    0  64.55    0.00  17.88  11.84  34.83  52.05  52.00  20.00  40.05  52.00  52.00  40.05   0.00
14:11:55  99.8   0.0   0.1   0.1   0.0   28   2655   6810    0    0    1  65.29    0.00  17.97  11.86  35.45  52.05  52.00  20.00  40.05  52.00  52.00  40.05   0.00
14:11:56  94.6   0.0   1.6   3.8   0.0   33   2529   6448    0    0    0  67.07    0.00  18.58  12.41  36.08  52.05  52.00  20.00  40.05  52.00  52.00  41.05   0.00
14:11:57  96.8   0.0   0.1   3.1   0.0   28   5827   6904    0    0    7  70.16    0.00  19.55  13.26  37.36  53.05  53.00  20.00  40.05  53.00  53.00  41.05   0.00
14:11:58  93.8   0.0   2.4   3.8   0.0   28   2021   6254    0    0    0  67.24    0.00  18.61  12.41  36.22  52.05  52.00  20.00  40.05  52.00  53.00  41.05   0.00
14:11:59  94.3   0.0   1.1   4.6   0.0   28   1041   6006    0    0    0  68.16    0.00  18.85  12.60  36.71  52.05  52.00  20.00  40.05  52.00  53.00  41.05   0.00
14:12:00  80.9   0.0   1.3  17.8   0.0    5   2422   5550    0    0    0  71.09    0.00  19.96  13.50  37.62  52.05  52.00  20.00  40.05  52.00  53.00  41.05   0.00
14:12:01  21.0   0.0   0.1  78.8   0.0   19   2614   2132    7    0    0  34.09    0.00   9.44   3.93  20.72  52.05  52.00  20.00  40.05  52.00  53.00  41.05   0.00
14:12:02  91.4   0.0   2.9   5.6   0.0   28   4352   6825    0    0    1  76.83    0.00  21.55  14.94  40.35  53.05  53.00  20.00  40.05  53.00  52.00  41.05   0.00
14:12:03  80.1   0.0   1.8  18.2   0.0   19   4310 120574    0    0    0  67.10    0.00  18.58  12.13  36.39  54.05  54.00  20.00  40.05  54.00  52.00  41.05   0.00
14:12:04  62.9   0.0   0.1  37.1   0.0    6   1121   7342    0    0    0  55.93    0.00  15.14   9.02  31.77  53.05  53.00  20.00  40.05  53.00  54.00  41.05   0.00
14:12:05  39.5   0.0   1.1  59.4   0.0    8  30825   7089    3    0    6  44.90    0.00  12.04   6.34  26.52  52.05  52.00  20.00  40.05  52.00  54.00  41.05   0.00
14:12:06  25.4   0.0   0.7  73.9   0.0    7  19309   4658    0    0    0  43.84    0.00  11.81   6.07  25.97  51.05  51.00  20.00  40.05  51.00  54.00  41.05   0.00
14:12:07  30.6   0.0   0.3  69.0   0.0    5  11881   4176    0    0    0  46.74    0.00  12.82   7.12  26.80  52.05  52.00  20.00  40.05  52.00  53.00  41.05   0.00
14:12:08  17.0   0.0   0.1  82.9   0.0    5   5287   3210    0    0    0  35.99    0.00  10.19   4.65  21.15  52.05  52.00  20.00  40.05  52.00  53.00  41.05   0.00
14:12:09  15.4   0.0   0.1  84.5   0.0    2   4147   3062    0    0    2  35.18    0.00   9.96   4.46  20.75  52.05  52.00  20.00  40.05  52.00  53.00  41.05   0.00
14:12:10  18.1   0.0   0.1  81.8   0.0    8   6686   3458    0    0    0  37.79    0.00  10.63   5.10  22.05  51.05  51.00  20.00  40.05  51.00  52.00  41.05   0.00
14:12:11  40.9   0.0   0.2  58.9   0.0   19   7132   4536    4    0    0  46.36    0.00  12.86   7.00  26.50  51.05  51.00  20.00  40.05  51.00  52.00  41.05   0.00
14:12:12  70.3   0.0   0.4  29.3   0.0   27   6080   5609    2    0    0  60.17    0.00  16.52  10.29  33.36  52.05  52.00  20.00  40.05  52.00  52.00  41.05   0.00
14:12:13  98.3   0.0   0.8   1.0   0.0   27   8252   8331    0    0    0  69.42    0.00  19.32  12.98  37.11  52.05  54.00  20.00  40.05  54.00  52.00  41.05   0.00
14:12:14  97.3   0.0   0.7   2.0   0.0   27   9677   8356    0    0    0  71.23    0.00  19.92  13.47  37.84  52.05  52.00  20.00  40.05  52.00  53.00  41.05   0.00
14:12:15  97.3   0.0   0.5   2.2   0.0   29   6491   7519    0    0    0  71.68    0.00  20.04  13.59  38.05  53.05  53.00  20.00  40.05  53.00  53.00  41.05   0.00
14:12:16  97.5   0.0   0.5   2.0   0.0   28   6886   7602    0    0    0  71.87    0.00  19.97  13.35  38.55  52.05  52.00  20.00  40.05  52.00  53.00  41.05   0.00
14:12:17  73.0   0.0   0.5  26.5   0.0   28   6933   7121    0    0    2  62.20    0.00  17.12  10.82  34.26  53.05  53.00  20.00  40.05  53.00  53.00  41.05   0.00
14:12:18  99.5   0.0   0.4   0.1   0.0   28   4967   7553    0    0    0  71.89    0.00  20.11  13.63  38.14  54.05  54.00  20.00  40.05  54.00  54.00  41.05   0.00
14:12:19  99.0   0.0   0.4   0.5   0.0   28   4174   7255    0    0    0  71.33    0.00  19.79  13.19  38.35  54.05  54.00  20.00  40.05  54.00  53.00  41.05   0.00
14:12:20  99.2   0.0   0.7   0.1   0.0   28   4419   7460    0    0    0  70.04    0.00  19.36  12.86  37.82  54.05  54.00  20.00  40.05  54.00  53.00  41.05   0.00
14:12:21  99.1   0.0   0.3   0.5   0.0   19   3274   6815    0    0    0  69.74    0.00  19.40  13.06  37.28  54.05  54.00  20.00  40.05  54.00  54.00  41.05   0.00
14:12:22  99.7   0.0   0.2   0.1   0.0   28   3509   7023    0    0    0  69.08    0.00  19.20  12.88  37.01  54.05  54.00  20.00  40.05  54.00  54.00  41.05   0.00
14:12:23  98.9   0.0   0.4   0.7   0.0   28   3175   6795    0    0    0  72.34    0.00  20.24  13.75  38.35  54.05  54.00  20.00  40.05  54.00  54.00  41.05   0.00
14:12:24  99.5   0.0   0.4   0.0   0.0   29   3753   7441    0    0    0  72.83    0.00  20.39  13.89  38.55  54.05  54.00  20.00  40.05  54.00  54.00  41.05   0.00
14:12:25  99.3   0.0   0.2   0.5   0.0   30   3394   7097    0    0    0  74.34    0.00  20.74  14.01  39.59  53.05  53.00  20.00  40.05  53.00  54.00  41.05   0.00
14:12:26  99.6   0.0   0.3   0.1   0.0   28   3265   6885    0    0    0  74.39    0.00  20.87  14.28  39.24  54.05  54.00  20.00  40.05  54.00  54.00  41.05   0.00
14:12:27  98.5   0.0   0.6   0.9   0.0   30   3354   7078    0    0    0  74.37    0.00  20.86  14.27  39.23  54.05  54.00  20.00  40.05  54.00  54.00  41.05   0.00
14:12:28  98.6   0.0   0.3   1.1   0.0   28   3142   6879    0    0    0  74.03    0.00  20.76  14.19  39.08  54.05  54.00  20.00  40.05  54.00  54.00  41.05   0.00
14:12:29  99.8   0.0   0.2   0.0   0.0   28   2239   6612    0    0    0  75.60    0.00  21.26  14.72  39.62  53.05  53.00  20.00  40.05  53.00  54.00  41.05   0.00
14:12:30  97.7   0.0   1.1   1.2   0.0   30   2523   6685    0    0    0  75.70    0.00  21.28  14.68  39.74  54.05  54.00  20.00  40.05  54.00  54.00  41.05   0.00
14:12:31  97.6   0.0   0.5   1.9   0.0   28   5970   7312    0    0    0  75.21    0.00  21.09  14.46  39.66  54.05  54.00  20.00  40.05  54.00  54.00  41.05   0.00
14:12:32  99.8   0.0   0.2   0.0   0.0   28   2631   6801    0    0    0  75.56    0.00  21.24  14.62  39.70  54.05  54.00  20.00  40.05  54.00  54.00  42.05   0.00
14:12:33  96.7   0.0   1.2   2.1   0.0   28   2643   6741    0    0    0  74.73    0.00  20.96  14.33  39.44  54.05  54.00  20.00  40.05  54.00  54.00  42.05   0.00
14:12:34  97.9   0.0   0.3   1.8   0.0   28   3121   6860    0    0    0  75.54    0.00  21.20  14.53  39.82  55.05  55.00  20.00  40.05  55.00  54.00  42.05   0.00
14:12:35  97.7   0.0   0.8   1.5   0.0   28   2777   6991    0    0    1  76.39    0.00  21.33  14.51  40.55  55.05  55.00  20.00  40.05  55.00  55.00  42.05   0.00
14:12:36  99.5   0.0   0.5   0.1   0.0   28   2765   6704    0    0    0  75.80    0.00  21.18  14.42  40.20  54.05  54.00  20.00  40.05  54.00  55.00  42.05   0.00
14:12:37  98.0   0.0   0.7   1.4   0.0   28   5260   8662    0    0    0  77.07    0.01  21.59  14.75  40.73  54.05  54.00  20.00  40.05  54.00  55.00  41.05   0.00
14:12:38  98.0   0.0   0.4   1.6   0.0   28   2116   6543    0    0    0  76.82    0.01  21.51  14.78  40.53  55.05  55.00  20.00  40.05  55.00  55.00  41.05   0.00
14:12:39  98.3   0.0   0.2   1.5   0.0   28   2094   6397    1    1    4  77.46    0.01  21.71  14.97  40.78  54.05  54.00  20.00  40.05  54.00  55.00  41.05   0.00
14:12:40  95.7   0.0   2.1   2.3   0.0   28   1837   6587    1    1    1  76.91    0.01  21.52  14.75  40.63  55.05  55.00  20.00  40.05  55.00  55.00  41.05   0.00
14:12:41  97.6   0.0   0.5   1.9   0.0   28   4566   8107    1    0    0  78.80    0.01  22.02  15.06  41.71  55.05  55.00  20.00  40.05  55.00  55.00  41.05   0.00
14:12:42  99.5   0.0   0.4   0.0   0.0   28   3457   7833    0    0    0  78.86    0.00  22.14  15.29  41.44  54.05  54.00  20.00  40.05  54.00  55.00  42.05   0.00
14:12:43  95.7   0.0   1.7   2.5   0.0   28   1579   6209    0    0    0  77.28    0.00  21.64  14.90  40.73  55.05  55.00  20.00  40.05  55.00  55.00  42.05   0.00
14:12:44  97.6   0.0   0.2   2.2   0.0   29   2018   6608    0    0    0  78.46    0.00  22.00  15.20  41.26  54.05  54.00  20.00  40.05  54.00  55.00  42.05   0.00
14:12:45  94.9   0.0   1.9   3.2   0.0   29   1757   6593    0    0    0  78.66    0.00  21.93  14.98  41.75  55.05  55.00  20.00  41.05  55.00  55.00  42.05   0.00
14:12:46  98.4   0.0   0.1   1.5   0.0   19   1607   6634    0    0    0  78.16    0.00  21.93  15.15  41.08  54.05  54.00  20.00  41.05  54.00  55.00  42.05   0.00
14:12:47  99.0   0.0   0.1   0.8   0.0   28   1659   6375    0    0    0  78.73    0.00  22.11  15.33  41.30  55.05  55.00  20.00  41.05  55.00  55.00  42.05   0.00
14:12:48  94.8   0.0   2.2   3.0   0.0   28   1841   6370    0    0    0  73.84    0.00  20.58  13.97  39.29  54.05  54.00  20.00  41.05  54.00  55.00  42.05   0.00
14:12:49  99.8   0.0   0.1   0.0   0.0   28   1660   6414    0    0    1  71.14    0.00  19.65  13.05  38.44  54.05  54.00  20.00  41.05  54.00  55.00  42.05   0.00
14:12:50  97.5   0.0   0.1   2.4   0.0   29   1632   6362    0    0    0  72.78    0.00  20.12  13.43  39.22  54.05  54.00  20.00  40.05  54.00  55.00  42.05   0.00
14:12:51  99.8   0.0   0.1   0.0   0.0   28   1611   6406    0    0    0  69.99    0.00  19.43  13.03  37.53  55.05  55.00  20.00  40.05  55.00  55.00  42.05   0.00
14:12:52  81.9   0.0   2.8  15.4   0.0   19  18528  56947    0    0    0  65.13    0.00  17.75  11.36  36.01  54.05  55.00  20.00  40.05  55.00  55.00  42.05   0.00
14:12:53  74.3   0.0   0.1  25.6   0.0   28   4335  12900    0    0    2  67.98    0.00  18.98  12.68  36.32  55.05  55.00  20.00  40.05  55.00  55.00  42.05   0.00
14:12:54  99.9   0.0   0.1   0.0   0.0   28   1287   6346    0    0    1  78.15    0.00  21.93  15.20  41.02  55.05  55.00  20.00  40.05  55.00  55.00  42.05   0.00
14:12:55  99.2   0.0   0.1   0.7   0.0   28   1441   6311    0    0    0  80.28    0.00  22.43  15.44  42.41  55.05  55.00  20.00  40.05  55.00  55.00  42.05   0.00
14:12:56  99.3   0.0   0.2   0.5   0.0   28   1330   6311    0    0    1  79.51    0.00  22.32  15.54  41.65  55.05  55.00  20.00  40.05  55.00  55.00  42.05   0.00
14:12:57  99.0   0.0   0.1   0.9   0.0   29   1303   6206    0    0    0  79.72    0.00  22.38  15.57  41.77  55.05  55.00  20.00  40.05  55.00  55.00  42.05   0.00
14:12:58  99.9   0.0   0.1   0.0   0.0   28   1209   6270    0    0    0  80.09    0.00  22.51  15.71  41.88  55.05  55.00  20.00  40.05  55.00  55.00  42.05   0.00
14:12:59  97.0   0.0   1.3   1.7   0.0   28   1475   6214    0    0    0  78.54    0.00  22.01  15.26  41.26  55.05  55.00  20.00  40.05  55.00  55.00  42.05   0.00
14:13:00  98.6   0.0   0.1   1.3   0.0   28   1340   6176    0    0    0  79.78    0.00  22.37  15.54  41.86  55.05  55.00  20.00  41.05  55.00  55.00  42.05   0.00
14:13:01  95.7   0.0   2.1   2.2   0.0   28   1313   6139    0    0    0  80.16    0.00  22.35  15.35  42.46  55.05  55.00  20.00  41.05  55.00  56.00  42.05   0.00
14:13:02  99.1   0.0   0.0   0.9   0.0   28   1232   6224    0    0    0  80.03    0.00  22.47  15.70  41.85  56.05  56.00  20.00  41.05  56.00  56.00  42.05   0.00
14:13:03  60.3   0.0   0.3  39.4   0.0   28   2932   4712    6    0    1  59.66    0.00  16.72  10.40  32.55  55.05  55.00  20.00  41.05  55.00  56.00  42.05   0.00
14:13:04  99.6   0.0   0.3   0.1   0.0   28   3243   7062    0    0    0  81.28    0.00  22.94  16.23  42.11  55.05  55.00  20.00  41.05  55.00  56.00  42.05   0.00
14:13:05  22.4   0.0   0.1  77.5   0.0    5   2904   2237    0    0    0  39.95    0.00  11.11   5.22  23.62  54.05  54.00  20.00  41.05  54.00  56.00  42.05   0.00
14:13:06  12.1   0.0   0.0  87.9   0.0    4    817   1190    2    0    7  33.48    0.00   9.37   3.92  20.19  54.05  54.00  20.00  41.05  54.00  56.00  42.05   0.00
14:13:07  15.7   0.0   0.3  84.1   0.0    5   2210   1763    1    0    0  31.23    0.00   8.68   3.12  19.43  54.05  54.00  20.00  41.05  54.00  56.00  43.05   0.00
14:13:08   5.5   0.0   0.0  94.5   0.0    2    541    734    0    0    1  28.44    0.00   7.73   2.43  18.28  54.05  54.00  20.00  41.05  54.00  55.00  43.05   0.00
14:13:09   5.2   0.0   0.0  94.8   0.0    2    442    694    0    0    3  27.58    0.00   7.47   2.19  17.92  54.05  54.00  20.00  41.05  54.00  54.00  43.05   0.00
14:13:10   5.8   0.0   0.0  94.2   0.0    4    342    692    0    0    0  27.81    0.00   7.54   2.22  18.06  54.05  54.00  20.00  41.05  54.00  54.00  43.05   0.00
14:13:11   4.6   0.0   0.0  95.3   0.0    3    401    694    0    0    0  28.16    0.00   7.52   2.03  18.61  54.05  54.00  20.00  41.05  54.00  54.00  43.05   0.00
14:13:12  14.3   0.0   3.8  81.8   0.0   19    348   1432    0    0    0  34.70    0.00   9.36   3.74  21.60  54.05  54.00  20.00  41.05  54.00  54.00  43.05   0.00
14:13:13  17.7   0.0   0.7  81.6   0.0    4   1669   2188    4    0    0  31.33    0.00   8.56   2.98  19.80  54.05  54.00  20.00  41.05  54.00  54.00  43.05   0.00
14:13:14  11.2   0.0   0.2  88.5   0.0    3   1284   1448    1    0    1  29.56    0.00   8.18   2.70  18.68  54.05  54.00  20.00  41.05  54.00  54.00  43.05   0.00
14:13:15   7.8   0.0   0.1  92.1   0.0    3    758   1100    1    0    2  27.54    0.00   7.49   2.07  17.99  54.05  54.00  20.00  41.05  54.00  54.00  43.05   0.00
14:13:16  10.7   0.0   0.1  89.2   0.0    3    726   1345    3    0    2  29.16    0.00   7.98   2.45  18.72  52.05  52.00  20.00  41.05  52.00  54.00  43.05   0.00
14:13:17  13.9   0.0   0.2  85.9   0.0    5   2121   1843    1    0    1  29.83    0.00   8.24   2.70  18.89  52.05  52.00  20.00  41.05  52.00  54.00  43.05   0.00
14:13:18  10.5   0.0   0.1  89.4   0.0    2   1499   1236    0    0    0  29.50    0.00   8.14   2.75  18.62  54.05  54.00  20.00  41.05  54.00  54.00  43.05   0.00
14:13:19   6.0   0.0   0.0  93.9   0.0    2    747    860    0    0    2  29.88    0.00   8.11   2.61  19.16  54.05  54.00  20.00  41.05  54.00  54.00  43.05   0.00
14:13:20   4.2   0.0   0.0  95.7   0.0    2    378    655    0    0    2  29.60    0.00   7.98   2.54  19.08  52.05  52.00  20.00  41.05  52.00  54.00  43.05   0.00
14:13:21   4.3   0.0   0.0  95.7   0.0    2    326    698    0    0    0  27.96    0.00   7.58   2.33  18.05  54.05  54.00  20.00  41.05  54.00  54.00  43.05   0.00
14:13:22   9.4   0.0   0.3  90.3   0.0    3    729   1400    2    0    0  28.20    0.00   7.72   2.31  18.17  52.05  52.00  20.00  41.05  52.00  54.00  43.05   0.00
14:13:23  13.3   0.0   0.1  86.5   0.0    3   1021   1613    3    0    1  29.69    0.00   8.19   2.69  18.81  52.05  52.00  20.00  41.05  52.00  53.00  43.05   0.00
14:13:24   9.0   0.0   0.0  91.0   0.0    4    396    970    0    0    2  28.87    0.00   7.92   2.48  18.47  52.05  52.00  20.00  41.05  52.00  53.00  43.05   0.00
14:13:25   8.3   0.0   0.0  91.6   0.0    2    740   1023    0    0    2  29.94    0.00   8.12   2.58  19.24  52.05  52.00  20.00  41.05  52.00  53.00  43.05   0.00
14:13:26   4.5   0.0   0.0  95.5   0.0    2    350    686    0    0    0  28.77    0.00   7.70   2.28  18.79  52.05  52.00  20.00  41.05  52.00  53.00  43.05   0.00
14:13:27   4.3   0.0   0.0  95.7   0.0    2    400    644    0    0    0  27.83    0.00   7.53   2.30  18.00  52.05  52.00  20.00  41.05  52.00  53.00  43.05   0.00
14:13:28   4.2   0.0   0.0  95.8   0.0    2    322    632    0    0    0  27.99    0.00   7.56   2.32  18.11  52.05  52.00  20.00  41.05  52.00  53.00  43.05   0.00
14:13:29   9.1   0.0   0.2  90.8   0.0    5    917   1370    4    0    0  29.32    0.00   8.05   2.67  18.61  52.05  52.00  20.00  41.05  52.00  53.00  43.05   0.00
14:13:30  14.2   0.0   0.1  85.7   0.0    5   1458   1540    0    0    0  31.03    0.00   8.64   3.12  19.28  52.05  52.00  20.00  41.05  52.00  53.00  43.05   0.00
14:13:31   3.0   0.0   2.5  94.5   0.0    2   1770   1832    6    4  102  33.16    0.00   9.12   3.62  20.42  52.05  52.00  20.00  41.05  52.00  53.00  43.05   0.00
-------- ----- ----- ----- ----- ----- ---- ------ ------ ---- ---- ---- ------  ------ ------ ------ ------ ------ ------ ------ ------ ------ ------ ------ ------
 Average  56.1   0.0   2.4  41.5   0.0 16.1 34194.6 13688.0  2.9  0.7  2.6  54.73    0.00  15.09   9.08  30.56  51.89  51.84  20.00  39.78  51.84  52.52  40.83   0.00
 GeoMean   0.0   0.0   0.0  13.7   0.0 11.3 5775.7 5630.8  0.0  0.0  0.0  50.95    0.00  13.99   7.36  29.06  51.84  51.80  20.00  39.77  51.80  52.48  40.81   0.00
  StdDev  35.5   0.0   6.0  35.9   0.0 10.5 89078.7 25134.5 10.0  7.1 11.2  18.04    0.00   5.09   4.49   8.51   2.16   2.18   0.00   0.84   2.17   1.97   1.33   0.00
-------- ----- ----- ----- ----- ----- ---- ------ ------ ---- ---- ---- ------  ------ ------ ------ ------ ------ ------ ------ ------ ------ ------ ------ ------
 Minimum   0.0   0.0   0.0   0.0   0.0  1.0  187.0  139.0  0.0  0.0  0.0   7.16    0.00   1.80   0.05   5.20  47.05  47.00  20.00  38.05  47.00  49.00  39.05   0.00
 Maximum  99.9   0.0  33.4 100.0   0.1 36.0 445550.0 120574.0 80.0 96.0 102.0  81.28    0.01  22.94  16.23  42.46  56.05  56.00  20.00  41.05  56.00  56.00  43.05   0.00
-------- ----- ----- ----- ----- ----- ---- ------ ------ ---- ---- ---- ------  ------ ------ ------ ------ ------ ------ ------ ------ ------ ------ ------ ------
Summary:
CPU:  54.73 Watts on average with standard deviation 18.04 
Note: power read from RAPL domains: uncore, pkg-0, core, psys.
These readings do not cover all the hardware in this device.

Histogram (of 184 power measurements)

 Range (Watts)  Count
 7.161 - 14.571     3 ###
14.572 - 21.983     0 
21.984 - 29.395    13 ###############
29.396 - 36.807    30 ###################################
36.808 - 44.218    18 #####################
44.219 - 51.630     8 #########
51.631 - 59.042    21 ########################
59.043 - 66.454    31 ####################################
66.455 - 73.865    26 ##############################
73.866 - 81.277    34 ########################################

Histogram (of 184 CPU utilization measurements)

  Range (%CPU)    Count
  0.042 -  10.032    22 ###############
 10.033 -  20.024    28 ####################
 20.025 -  30.016    11 #######
 30.017 -  40.007     6 ####
 40.008 -  49.999     6 ####
 50.000 -  59.991     5 ###
 59.992 -  69.982     8 #####
 69.983 -  79.974    36 #########################
 79.975 -  89.966     6 ####
 89.967 -  99.957    56 ########################################

Histogram (of 184 thermal zone TCPU readings)

 Range (°C)    Count
47.050 - 47.949     1 #
47.950 - 48.849    17 #################
48.850 - 49.749    10 ##########
49.750 - 50.649    20 ####################
50.650 - 51.549    36 ####################################
51.550 - 52.449    33 #################################
52.450 - 53.349     7 #######
53.350 - 54.249    39 ########################################
54.250 - 55.149    20 ####################
55.150 - 56.049     1 #

Histogram (of 184 thermal zone x86_pkg_temp readings)

 Range (°C)    Count
47.000 - 47.899     1 #
47.900 - 48.799    17 #################
48.800 - 49.699    11 ###########
49.700 - 50.599    20 ####################
50.600 - 51.499    35 ###################################
51.500 - 52.399    32 ################################
52.400 - 53.299     7 #######
53.300 - 54.199    39 ########################################
54.200 - 55.099    21 #####################
55.100 - 55.999     1 #

Range is zero, cannot produce histogram of thermal zone INT3400 Thermal

Histogram (of 184 thermal zone SEN3 readings)

 Range (°C)    Count
38.050 - 38.349    10 #####
38.350 - 38.649     0 
38.650 - 38.949     0 
38.950 - 39.249    66 #####################################
39.250 - 39.549     0 
39.550 - 39.849     0 
39.850 - 40.149    71 ########################################
40.150 - 40.449     0 
40.450 - 40.749     0 
40.750 - 41.049    37 ####################

Histogram (of 184 thermal zone TCPU_PCI readings)

 Range (°C)    Count
47.000 - 47.899     1 #
47.900 - 48.799    17 #################
48.800 - 49.699    10 ##########
49.700 - 50.599    21 #####################
50.600 - 51.499    36 ####################################
51.500 - 52.399    31 ###############################
52.400 - 53.299     7 #######
53.300 - 54.199    39 ########################################
54.200 - 55.099    21 #####################
55.100 - 55.999     1 #

Histogram (of 184 thermal zone iwlwifi_1 readings)

 Range (°C)    Count
49.000 - 49.699    22 ####################
49.700 - 50.399     9 ########
50.400 - 51.099    19 #################
51.100 - 51.799     0 
51.800 - 52.499    43 ########################################
52.500 - 53.199    25 #######################
53.200 - 53.899     0 
53.900 - 54.599    32 #############################
54.600 - 55.299    27 #########################
55.300 - 55.999     7 ######

Histogram (of 184 thermal zone acpitz readings)

 Range (°C)    Count
39.050 - 39.449    43 #################################
39.450 - 39.849     0 
39.850 - 40.249    35 ###########################
40.250 - 40.649     0 
40.650 - 41.049    51 ########################################
41.050 - 41.449     0 
41.450 - 41.849     0 
41.850 - 42.249    30 #######################
42.250 - 42.649     0 
42.650 - 43.049    25 ###################

Range is zero, cannot produce histogram of thermal zone SEN2
