Running for 86400.0 seconds (86400 samples at 1.0 second intervals).
Power measurements will start in 0 seconds time.

  Time    User  Nice   Sys  Idle    IO  Run Ctxt/s  IRQ/s Fork Exec Exit  Watts  uncore  pkg-0   core   psys   TCPU x86_pk INT340   SEN3 TCPU_P iwlwif acpitz   SEN2
11:45:29   0.0   0.0   0.0 100.0   0.0    1    198    268    0    0    0   7.77    0.00   1.89   0.10   5.78  39.05  39.00  20.00  28.05  39.00  40.00  28.05   0.00
11:45:30   0.0   0.0   0.0 100.0   0.0    1    220    119    0    0    0   5.91    0.00   1.46   0.04   4.41  39.05  39.00  20.00  28.05  39.00  41.00  28.05   0.00
11:45:31   0.1   0.0   0.2  99.7   0.0    3    697    244   10    5    9   8.89    0.00   2.20   0.11   6.58  39.05  39.00  20.00  28.05  39.00  41.00  28.05   0.00
11:45:32  12.6   0.0   1.2  86.0   0.3    2  18032   4082   40    0    1  41.90    0.00  10.58   4.08  27.23  42.05  42.00  20.00  28.05  42.00  40.00  28.05   0.00
11:45:33  14.8   0.0   0.6  84.5   0.1    7  20754   3698    1    0    0  44.06    0.00  11.36   4.94  27.75  39.05  40.00  20.00  28.05  40.00  40.00  28.05   0.00
11:45:34  19.5   0.0   1.0  79.5   0.1    6  13554   3104    0    0    0  42.12    0.00  11.39   5.41  25.31  42.05  42.00  20.00  28.05  42.00  40.00  28.05   0.00
11:45:35  15.4   0.0   1.2  83.3   0.1    4  14763   3962    4    0    0  42.49    0.00  10.92   4.24  27.33  40.05  40.00  20.00  28.05  40.00  42.00  28.05   0.00
11:45:36  18.4   0.0   0.9  80.6   0.1    5  14577   3023    1    0    3  43.68    0.00  11.32   4.74  27.62  42.05  42.00  20.00  28.05  42.00  42.00  28.05   0.00
11:45:37  18.5   0.0   0.8  80.7   0.0    5   8234   2641    0    0    0  39.65    0.00  10.78   4.83  24.05  39.05  39.00  20.00  28.05  40.00  42.00  28.05   0.00
11:45:38  20.2   0.0   0.8  79.0   0.1    5  10505   2893    0    0    0  43.13    0.00  11.39   4.85  26.89  40.05  40.00  20.00  28.05  40.00  42.00  28.05   0.00
11:45:39  26.8   0.0   1.3  71.8   0.2    5  32325   5544   63    0    0  47.14    0.00  12.25   5.76  29.12  42.05  42.00  20.00  28.05  42.00  42.00  28.05   0.00
11:45:40  28.3   0.0   0.8  70.8   0.0    8  28911   4691   18    0    0  46.34    0.00  12.22   5.80  28.32  42.05  42.00  20.00  28.05  42.00  42.00  28.05   0.00
11:45:41  16.6   0.0   2.3  81.0   0.1    3  18274   3072    0    0    1  38.46    0.00  10.33   4.52  23.61  39.05  39.00  20.00  28.05  39.00  42.00  28.05   0.00
11:45:42   8.3   0.0   1.7  89.7   0.3    2   8329   2731   53   10   47  35.67    0.00   9.38   3.51  22.79  43.05  43.00  20.00  28.05  43.00  42.00  28.05   0.00
11:45:43  11.2   0.0   1.6  86.5   0.6    2  23574   6556   38    0    0  41.90    0.00  10.33   3.55  28.02  43.05  43.00  20.00  28.05  43.00  42.00  28.05   0.00
11:45:44  71.9   0.0   1.9  26.2   0.0   32  25078  10701   32    0    0  57.93    0.00  14.83   8.02  35.08  40.05  40.00  20.00  28.05  40.00  42.00  29.05   0.00
11:45:45  69.6   0.0   2.9  27.4   0.1    8  20830  12089    0    0    1  62.96    0.00  15.92   8.60  38.44  43.05  43.00  20.00  28.05  43.00  44.00  29.05   0.00
11:45:46  42.5   0.0   2.3  55.1   0.1   12  33738  11280    0    0    0  56.45    0.00  13.92   6.65  35.88  43.05  43.00  20.00  28.05  43.00  43.00  29.05   0.00
11:45:47  46.5   0.0   2.6  50.9   0.1   10  61622  16070    0    0    6  53.58    0.00  13.51   6.86  33.21  40.05  40.00  20.00  29.05  40.00  43.00  29.05   0.00
11:45:48  21.6   0.0   0.8  77.5   0.1    5   8167   3539    3    0   11  40.92    0.00  10.81   4.74  25.36  43.05  43.00  20.00  29.05  43.00  44.00  29.05   0.00
11:45:49  16.3   0.0   0.4  83.2   0.1    3   6612   2388    4    2    1  44.42    0.00  11.91   5.55  26.95  42.05  42.00  20.00  29.05  42.00  44.00  29.05   0.00
11:45:50  10.8   0.0   0.9  88.1   0.2    2   5738   3282   59   78   56  42.85    0.00  11.15   4.63  27.07  44.05  44.00  20.00  29.05  44.00  42.00  29.05   0.00
11:45:51  20.9   0.0   0.9  78.2   0.0    7  21283   3904    8   10   10  44.52    0.00  11.79   5.99  26.73  40.05  40.00  20.00  29.05  40.00  42.00  29.05   0.00
11:45:52  21.5   0.0   0.3  78.1   0.1   19  14980   3375   17    0    1  45.46    0.00  12.38   6.57  26.51  44.05  44.00  20.00  28.05  44.00  43.00  29.05   0.00
11:45:53  66.1   0.0   1.7  32.1   0.0   21  45043  13608    2    0    1  60.50    0.00  16.23  10.04  34.24  41.05  41.00  20.00  28.05  41.00  43.00  29.05   0.00
11:45:54  81.2   0.0   1.5  17.3   0.0   21  21900   7608    0    0    0  66.14    0.00  18.10  11.99  36.05  42.05  42.00  20.00  28.05  42.00  43.00  29.05   0.00
11:45:55  75.8   0.0   0.8  23.3   0.0   14  18905   7293    0    0    0  66.15    0.00  17.97  11.56  36.63  40.05  40.00  20.00  28.05  40.00  43.00  29.05   0.00
11:45:56  57.9   0.0   0.7  41.4   0.0   20  17011   6160    0    0    0  62.16    0.00  16.39   9.94  35.83  44.05  44.00  20.00  28.05  44.00  43.00  29.05   0.00
11:45:57  76.9   0.0   1.5  21.6   0.0   18  44878   9788    0    0    2  68.95    0.00  18.67  11.91  38.37  42.05  42.00  20.00  29.05  42.00  43.00  29.05   0.00
11:45:58  76.7   0.0   1.6  21.6   0.1   21  32383   8696    0    0    0  69.16    0.00  18.68  11.77  38.72  44.05  44.00  20.00  29.05  44.00  43.00  29.05   0.00
11:45:59  66.8   0.0   1.2  31.9   0.1   16  16189   6905    0    0    0  63.87    0.00  16.98  10.23  36.66  42.05  42.00  20.00  29.05  42.00  43.00  29.05   0.00
11:46:00  74.2   0.0   0.9  24.9   0.0   20  14590   7008    0    0    0  65.49    0.00  17.69  11.12  36.68  42.05  42.00  20.00  29.05  42.00  43.00  29.05   0.00
11:46:01  49.5   0.0   0.8  49.6   0.1   17  11055   4897    0    0    0  56.44    0.00  14.87   8.72  32.85  42.05  42.00  20.00  29.05  42.00  43.00  29.05   0.00
11:46:02  75.8   0.0   0.9  23.1   0.1   20  12514   7271    0    0    2  67.74    0.00  18.28  11.43  38.03  43.05  43.00  20.00  29.05  42.00  43.00  29.05   0.00
11:46:03  74.9   0.0   1.0  23.9   0.1   19  18942   8414    0    0    0  68.34    0.00  18.38  11.38  38.59  44.05  44.00  20.00  29.05  44.00  43.00  29.05   0.00
11:46:04  75.1   0.0   0.9  23.9   0.1   21   8456   6612    0    0    0  66.84    0.00  17.96  10.96  37.92  42.05  42.00  20.00  29.05  42.00  43.00  30.05   0.00
11:46:05  64.0   0.0   0.7  35.2   0.1   21   2815  40263    0    0    2  58.49    0.00  15.67   9.24  33.59  43.05  43.00  20.00  29.05  43.00  44.00  30.05   0.00
11:46:06  77.8   0.0   1.0  21.2   0.0   20   7884   6264    0    0    0  64.88    0.00  17.91  11.83  35.14  43.05  43.00  20.00  29.05  43.00  44.00  30.05   0.00
11:46:07  74.9   0.0   0.6  24.5   0.0   20  11077   6538    0    0    1  61.85    0.00  16.80  10.56  34.49  44.05  44.00  20.00  29.05  44.00  44.00  30.05   0.00
11:46:08  76.8   0.0   1.6  21.6   0.0   19  19342   8359    0    0    0  59.19    0.00  16.03   9.85  33.30  43.05  43.00  20.00  29.05  43.00  43.00  30.05   0.00
11:46:09  58.5   0.0   1.2  40.3   0.0   14  23043   7368    0    0    0  55.94    0.00  14.78   8.69  32.47  43.05  43.00  20.00  29.05  43.00  43.00  30.05   0.00
11:46:10  62.4   0.0   1.4  36.1   0.1   20  28511   7993    0    0   67  56.22    0.00  14.94   8.81  32.47  43.05  43.00  20.00  29.05  43.00  43.00  30.05   0.00
11:46:11  75.7   0.0   1.2  23.0   0.1   16  12141   6908    0    0    0  67.55    0.00  18.42  11.82  37.31  44.05  44.00  20.00  29.05  44.00  43.00  30.05   0.00
11:46:12  72.6   0.0   1.4  26.1   0.0   19  14527   7345    0    0    0  64.08    0.00  17.38  10.91  35.79  43.05  43.00  20.00  30.05  43.00  44.00  30.05   0.00
11:46:13  67.1   0.0   1.2  31.7   0.0   19  11107  35874    0    0    0  58.62    0.00  15.85   9.65  33.13  44.05  44.00  20.00  30.05  44.00  44.00  30.05   0.00
11:46:14  71.5   0.0   1.0  27.4   0.1   17  17259   8258    0    0    6  65.06    0.00  17.59  10.95  36.52  44.05  44.00  20.00  30.05  44.00  44.00  30.05   0.00
11:46:15  67.8   0.0   7.8  24.3   0.1   19 128442  35570    0    0    0  68.46    0.00  17.95  10.51  40.00  44.05  44.00  20.00  30.05  46.00  44.00  30.05   0.00
11:46:16  64.5   0.0  12.8  22.6   0.1   20 238527  65170    0    0    0  64.49    0.00  16.89   9.72  37.89  46.05  46.00  20.00  30.05  46.00  46.00  30.05   0.00
11:46:17  63.6   0.0  11.8  24.6   0.0   19 221236  59445    2    0    0  60.36    0.00  16.20   9.91  34.25  44.05  44.00  20.00  30.05  44.00  46.00  30.05   0.00
11:46:18  67.3   0.0   4.1  28.5   0.1   20  61484  18245    0    0    1  62.86    0.00  16.74  10.02  36.11  43.05  43.00  20.00  30.05  43.00  44.00  30.05   0.00
11:46:19  75.7   0.0   2.6  21.7   0.0   20  43398  15017    0    0    0  60.14    0.00  16.23   9.99  33.92  44.05  44.00  20.00  30.05  44.00  44.00  31.05   0.00
11:46:20  69.5   0.0   7.5  23.0   0.1   15 127628  37352    0    0    0  65.45    0.00  17.38  10.38  37.69  43.05  43.00  20.00  30.05  43.00  44.00  31.05   0.00
11:46:21  69.9   0.0   3.6  26.5   0.0   20  60479  19161    0    0    0  63.01    0.00  17.15  10.88  34.98  44.05  44.00  20.00  30.05  44.00  44.00  31.05   0.00
11:46:22  49.0   0.0  27.5  23.5   0.0   17 367070  95461    0    0    1  54.40    0.00  14.44   8.52  31.43  43.05  43.00  20.00  30.05  43.00  45.00  31.05   0.00
11:46:23  49.9   0.0  25.9  24.3   0.0   18 357157  91460    0    0    0  53.64    0.00  14.30   8.52  30.82  43.05  43.00  20.00  30.05  43.00  45.00  31.05   0.00
11:46:24  53.0   0.0  23.1  23.9   0.0   20 341068  89256    0    0    0  54.40    0.00  14.55   8.75  31.09  44.05  44.00  20.00  30.05  44.00  45.00  31.05   0.00
11:46:25  54.4   0.0  22.1  23.4   0.0   19 308947  80796    0    0    0  55.61    0.00  14.78   8.69  32.14  44.05  44.00  20.00  30.05  44.00  45.00  31.05   0.00
11:46:26  59.0   0.0  18.5  22.5   0.0    3 259012  67049    0    0    0  57.90    0.00  15.58   9.53  32.80  44.05  44.00  20.00  30.05  44.00  45.00  31.05   0.00
11:46:27  60.3   0.0  15.2  24.5   0.0   20 243008  65770    1    0    0  59.02    0.00  15.87   9.67  33.49  44.05  44.00  20.00  30.05  44.00  45.00  31.05   0.00
11:46:28  49.0   0.0  27.4  23.6   0.0   20 361268  93929    0    0    0  53.40    0.00  14.21   8.37  30.83  44.05  44.00  20.00  30.05  44.00  45.00  31.05   0.00
11:46:29  51.7   0.0  25.3  23.1   0.0   20 376761  99271    0    0    0  53.32    0.00  14.20   8.39  30.72  44.05  44.00  20.00  30.05  44.00  45.00  31.05   0.00
11:46:30  39.6   0.0  36.7  23.7   0.0   19 408471 102841    0    0    1  48.90    0.00  12.83   7.19  28.88  44.05  44.00  20.00  30.05  44.00  45.00  31.05   0.00
11:46:31  57.3   0.0  10.3  32.5   0.0   19 113964  89773    0    0    0  51.95    0.00  13.83   7.96  30.15  45.05  45.00  20.00  30.05  45.00  45.00  31.05   0.00
11:46:32  63.7   0.0   6.1  30.1   0.0   19  81192  24755    0    0    0  57.51    0.00  15.65   9.96  31.90  44.05  44.00  20.00  30.05  44.00  45.00  31.05   0.00
11:46:33  46.7   0.0  30.1  23.1   0.0   18 360796  93420    0    0    0  52.04    0.00  13.81   8.08  30.15  44.05  44.00  20.00  30.05  44.00  45.00  31.05   0.00
11:46:34  56.8   0.0  19.4  23.8   0.0   16 306710  81230    0    0    0  56.24    0.00  15.09   9.15  32.00  44.05  44.00  20.00  30.05  44.00  45.00  31.05   0.00
11:46:35  56.4   0.0  20.1  23.5   0.0   19 331007  90470    0    0    0  56.18    0.00  14.98   8.91  32.29  44.05  44.00  20.00  30.05  44.00  45.00  31.05   0.00
11:46:36  23.1   0.0   6.3  70.6   0.0    4  87437  23744    0    0    1  36.97    0.00  10.12   4.70  22.16  44.05  44.00  20.00  30.05  44.00  45.00  31.05   0.00
11:46:37   4.5   0.0   0.0  95.5   0.0    3    385    673    0    0    1  27.22    0.00   7.35   2.12  17.75  43.05  43.00  20.00  30.05  43.00  45.00  31.05   0.00
11:46:38  18.4   0.0   0.5  81.1   0.1    5   2060   2156    5    0    0  42.56    0.00  11.91   6.07  24.58  44.05  44.00  20.00  31.05  44.00  45.00  31.05   0.00
11:46:39  14.6   0.0   0.2  85.2   0.0    2   3912   1982    0    0    2  32.79    0.00   9.05   3.77  19.97  44.05  44.00  20.00  31.05  44.00  45.00  31.05   0.00
11:46:40   7.3   0.0   0.0  92.6   0.0    7    816    849    0    0    3  27.12    0.00   7.40   2.25  17.46  44.05  44.00  20.00  31.05  44.00  45.00  32.05   0.00
11:46:41  72.8   0.0   2.0  25.2   0.0    3  18096   8483    8    0    0  57.67    0.00  15.65   9.90  32.11  45.05  44.00  20.00  31.05  44.00  45.00  32.05   0.00
11:46:42  15.2   0.0   0.1  84.8   0.0    5   2331   1604    0    0    4  31.55    0.00   8.56   3.06  19.93  44.05  44.00  20.00  31.05  44.00  45.00  32.05   0.00
11:46:43  24.2   0.0   0.3  75.4   0.0   15   5089   2990    1    0    3  36.11    0.00   9.81   4.55  21.75  44.05  44.00  20.00  31.05  44.00  45.00  32.05   0.00
11:46:44  17.1   0.0   0.3  82.6   0.0    5   3183   1900    3    0    0  33.97    0.00   9.62   4.22  20.13  44.05  44.00  20.00  31.05  44.00  45.00  32.05   0.00
11:46:45  10.3   0.0   0.0  89.7   0.0    2    761   1142    0    0    5  29.18    0.00   8.11   2.86  18.21  44.05  44.00  20.00  31.05  44.00  45.00  32.05   0.00
11:46:46   7.1   0.0   0.2  92.7   0.0    5    783   1188    3    0    0  29.04    0.00   8.04   2.89  18.10  44.05  44.00  20.00  31.05  44.00  45.00  32.05   0.00
11:46:47  16.7   0.0   0.2  83.1   0.0    5   2282   1830    1    0    0  40.79    0.00  11.66   6.15  22.97  44.05  44.00  20.00  31.05  44.00  45.00  32.05   0.00
11:46:48  56.9   0.0   0.8  42.3   0.0   22   8319   5212    6    0    0  55.09    0.00  15.10   8.98  31.01  46.05  46.00  20.00  31.05  46.00  45.00  32.05   0.00
11:46:49  77.1   0.0   0.9  22.0   0.0   10  17929   6885    0    0    0  63.24    0.00  17.16  11.09  34.99  44.05  44.00  20.00  31.05  45.00  45.00  32.05   0.00
11:46:50  49.9   0.0   2.2  47.8   0.0   13  25004   5605    0    0    0  53.93    0.00  14.23   8.34  31.36  44.05  44.00  20.00  31.05  44.00  45.00  31.05   0.00
11:46:51  41.3   0.0   0.5  58.2   0.0    9  19670   4594    0    0    2  49.05    0.00  12.96   7.45  28.64  45.05  45.00  20.00  31.05  45.00  45.00  31.05   0.00
11:46:52  41.7   0.0   0.6  57.6   0.0   12  16471   5340    1    0    1  48.52    0.00  12.92   7.39  28.20  44.05  44.00  20.00  31.05  44.00  45.00  31.05   0.00
11:46:53  27.2   0.0   0.3  72.6   0.0    5  14797   3126    0    0    4  41.69    0.00  11.29   5.99  24.42  44.05  44.00  20.00  31.05  44.00  45.00  31.05   0.00
11:46:54   9.1   0.0   0.4  90.5   0.0    5   1980   1477    3    0    2  29.88    0.00   7.91   2.24  19.73  44.05  44.00  20.00  31.05  44.00  45.00  31.05   0.00
11:46:55  83.7   0.0   1.8  14.6   0.0   28   8477   7329   28    0    0  59.28    0.00  16.32  10.52  32.45  44.05  44.00  20.00  31.05  44.00  45.00  32.05   0.00
11:46:56  85.1   0.0   0.7  14.2   0.0   19  25553  60064    0    0    0  59.98    0.00  16.15  10.06  33.77  45.05  45.00  20.00  31.05  45.00  45.00  32.05   0.00
11:46:57  65.6   0.0   0.0  34.4   0.0   28   1432   4387    0    0    4  54.49    0.00  14.83   9.06  30.60  44.05  44.00  20.00  31.05  44.00  45.00  32.05   0.00
11:46:58  99.8   0.0   0.2   0.0   0.0   28   1778   6585    0    0    1  64.56    0.00  17.89  12.15  34.52  45.05  45.00  20.00  31.05  45.00  45.00  32.05   0.00
11:46:59  99.5   0.0   0.1   0.4   0.0   28   1509   6340    0    0    0  61.98    0.00  17.04  11.34  33.61  44.05  44.00  20.00  31.05  44.00  45.00  32.05   0.00
11:47:00  99.9   0.0   0.1   0.0   0.0   26   1301   6302    0    0    1  63.10    0.00  17.39  11.69  34.02  44.05  44.00  20.00  31.05  44.00  45.00  32.05   0.00
11:47:01  99.2   0.0   0.2   0.6   0.0   30   1495   6263    0    0    2  61.84    0.00  16.96  11.27  33.61  44.05  44.00  20.00  31.05  44.00  45.00  32.05   0.00
11:47:02  97.9   0.0   0.1   1.9   0.0   28   1773   6216    0    0    0  68.55    0.00  19.09  13.19  36.27  45.05  45.00  20.00  31.05  45.00  45.00  32.05   0.00
11:47:03  93.6   0.0   0.1   6.3   0.0   23   2235   6091    0    0    0  78.32    0.00  22.15  16.00  40.17  45.05  45.00  20.00  32.05  45.00  45.00  32.05   0.00
11:47:04  92.5   0.0   0.2   7.3   0.0   25   2575   6130    0    0    1  78.21    0.00  22.07  15.89  40.25  45.05  45.00  20.00  32.05  45.00  45.00  32.05   0.00
11:47:05  96.3   0.0   1.6   2.1   0.0   25   2646   7620    1    0    1  79.14    0.00  22.34  16.13  40.68  47.05  47.00  20.00  32.05  47.00  45.00  32.05   0.00
11:47:06  94.1   0.0   2.5   3.4   0.0   25   2367   6359    0    0    1  78.88    0.00  22.22  15.95  40.72  46.05  46.00  20.00  32.05  46.00  46.00  32.05   0.00
11:47:07  97.5   0.0   0.1   2.4   0.0   25   2231   6250    0    0    0  80.07    0.00  22.55  16.24  41.27  46.05  46.00  20.00  32.05  46.00  47.00  32.05   0.00
11:47:08  92.3   0.0   3.0   4.8   0.0   25   2086   6076    0    0    0  77.66    0.00  21.85  15.66  40.15  46.05  46.00  20.00  32.05  46.00  47.00  32.05   0.00
11:47:09  61.2   0.0   0.2  38.6   0.0    4   1296   4265    2    0    0  58.92    0.00  16.65  10.93  31.35  45.05  45.00  20.00  32.05  45.00  47.00  32.05   0.00
11:47:10  63.1   0.0   3.5  33.3   0.0   29   4468   6558    9    0    1  58.03    0.00  16.19  10.25  31.60  45.05  45.00  20.00  32.05  45.00  47.00  33.05   0.00
11:47:11  90.0   0.0   0.3   9.7   0.0   28   5897   6719    0    0    1  72.50    0.00  20.32  14.11  38.08  45.05  45.00  20.00  32.05  45.00  46.00  33.05   0.00
11:47:12  64.8   0.0   1.5  33.7   0.0   22  35527   8868    1    0    0  56.08    0.00  15.31   9.72  31.04  45.05  47.00  20.00  32.05  47.00  46.00  33.05   0.00
11:47:13  92.7   0.0   0.7   6.6   0.0   26  10675   6983    0    0    0  67.91    0.00  18.89  12.95  36.07  46.05  46.00  20.00  32.05  46.00  46.00  33.05   0.00
11:47:14  73.7   0.0   1.7  24.6   0.0    2   5256  56275    0    0    0  59.07    0.00  16.07   9.93  33.07  46.05  46.00  20.00  32.05  45.00  46.00  33.05   0.00
11:47:15  76.4   0.0   0.1  23.5   0.0   30   2310   5166    0    0    0  63.27    0.00  17.37  11.26  34.64  46.05  46.00  20.00  32.05  46.00  46.00  33.05   0.00
11:47:16  97.7   0.0   0.9   1.5   0.0   31   6631   7002    0    0    0  68.79    0.00  19.19  13.09  36.51  45.05  45.00  20.00  32.05  45.00  46.00  33.05   0.00
11:47:17  98.7   0.0   0.6   0.7   0.0   28   7437   8165    0    0    0  68.87    0.00  19.23  13.13  36.52  46.05  46.00  20.00  32.05  46.00  46.00  33.05   0.00
11:47:18  97.4   0.0   0.5   2.1   0.0   30   8487   8309    0    0    0  68.53    0.00  19.11  13.00  36.43  46.05  46.00  20.00  32.05  46.00  46.00  33.05   0.00
11:47:19  99.4   0.0   0.4   0.2   0.0   28   6460   7863    0    0    0  68.65    0.00  19.15  13.03  36.47  46.05  46.00  20.00  32.05  47.00  47.00  33.05   0.00
11:47:20  99.1   0.0   0.4   0.5   0.0   30   5474   7408    0    0    0  69.23    0.00  19.33  13.18  36.72  46.05  46.00  20.00  32.05  46.00  47.00  33.05   0.00
11:47:21  99.5   0.0   0.4   0.2   0.0   28   5119   7476    0    0    0  71.22    0.00  19.69  13.12  38.41  46.05  46.00  20.00  32.05  46.00  47.00  33.05   0.00
11:47:22  93.4   0.0   0.2   6.4   0.0   19   3255   6407    0    0    0  65.06    0.00  17.94  11.81  35.31  46.05  46.00  20.00  32.05  46.00  47.00  33.05   0.00
11:47:23  83.2   0.0   0.2  16.6   0.0   28   4178   5924    0    0    2  61.98    0.00  17.14  11.17  33.67  46.05  46.00  20.00  32.05  46.00  47.00  33.05   0.00
11:47:24  99.7   0.0   0.2   0.2   0.0   28   2887   7007    0    0    0  66.55    0.00  18.46  12.36  35.72  46.05  46.00  20.00  32.05  46.00  47.00  33.05   0.00
11:47:25  99.4   0.0   0.2   0.5   0.0   28   2942   6608    0    0    0  66.45    0.00  18.43  12.33  35.69  46.05  46.00  20.00  32.05  46.00  47.00  34.05   0.00
11:47:26  99.8   0.0   0.1   0.0   0.0   28   2984   6841    0    0    0  72.19    0.00  20.12  13.64  38.44  46.05  46.00  20.00  32.05  46.00  47.00  34.05   0.00
11:47:27  99.3   0.0   0.2   0.5   0.0   28   4271   7516    0    0    0  71.67    0.00  20.08  13.75  37.84  46.05  46.00  20.00  32.05  47.00  47.00  34.05   0.00
11:47:28  99.0   0.0   0.3   0.7   0.0   28   3360   6683    0    0    0  71.18    0.00  19.94  13.64  37.60  46.05  46.00  20.00  32.05  46.00  47.00  34.05   0.00
11:47:29  99.8   0.0   0.2   0.0   0.0   28   3174   7035    0    0    0  72.72    0.00  20.41  14.05  38.26  47.05  47.00  20.00  32.05  47.00  47.00  34.05   0.00
11:47:30  99.2   0.0   0.3   0.5   0.0   28   3128   6830    0    0    0  72.60    0.00  20.35  13.97  38.28  47.05  47.00  20.00  32.05  47.00  47.00  34.05   0.00
11:47:31  98.3   0.0   0.5   1.2   0.0   29  10189   7496    0    0    0  72.00    0.00  20.15  13.84  38.01  48.05  47.00  20.00  32.05  47.00  48.00  34.05   0.00
11:47:32  99.5   0.0   0.4   0.1   0.0   28   3121   6905    0    0    0  72.80    0.00  20.45  14.09  38.26  47.05  47.00  20.00  32.05  47.00  48.00  34.05   0.00
11:47:33  98.4   0.0   0.3   1.3   0.0   28  12989   7707    0    0    0  71.72    0.00  20.08  13.77  37.86  48.05  48.00  20.00  32.05  47.00  48.00  34.05   0.00
11:47:34  99.5   0.0   0.5   0.0   0.0   28   2151   6421    0    0    1  66.94    0.00  18.57  12.47  35.91  47.05  47.00  20.00  32.05  47.00  48.00  34.05   0.00
11:47:35  97.9   0.0   0.8   1.3   0.0   28   7392   7050    0    0    0  66.87    0.00  18.57  12.45  35.85  47.05  47.00  20.00  32.05  47.00  48.00  34.05   0.00
11:47:36  99.5   0.0   0.2   0.3   0.0   28   2061   6690    0    0    0  67.41    0.00  18.59  12.29  36.52  47.05  47.00  20.00  32.05  47.00  48.00  34.05   0.00
11:47:37  99.6   0.0   0.4   0.0   0.0   28   1755   6699    0    0    1  67.29    0.00  18.55  12.25  36.49  47.05  47.00  20.00  32.05  47.00  48.00  34.05   0.00
11:47:38  98.1   0.0   0.4   1.5   0.0   28  11271   7661    0    0    1  65.50    0.00  18.11  12.02  35.37  48.05  48.00  20.00  33.05  46.00  48.00  34.05   0.00
11:47:39  99.7   0.0   0.2   0.1   0.0   28   1491   6355    0    0    0  66.49    0.00  18.43  12.30  35.76  47.05  47.00  20.00  33.05  47.00  48.00  34.05   0.00
11:47:40  98.0   0.0   0.5   1.5   0.0   28  11749   7912    0    0    0  74.44    0.00  20.93  14.50  39.01  48.05  48.00  20.00  33.05  48.00  48.00  34.05   0.00
11:47:41  97.9   0.0   0.5   1.6   0.0   28   9473   7015    0    0    0  74.17    0.00  20.86  14.42  38.89  47.05  47.00  20.00  33.05  47.00  48.00  34.05   0.00
11:47:42  99.7   0.0   0.2   0.0   0.0   28   1629   6533    0    0    0  75.21    0.00  21.20  14.75  39.26  48.05  48.00  20.00  33.05  48.00  48.00  34.05   0.00
11:47:43  98.3   0.0   0.2   1.5   0.0   28   9202   7245    0    0    0  75.45    0.00  21.23  14.74  39.48  48.05  48.00  20.00  33.05  48.00  48.00  34.05   0.00
11:47:44  97.9   0.0   0.5   1.5   0.0   28   9171   7323    0    0    1  75.79    0.00  21.32  14.80  39.68  48.05  48.00  20.00  33.05  48.00  48.00  34.05   0.00
11:47:45  98.0   0.0   0.5   1.5   0.0   28   6214   6784    0    0    0  75.84    0.00  21.32  14.79  39.72  48.05  48.00  20.00  33.05  48.00  48.00  34.05   0.00
11:47:46  99.3   0.0   0.4   0.3   0.0   19   1725   6388    0    0    0  76.61    0.00  21.61  15.07  39.94  48.05  48.00  20.00  33.05  48.00  48.00  34.05   0.00
11:47:47  98.1   0.0   0.5   1.3   0.0   28   6662   6920    0    0    0  76.56    0.00  21.56  15.00  40.00  48.05  48.00  20.00  33.05  48.00  48.00  34.05   0.00
11:47:48  97.2   0.0   0.9   1.9   0.0   30   5523   6674    0    0    2  76.41    0.00  21.50  14.94  39.97  48.05  48.00  20.00  33.05  48.00  48.00  34.05   0.00
11:47:49  97.9   0.0   0.5   1.7   0.0   28   4765   6682    0    0    0  76.69    0.00  21.58  14.99  40.13  48.05  48.00  20.00  33.05  48.00  48.00  34.05   0.00
11:47:50  97.8   0.0   0.3   1.9   0.0   28   5441   6647    0    0    0  76.37    0.00  21.49  14.92  39.96  48.05  48.00  20.00  33.05  48.00  48.00  34.05   0.00
11:47:51  99.6   0.0   0.3   0.0   0.0   28   1405   6767    0    0    0  78.68    0.00  22.09  15.32  41.27  48.05  48.00  20.00  33.05  48.00  48.00  35.05   0.00
11:47:52  98.1   0.0   0.3   1.6   0.0   28   4790   6917    0    0    0  77.36    0.00  21.76  15.15  40.45  49.05  49.00  20.00  33.05  49.00  48.00  35.05   0.00
11:47:53  96.5   0.0   1.5   2.0   0.0   28   6235   6734    0    0    0  77.93    0.00  21.86  15.09  40.99  48.05  48.00  20.00  33.05  48.00  48.00  35.05   0.00
11:47:54  97.7   0.0   0.5   1.8   0.0   28   5980   6852    0    0    1  77.28    0.00  21.75  15.15  40.38  48.05  48.00  20.00  33.05  48.00  49.00  35.05   0.00
11:47:55  99.8   0.0   0.2   0.0   0.0   28   1263   6484    0    0    0  78.57    0.00  22.17  15.55  40.86  48.05  48.00  20.00  33.05  48.00  49.00  35.05   0.00
11:47:56  96.9   0.0   1.5   1.6   0.0   28   1472   6527    0    0    0  78.44    0.00  22.00  15.22  41.22  48.05  48.00  20.00  33.05  48.00  49.00  35.05   0.00
11:47:57  97.2   0.0   0.6   2.2   0.0   28   7878   6954    0    0    1  76.72    0.00  21.59  15.02  40.12  48.05  48.00  20.00  33.05  48.00  49.00  35.05   0.00
11:47:58  95.6   0.0   1.9   2.5   0.0   28   3861   6494    0    0    0  76.56    0.00  21.52  14.94  40.11  48.05  48.00  20.00  33.05  48.00  49.00  35.05   0.00
11:47:59  99.6   0.0   0.4   0.0   0.0   28   1240   6261    0    0    0  78.45    0.00  22.12  15.49  40.85  48.05  48.00  20.00  34.05  48.00  49.00  35.05   0.00
11:48:00  97.2   0.0   0.4   2.5   0.0   28   4642   6658    0    0    0  76.73    0.00  21.58  15.00  40.15  49.05  49.00  20.00  34.05  48.00  49.00  35.05   0.00
11:48:01  95.7   0.0   1.8   2.5   0.0   28   8961   7014    0    0    0  76.14    0.00  21.42  14.89  39.83  48.05  48.00  20.00  34.05  48.00  49.00  35.05   0.00
11:48:02  79.1   0.0   0.5  20.4   0.0    2  10590  34071    0    0    0  65.87    0.00  18.13  11.66  36.09  48.05  48.00  20.00  34.05  48.00  49.00  35.05   0.00
11:48:03  85.0   0.0   1.1  13.9   0.0   28    958   5644    0    0    1  73.46    0.00  20.69  14.32  38.44  48.05  48.00  20.00  34.05  48.00  49.00  35.05   0.00
11:48:04  99.1   0.0   0.5   0.5   0.0   28   1349   6674    0    0    0  77.89    0.00  21.95  15.37  40.56  49.05  49.00  20.00  33.05  48.00  49.00  35.05   0.00
11:48:05  99.8   0.0   0.2   0.0   0.0   28    981   6335    0    0    0  78.55    0.00  22.17  15.58  40.79  49.05  49.00  20.00  33.05  49.00  49.00  35.05   0.00
11:48:06  98.4   0.0   0.4   1.2   0.0   29   2491   6410    0    0    0  79.00    0.00  22.16  15.37  41.46  49.05  49.00  20.00  33.05  49.00  49.00  35.05   0.00
11:48:07  98.3   0.0   0.7   1.0   0.0   27   4259   6462    0    0    0  77.49    0.00  21.85  15.28  40.35  48.05  48.00  20.00  33.05  48.00  49.00  35.05   0.00
11:48:08  99.6   0.0   0.4   0.0   0.0   28   1111   6228    0    0    0  78.26    0.00  22.08  15.46  40.72  48.05  48.00  20.00  33.05  48.00  50.00  35.05   0.00
11:48:09  98.4   0.0   0.7   0.9   0.0   28   1497   6193    0    0    0  78.20    0.00  22.04  15.39  40.77  49.05  49.00  20.00  34.05  49.00  50.00  35.05   0.00
11:48:10  97.4   0.0   1.2   1.4   0.0   28   1855   6208    0    0    0  78.31    0.00  22.06  15.37  40.88  48.05  48.00  20.00  34.05  48.00  50.00  35.05   0.00
11:48:11  99.7   0.0   0.3   0.0   0.0   27   1023   6239    0    0    0  79.90    0.00  22.45  15.62  41.82  48.05  48.00  20.00  34.05  48.00  50.00  36.05   0.00
11:48:12  97.8   0.0   1.0   1.2   0.0   28   1342   6330    0    0    0  78.18    0.00  22.04  15.42  40.73  49.05  49.00  20.00  34.05  49.00  49.00  36.05   0.00
11:48:13  99.7   0.0   0.3   0.0   0.0   28   1007   6924    0    0    0  78.43    0.00  22.12  15.52  40.79  49.05  49.00  20.00  34.05  49.00  49.00  36.05   0.00
11:48:14  97.5   0.0   1.2   1.3   0.0   28   1249   6581    0    0    0  78.09    0.00  22.00  15.39  40.70  49.05  49.00  20.00  34.05  49.00  50.00  36.05   0.00
11:48:15  97.2   0.0   1.1   1.7   0.0   28   1392   6266    0    0    0  78.29    0.00  22.06  15.40  40.83  49.05  49.00  20.00  34.05  49.00  50.00  36.05   0.00
11:48:16  99.8   0.0   0.2   0.0   0.0   28    933   6205    0    0    0  79.67    0.00  22.45  15.72  41.50  50.05  50.00  20.00  34.05  50.00  50.00  36.05   0.00
11:48:17  96.2   0.0   2.0   1.8   0.0   28   1311   6154    0    0    0  78.69    0.00  22.15  15.44  41.10  50.05  50.00  20.00  34.05  50.00  50.00  36.05   0.00
11:48:18  97.6   0.0   0.9   1.5   0.0   28   1457   6163    0    0    0  78.62    0.00  22.14  15.46  41.02  49.05  49.00  20.00  34.05  49.00  50.00  36.05   0.00
11:48:19  99.7   0.0   0.2   0.0   0.0   28   1026   6248    0    0    0  79.49    0.00  22.43  15.76  41.31  49.05  49.00  20.00  34.05  49.00  50.00  36.05   0.00
11:48:20  95.7   0.0   2.4   1.9   0.0   28   1337   6143    0    0    0  77.95    0.00  21.94  15.31  40.70  50.05  50.00  20.00  34.05  49.00  50.00  36.05   0.00
11:48:21  99.7   0.0   0.2   0.1   0.0   28   1013   6356    0    0    0  80.56    0.00  22.64  15.83  42.10  50.05  50.00  20.00  34.05  50.00  50.00  36.05   0.00
11:48:22  45.8   0.0   0.7  53.5   0.0    5   3087   4129    1    0    0  51.65    0.00  14.54   8.51  28.61  49.05  49.00  20.00  34.05  49.00  50.00  36.05   0.00
11:48:23  16.6   0.0   0.0  83.4   0.0    5    871   1474    0    0    0  34.09    0.00   9.75   4.16  20.18  48.05  48.00  20.00  34.05  48.00  50.00  36.05   0.00
11:48:24  17.1   0.0   0.1  82.8   0.0    5   1672   1583    0    0    0  35.78    0.00  10.27   4.70  20.82  48.05  48.00  20.00  34.05  48.00  49.00  36.05   0.00
11:48:25   7.3   0.0   0.0  92.7   0.0    2    738    935    0    0    2  32.81    0.00   9.30   4.08  19.43  48.05  48.00  20.00  34.05  48.00  49.00  36.05   0.00
11:48:26   4.5   0.0   0.0  95.5   0.0    2    342    611    0    0    0  33.42    0.00   9.36   4.07  19.99  48.05  48.00  20.00  34.05  48.00  49.00  37.05   0.00
11:48:27   6.4   0.0   0.0  93.6   0.0    2    362    753    0    0    1  32.11    0.00   9.06   3.87  19.18  48.05  48.00  20.00  34.05  48.00  49.00  37.05   0.00
11:48:28   4.2   0.0   0.0  95.8   0.0    2    259    595    0    0    0  31.90    0.00   9.02   3.91  18.97  48.05  48.00  20.00  34.05  48.00  49.00  37.05   0.00
11:48:29  14.1   0.0   0.5  85.4   0.0    4   1999   1876    4    0    0  33.96    0.00   9.62   4.17  20.17  48.05  48.00  20.00  35.05  48.00  49.00  37.05   0.00
11:48:30   9.5   0.0   0.1  90.4   0.0    3    510   1047    0    0    1  33.18    0.00   9.43   4.11  19.65  48.05  48.00  20.00  35.05  48.00  49.00  37.05   0.00
11:48:31   8.4   0.0   0.0  91.6   0.0    3    633    929    0    0    1  30.75    0.00   8.61   3.23  18.91  48.05  48.00  20.00  35.05  48.00  49.00  36.05   0.00
11:48:32   9.3   0.0   0.1  90.6   0.0    5   1299   1372    4    0    2  32.09    0.00   9.03   3.53  19.54  48.05  48.00  20.00  35.05  48.00  48.00  36.05   0.00
11:48:33  17.1   0.0   0.1  82.7   0.0    5   2660   1794    0    0    0  34.94    0.00   9.93   4.46  20.55  48.05  48.00  20.00  35.05  48.00  48.00  36.05   0.00
11:48:34  10.1   0.0   0.0  89.8   0.0    3    817   1064    0    0    0  33.67    0.00   9.59   4.36  19.73  47.05  47.00  20.00  35.05  47.00  48.00  36.05   0.00
11:48:35   5.6   0.0   0.0  94.4   0.0    3    490    809    0    0    4  32.52    0.00   9.20   4.10  19.23  48.05  48.00  20.00  35.05  48.00  48.00  36.05   0.00
11:48:36  14.7   0.0   0.3  85.0   0.0    5   1170   1752    4    0    0  35.84    0.00   9.97   4.07  21.80  48.05  48.00  20.00  35.05  48.00  48.00  37.05   0.00
11:48:37  14.1   0.0   0.0  85.9   0.0    3   1037   1434    0    0    1  35.30    0.00   9.95   4.30  21.04  48.05  48.00  20.00  35.05  48.00  48.00  37.05   0.00
11:48:38   5.1   0.0   0.0  94.8   0.0    2    554    732    0    0    2  32.29    0.00   9.13   4.04  19.12  48.05  48.00  20.00  35.05  48.00  49.00  37.05   0.00
11:48:39   4.5   0.0   0.0  95.5   0.0    3    618    674    1    0    0  32.54    0.00   9.20   4.15  19.19  48.05  48.00  20.00  35.05  48.00  49.00  37.05   0.00
11:48:40  14.2   0.0   0.3  85.6   0.0    5   1826   1755    2    0    0  34.56    0.00   9.82   4.37  20.37  48.05  48.00  20.00  35.05  48.00  48.00  37.05   0.00
11:48:41   8.9   0.0   1.7  89.4   0.0    2   1547   1551    6    4    0  33.56    0.00   9.25   3.58  20.73  48.05  48.00  20.00  35.05  48.00  48.00  36.05   0.00
11:48:42   2.4   0.0   3.5  94.0   0.2    5   1806   2567    7    2  120  34.61    0.00   9.24   3.35  22.02  48.05  48.00  20.00  35.05  48.00  49.00  36.05   0.00
-------- ----- ----- ----- ----- ----- ---- ------ ------ ---- ---- ---- ------  ------ ------ ------ ------ ------ ------ ------ ------ ------ ------ ------ ------
 Average  63.6   0.0   2.5  33.8   0.0 17.9 33898.7 13293.1  2.4  0.6  2.1  58.58    0.00  16.11  10.02  32.45  45.42  45.37  20.00  31.48  45.36  46.02  32.51   0.00
 GeoMean   0.0   0.0   0.0   0.0   0.0 13.2 6255.3 6198.8  0.0  0.0  0.0  55.19    0.00  15.12   8.42  31.11  45.34  45.29  20.00  31.41  45.28  45.95  32.40   0.00
  StdDev  35.0   0.0   6.0  35.0   0.1 10.2 83521.7 22355.1  8.9  5.7 11.1  16.91    0.00   4.85   4.36   7.88   2.66   2.65   0.00   2.11   2.61   2.55   2.65   0.00
-------- ----- ----- ----- ----- ----- ---- ------ ------ ---- ---- ---- ------  ------ ------ ------ ------ ------ ------ ------ ------ ------ ------ ------ ------
 Minimum   0.0   0.0   0.0   0.0   0.0  1.0  198.0  119.0  0.0  0.0  0.0   5.91    0.00   1.46   0.04   4.41  39.05  39.00  20.00  28.05  39.00  40.00  28.05   0.00
 Maximum  99.9   0.0  36.7 100.0   0.6 32.0 408471.0 102841.0 63.0 78.0 120.0  80.56    0.00  22.64  16.24  42.10  50.05  50.00  20.00  35.05  50.00  50.00  37.05   0.00
-------- ----- ----- ----- ----- ----- ---- ------ ------ ---- ---- ---- ------  ------ ------ ------ ------ ------ ------ ------ ------ ------ ------ ------ ------
Summary:
CPU:  58.58 Watts on average with standard deviation 16.91 
Note: power read from RAPL domains: uncore, pkg-0, core, psys.
These readings do not cover all the hardware in this device.

Histogram (of 194 power measurements)

 Range (Watts)  Count
 5.908 - 13.373     3 ##
13.374 - 20.838     0 
20.839 - 28.304     2 #
28.305 - 35.769    25 #####################
35.770 - 43.235    16 #############
43.236 - 50.700    10 ########
50.701 - 58.166    25 #####################
58.167 - 65.631    32 ###########################
65.632 - 73.096    34 ############################
73.097 - 80.562    47 ########################################

Histogram (of 194 CPU utilization measurements)

  Range (%CPU)    Count
  0.000 -   9.999    18 #########
 10.000 -  19.999    25 #############
 20.000 -  29.999    10 #####
 30.000 -  39.999     0 
 40.000 -  49.999     5 ##
 50.000 -  59.999     5 ##
 60.000 -  69.999    11 #####
 70.000 -  79.999    39 ####################
 80.000 -  89.999     5 ##
 90.000 -  99.999    76 ########################################

Histogram (of 194 thermal zone TCPU readings)

 Range (°C)    Count
39.050 - 40.149    12 ##########
40.150 - 41.249     1 
41.250 - 42.349    12 ##########
42.350 - 43.449    17 ##############
43.450 - 44.549    44 #####################################
44.550 - 45.649    13 ###########
45.650 - 46.749    20 #################
46.750 - 47.849    11 #########
47.850 - 48.949    47 ########################################
48.950 - 50.049    17 ##############

Histogram (of 194 thermal zone x86_pkg_temp readings)

 Range (°C)    Count
39.000 - 40.099    12 ##########
40.100 - 41.199     1 
41.200 - 42.299    12 ##########
42.300 - 43.399    17 ##############
43.400 - 44.499    45 #######################################
44.500 - 45.599    11 #########
45.600 - 46.699    20 #################
46.700 - 47.799    13 ###########
47.800 - 48.899    46 ########################################
48.900 - 49.999    17 ##############

Range is zero, cannot produce histogram of thermal zone INT3400 Thermal

Histogram (of 194 thermal zone SEN3 readings)

 Range (°C)    Count
28.050 - 28.749    23 ##########################
28.750 - 29.449    20 ######################
29.450 - 30.149    26 #############################
30.150 - 30.849     0 
30.850 - 31.549    25 ############################
31.550 - 32.249    35 ########################################
32.250 - 32.949     0 
32.950 - 33.649    26 #############################
33.650 - 34.349    25 ############################
34.350 - 35.049    14 ################

Histogram (of 194 thermal zone TCPU_PCI readings)

 Range (°C)    Count
39.000 - 40.099    12 ##########
40.100 - 41.199     1 
41.200 - 42.299    13 ###########
42.300 - 43.399    16 #############
43.400 - 44.499    43 #####################################
44.500 - 45.599    13 ###########
45.600 - 46.699    19 ################
46.700 - 47.799    16 #############
47.800 - 48.899    46 ########################################
48.900 - 49.999    15 #############

Histogram (of 194 thermal zone iwlwifi_1 readings)

 Range (°C)    Count
40.000 - 40.999     6 #####
41.000 - 41.999    12 ##########
42.000 - 42.999    19 #################
43.000 - 43.999    14 ############
44.000 - 44.999    44 ########################################
45.000 - 45.999    11 ##########
46.000 - 46.999    16 ##############
47.000 - 47.999    31 ############################
48.000 - 48.999    27 ########################
49.000 - 49.999    14 ############

Histogram (of 194 thermal zone acpitz readings)

 Range (°C)    Count
28.050 - 28.949    15 #######################
28.950 - 29.849    20 ##############################
29.850 - 30.749    15 #######################
30.750 - 31.649    26 ########################################
31.650 - 32.549    25 ######################################
32.550 - 33.449    15 #######################
33.450 - 34.349    26 ########################################
34.350 - 35.249    20 ##############################
35.250 - 36.149    22 #################################
36.150 - 37.049    10 ###############

Range is zero, cannot produce histogram of thermal zone SEN2
