Running for 86400.0 seconds (86400 samples at 1.0 second intervals).
Power measurements will start in 0 seconds time.

  Time    User  Nice   Sys  Idle    IO  Run Ctxt/s  IRQ/s Fork Exec Exit  Watts  uncore  pkg-0   core   psys   TCPU x86_pk   SEN2 INT340 TCPU_P iwlwif acpitz   SEN3
23:48:36   0.0   0.0   0.0 100.0   0.0    1    205    414    0    0    0   4.99    0.00   1.27   0.19   3.53  48.05  48.00  39.05  20.00  48.00  54.00  39.05   0.00
23:48:37   0.0   0.0   0.0 100.0   0.0    1    218    117    0    0    0   2.24    0.00   0.60   0.08   1.56  48.05  48.00  39.05  20.00  48.00  54.00  39.05   0.00
23:48:38   0.1   0.0   0.2  99.8   0.0    2    285    144    9    6    8   5.46    0.00   1.42   0.15   3.89  48.05  48.00  39.05  20.00  48.00  54.00  39.05   0.00
23:48:39  14.4   0.0   0.6  85.0   0.0    4  40864   5518   39    0    0  90.81    0.00  26.14  20.75  43.92  63.05  63.00  39.05  20.00  63.00  51.00  39.05   0.00
23:48:40  15.2   0.0   0.5  84.2   0.0    5  31610   4148    9    4    4  83.75    0.00  23.88  18.42  41.44  67.05  67.00  39.05  20.00  66.00  61.00  39.05   0.00
23:48:41  16.7   0.0   0.6  82.6   0.0    2  26355   4602   53    4   44  88.73    0.00  25.14  19.24  44.34  53.05  53.00  39.05  20.00  53.00  61.00  39.05   0.00
23:48:42  14.9   0.0   0.8  84.2   0.0   10  39778   8908   62    1   21  70.51    0.00  19.73  14.09  36.68  64.05  64.00  39.05  20.00  64.00  59.00  39.05   0.00
23:48:43  20.1   0.0   1.3  78.6   0.0    2  75790  15319    6    2    9  74.47    0.00  21.16  15.62  37.68  55.05  55.00  39.05  20.00  55.00  59.00  39.05   0.00
23:48:44  12.8   0.0   0.8  86.4   0.0    5  19755   4149   67   88   66  67.46    0.00  18.15  11.79  37.51  56.05  56.00  39.05  20.00  56.00  58.00  39.05   0.00
23:48:45  18.9   0.0   0.3  80.8   0.0    6  21464   3499   11    0    0  74.20    0.00  20.60  15.02  38.58  58.05  58.00  39.05  20.00  58.00  58.00  39.05   0.00
23:48:46  71.2   0.0   1.7  27.1   0.0   19  57109  14464   19    0    3 117.39    0.00  34.59  28.24  54.57  58.05  58.00  39.05  20.00  58.00  61.00  39.05   0.00
23:48:47  68.4   0.0   0.5  31.1   0.0   20  26866   7463    0    0    2 102.74    0.00  30.00  23.79  48.95  58.05  58.00  39.05  20.00  58.00  61.00  39.05   0.00
23:48:48  75.7   0.0   0.9  23.4   0.0   19  20315   7530    0    0    0 103.54    0.00  29.94  23.52  50.08  60.05  60.00  39.05  20.00  60.00  61.00  39.05   0.00
23:48:49  70.7   0.0   0.9  28.4   0.0   27  27174   7931    0    0    1 104.49    0.00  30.03  23.73  50.73  58.05  58.00  39.05  20.00  57.00  58.00  39.05   0.00
23:48:50  43.4   0.0   0.5  56.1   0.0   20  22386   5785    1    0    1 100.01    0.00  28.49  22.41  49.11  64.05  64.00  39.05  20.00  64.00  59.00  39.05   0.00
23:48:51  29.9   0.0   0.6  69.3   0.2    5  23245   4523    0    0    1  97.48    0.00  27.50  21.12  48.86  69.05  69.00  39.05  20.00  69.00  59.00  39.05   0.00
23:48:52  81.7   0.0   0.7  17.6   0.0   28  21201   9509   37    0    0 114.03    0.00  33.64  27.57  52.82  58.05  58.00  39.05  20.00  58.00  65.00  39.05   0.00
23:48:53  98.3   0.0   0.4   1.2   0.0   28   7027   7827    0    0    0 101.45    0.00  29.81  23.83  47.81  58.05  58.00  39.05  20.00  58.00  65.00  39.05   0.00
23:48:54  48.7   0.0   0.8  50.6   0.0    8  37658  44116    0    0    0  99.22    0.00  28.90  22.79  47.53  67.05  67.00  39.05  20.00  67.00  60.00  39.05   0.00
23:48:55  64.3   0.0   0.8  34.9   0.0   28  38404   7936    0    0    0 107.62    0.00  31.55  25.47  50.60  58.05  58.00  39.05  20.00  58.00  60.00  39.05   0.00
23:48:56  87.2   0.0   1.0  11.7   0.0    3  21900   8444    0    0    0  96.46    0.00  28.14  22.00  46.32  53.05  53.00  39.05  20.00  53.00  59.00  39.05   0.00
23:48:57  95.5   0.0   0.9   3.6   0.0   29  13055   8662    0    0    0 107.34    0.00  31.45  25.01  50.88  58.05  58.00  39.05  20.00  58.00  59.00  39.05   0.00
23:48:58  96.6   0.0   0.5   2.8   0.0   29  13468   8058    0    0    0 101.98    0.00  29.83  23.57  48.59  57.05  57.00  39.05  20.00  57.00  59.00  39.05   0.00
23:48:59  96.3   0.0   0.8   2.9   0.0   35  14435   8438    0    0    0 102.08    0.00  29.84  23.56  48.68  58.05  58.00  39.05  20.00  58.00  58.00  39.05   0.00
23:49:00  95.9   0.0   0.6   3.5   0.0   19  15833   8427    0    0    0 101.86    0.00  29.77  23.52  48.56  58.05  58.00  39.05  20.00  58.00  59.00  39.05   0.00
23:49:01  95.6   0.0   0.6   3.9   0.0   26  10774   7567    0    0    0 101.97    0.00  29.83  23.58  48.56  58.05  58.00  39.05  20.00  58.00  59.00  39.05   0.00
23:49:02  76.8   0.0   0.6  22.6   0.0   28  12509   7340    0    0    0 101.09    0.00  29.57  23.38  48.14  58.05  58.00  39.05  20.00  58.00  59.00  39.05   0.00
23:49:03  38.5   0.0   0.3  61.2   0.0    5   9827   3882    0    0    0  97.05    0.00  28.16  22.44  46.45  69.05  69.00  39.05  20.00  69.00  59.00  39.05   0.00
23:49:04  20.1   0.0   0.4  79.5   0.0    2  13602  20542    0    0    1  99.72    0.00  29.02  23.37  47.33  55.05  55.00  39.05  20.00  55.00  69.00  39.05   0.00
23:49:05  10.1   0.0   0.3  89.5   0.0    2   5467   1876    1    0    2  63.13    0.00  17.99  12.59  32.56  55.05  55.00  39.05  20.00  55.00  69.00  39.05   0.00
-------- ----- ----- ----- ----- ----- ---- ------ ------ ---- ---- ---- ------  ------ ------ ------ ------ ------ ------ ------ ------ ------ ------ ------ ------
 Average  49.3   0.0   0.6  50.1   0.0 13.9 22286.0 8237.9 10.5  3.5  5.4  86.11    0.00  24.87  19.36  41.88  58.28  58.23  39.05  20.00  58.17  59.57  39.05   0.00
 GeoMean   0.0   0.0   0.0  29.3   0.0  8.3 13242.5 5147.5  0.0  0.0  0.0  68.50    0.00  19.55  12.63  34.65  58.03  57.98  39.05  20.00  57.92  59.45  39.05   0.00
  StdDev  35.0   0.0   0.3  35.1   0.0 11.3 16414.9 7918.5 19.5 15.8 14.2  30.28    0.00   8.96   7.55  13.91   5.43   5.43   0.00   0.00   5.39   3.77   0.00   0.00
-------- ----- ----- ----- ----- ----- ---- ------ ------ ---- ---- ---- ------  ------ ------ ------ ------ ------ ------ ------ ------ ------ ------ ------ ------
 Minimum   0.0   0.0   0.0   1.2   0.0  1.0  205.0  117.0  0.0  0.0  0.0   2.24    0.00   0.60   0.08   1.56  48.05  48.00  39.05  20.00  48.00  51.00  39.05   0.00
 Maximum  98.3   0.0   1.7 100.0   0.2 35.0 75790.0 44116.0 67.0 88.0 66.0 117.39    0.00  34.59  28.24  54.57  69.05  69.00  39.05  20.00  69.00  69.00  39.05   0.00
-------- ----- ----- ----- ----- ----- ---- ------ ------ ---- ---- ---- ------  ------ ------ ------ ------ ------ ------ ------ ------ ------ ------ ------ ------
Summary:
CPU:  86.11 Watts on average with standard deviation 30.28 
Note: power read from RAPL domains: uncore, pkg-0, core, psys.
These readings do not cover all the hardware in this device.

Histogram (of 30 power measurements)

  Range (Watts)   Count
  2.240 -  13.754     3 ########
 13.755 -  25.270     0 
 25.271 -  36.785     0 
 36.786 -  48.300     0 
 48.301 -  59.816     0 
 59.817 -  71.331     3 ########
 71.332 -  82.846     2 #####
 82.847 -  94.362     3 ########
 94.363 - 105.877    15 ########################################
105.878 - 117.392     4 ##########

Histogram (of 30 CPU utilization measurements)

 Range (%CPU)   Count
 0.000 -  9.874     3 #################
 9.875 - 19.750     7 ########################################
19.751 - 29.625     2 ###########
29.626 - 39.500     2 ###########
39.501 - 49.375     1 #####
49.376 - 59.251     1 #####
59.252 - 69.126     2 ###########
69.127 - 79.001     4 ######################
79.002 - 88.876     2 ###########
88.877 - 98.752     6 ##################################

Histogram (of 30 thermal zone TCPU readings)

 Range (째C)    Count
48.050 - 50.149     3 #########
50.150 - 52.249     0 
52.250 - 54.349     2 ######
54.350 - 56.449     4 ############
56.450 - 58.549    13 ########################################
58.550 - 60.649     1 ###
60.650 - 62.749     0 
62.750 - 64.849     3 #########
64.850 - 66.949     0 
66.950 - 69.049     4 ############

Histogram (of 30 thermal zone x86_pkg_temp readings)

 Range (째C)    Count
48.000 - 50.099     3 #########
50.100 - 52.199     0 
52.200 - 54.299     2 ######
54.300 - 56.399     4 ############
56.400 - 58.499    13 ########################################
58.500 - 60.599     1 ###
60.600 - 62.699     0 
62.700 - 64.799     3 #########
64.800 - 66.899     0 
66.900 - 68.999     4 ############

Range is zero, cannot produce histogram of thermal zone SEN2

Range is zero, cannot produce histogram of thermal zone INT3400 Thermal

Histogram (of 30 thermal zone TCPU_PCI readings)

 Range (째C)    Count
48.000 - 50.099     3 #########
50.100 - 52.199     0 
52.200 - 54.299     2 ######
54.300 - 56.399     4 ############
56.400 - 58.499    13 ########################################
58.500 - 60.599     1 ###
60.600 - 62.699     0 
62.700 - 64.799     3 #########
64.800 - 66.899     1 ###
66.900 - 68.999     3 #########

Histogram (of 30 thermal zone iwlwifi_1 readings)

 Range (째C)    Count
51.000 - 52.799     1 ###
52.800 - 54.599     3 #########
54.600 - 56.399     0 
56.400 - 58.199     4 ############
58.200 - 59.999    13 ########################################
60.000 - 61.799     5 ###############
61.800 - 63.599     0 
63.600 - 65.399     2 ######
65.400 - 67.199     0 
67.200 - 68.999     2 ######

Range is zero, cannot produce histogram of thermal zone acpitz

Range is zero, cannot produce histogram of thermal zone SEN3
