Running for 86400.0 seconds (86400 samples at 1.0 second intervals).
Power measurements will start in 0 seconds time.

  Time    User  Nice   Sys  Idle    IO  Run Ctxt/s  IRQ/s Fork Exec Exit  Watts  uncore  pkg-0   core   psys   TCPU x86_pk INT340   SEN3 TCPU_P iwlwif acpitz   SEN2
23:56:30   0.0   0.0   0.0 100.0   0.0    1    250    419    0    0    0   5.07    0.00   1.35   0.21   3.51  51.05  52.00  20.00  41.05  52.00  70.00  41.05   0.00
23:56:31   0.0   0.0   0.0 100.0   0.0    1    174     98    0    0    0   1.37    0.00   0.37   0.05   0.95  52.05  51.00  20.00  41.05  52.00  70.00  41.05   0.00
23:56:32   0.0   0.0   0.0  99.9   0.0    2    261    132    9    6    8   4.93    0.00   1.34   0.17   3.42  49.05  49.00  20.00  41.05  49.00  62.00  41.05   0.00
23:56:33  12.6   0.0   0.8  86.5   0.0    6  43007   5439   40    0    0  76.21    0.00  21.83  16.49  37.89  70.05  70.00  20.00  41.05  70.00  62.00  41.05   0.00
23:56:34  14.6   0.0   0.7  84.7   0.0    3  46137   5359    4    0    0  95.17    0.00  27.85  22.34  44.98  68.05  68.00  20.00  41.05  68.00  62.00  41.05   0.00
23:56:35  17.2   0.0   0.8  81.9   0.0    2  34499   5086   29    4   28 104.85    0.00  30.69  24.79  49.37  61.05  61.00  20.00  41.05  61.00  56.00  41.05   0.00
23:56:36  10.3   0.0   1.1  88.6   0.0   12  27079   5293   94    5   40  66.56    0.00  18.76  13.07  34.73  71.05  71.00  20.00  41.05  71.00  72.00  41.05   0.00
23:56:37  23.8   0.0   1.4  74.8   0.0    4  70002  16201    4    0    9  90.81    0.00  26.66  21.00  43.14  61.05  61.00  20.00  41.05  61.00  72.00  41.05   0.00
23:56:38  11.0   0.0   0.9  88.1   0.0    6  20231   4489   68   90   67  68.56    0.00  19.06  12.53  36.97  64.05  64.00  20.00  41.05  64.00  66.00  41.05   0.00
23:56:39  17.6   0.0   0.3  82.1   0.0    5  43752   4869    0    0    0  93.17    0.00  27.03  21.33  44.81  72.05  72.00  20.00  41.05  72.00  66.00  41.05   0.00
23:56:40  65.2   0.0   1.5  33.3   0.0   16  56881  14013   31    0    0 117.64    0.00  35.09  28.94  53.61  61.05  61.00  20.00  41.05  61.00  61.00  41.05   0.00
23:56:41  78.9   0.0   1.0  20.0   0.0   19  27616   8925    0    0    4 102.44    0.00  30.14  23.68  48.61  59.05  59.00  20.00  41.05  59.00  61.00  41.05   0.00
23:56:42  75.6   0.0   0.6  23.8   0.0   19  24690   7960    0    0    1 101.78    0.00  30.06  23.70  48.02  60.05  60.00  20.00  41.05  60.00  61.00  41.05   0.00
23:56:43  74.4   0.0   0.7  24.9   0.0   20  16031   6980    0    0    0 101.28    0.00  29.93  23.58  47.77  60.05  60.00  20.00  41.05  60.00  61.00  41.05   0.00
23:56:44  49.1   0.0   0.6  50.3   0.0    5  20358   5907    1    0    1 100.94    0.00  29.66  23.56  47.72  64.05  64.00  20.00  41.05  66.00  61.00  41.05   0.00
23:56:45  35.6   0.0   0.5  63.8   0.1    5  15996   4392    0    0    0 102.66    0.00  29.89  23.73  49.05  75.05  75.00  20.00  41.05  75.00  61.00  41.05   0.00
23:56:46  38.5   0.0   0.6  60.9   0.0   19  22753   5751   10    0    1 110.35    0.00  32.13  26.19  52.03  61.05  61.00  20.00  41.05  61.00  71.00  41.05   0.00
23:56:47  76.4   0.0   0.6  23.0   0.0   28  19978   8140   24    0    1 103.87    0.00  30.21  24.14  49.52  60.05  60.00  20.00  41.05  60.00  71.00  41.05   0.00
23:56:48  85.1   0.0   1.0  13.9   0.0    9  25607  37735    0    0    0 100.03    0.00  28.97  22.77  48.29  59.05  59.00  20.00  41.05  59.00  63.00  41.05   0.00
23:56:49  69.6   0.0   0.3  30.1   0.0    6  22919   7379    0    0    0 100.11    0.00  29.20  23.10  47.82  65.05  65.00  20.00  41.05  65.00  63.00  41.05   0.00
23:56:50  55.8   0.0   0.8  43.3   0.0   25  44376   7717    0    0    0 106.62    0.00  31.49  25.43  49.69  60.05  60.00  20.00  41.05  60.00  61.00  41.05   0.00
23:56:51  86.4   0.0   0.6  13.0   0.0   22  14444   7493    0    0    0  99.33    0.00  29.28  22.91  47.15  61.05  61.00  20.00  41.05  61.00  61.00  41.05   0.00
23:56:52  96.3   0.0   0.7   3.0   0.0   19  14640   8565    0    0    0 102.52    0.00  30.32  24.01  48.19  59.05  59.00  20.00  41.05  59.00  61.00  41.05   0.00
23:56:53  97.0   0.0   0.5   2.5   0.0   29  12774   8635    0    0    0 101.09    0.00  29.86  23.55  47.68  59.05  59.00  20.00  41.05  59.00  61.00  41.05   0.00
23:56:54  96.9   0.0   0.6   2.6   0.0   28  13040   8341    0    0    0 100.39    0.00  29.64  23.33  47.42  60.05  60.00  20.00  41.05  60.00  61.00  41.05   0.00
23:56:55  95.6   0.0   1.0   3.5   0.0   30  14181   8150    0    0    0  99.82    0.00  29.46  23.15  47.21  60.05  60.00  20.00  41.05  60.00  60.00  41.05   0.00
23:56:56  94.9   0.0   1.1   4.0   0.0   28  12559   8087    0    0    0  99.95    0.00  29.49  23.17  47.29  61.05  61.00  20.00  41.05  61.00  60.00  41.05   0.00
23:56:57  89.4   0.0   0.7   9.9   0.0    5  13955   7454    0    0    0  97.14    0.00  28.62  22.37  46.15  58.05  58.00  20.00  41.05  58.00  60.00  41.05   0.00
23:56:58  63.2   0.0   0.7  36.1   0.0    5  16231  24967    0    0    0  94.76    0.00  27.89  21.74  45.13  74.05  74.00  20.00  41.05  74.00  61.00  41.05   0.00
23:56:59  17.3   0.0   0.1  82.5   0.0    5   7453   2101    0    0    1  83.75    0.00  23.94  17.90  41.91  75.05  75.00  20.00  41.05  75.00  61.00  42.05   0.00
23:57:00  12.8   0.0   0.2  87.0   0.0    5   7805   2101    1    0    1  69.31    0.00  20.08  14.58  34.65  70.05  70.00  20.00  41.05  70.00  72.00  42.05   0.00
23:57:01   7.8   0.0   0.5  91.6   0.0    1   6282   2412    6    4   47  49.61    0.00  14.36   9.33  25.92  55.05  55.00  20.00  41.05  55.00  72.00  42.05   0.00
-------- ----- ----- ----- ----- ----- ---- ------ ------ ---- ---- ---- ------  ------ ------ ------ ------ ------ ------ ------ ------ ------ ------ ------ ------
 Average  49.0   0.0   0.7  50.3   0.0 12.2 22373.8 7830.9 10.0  3.4  6.5  86.00    0.00  25.15  19.59  41.27  62.39  62.34  20.00  41.05  62.44  63.84  41.14   0.00
 GeoMean   0.0   0.0   0.0  31.4   0.0  7.8 13538.5 4946.4  0.0  0.0  0.0  67.99    0.00  19.70  13.00  33.85  62.06  62.01  20.00  41.05  62.10  63.68  41.14   0.00
  StdDev  34.9   0.0   0.4  35.0   0.0  9.8 16238.5 7147.8 21.3 15.6 15.7  29.92    0.00   8.88   7.50  13.63   6.52   6.52   0.00   0.00   6.49   4.60   0.29   0.00
-------- ----- ----- ----- ----- ----- ---- ------ ------ ---- ---- ---- ------  ------ ------ ------ ------ ------ ------ ------ ------ ------ ------ ------ ------
 Minimum   0.0   0.0   0.0   2.5   0.0  1.0  174.0   98.0  0.0  0.0  0.0   1.37    0.00   0.37   0.05   0.95  49.05  49.00  20.00  41.05  49.00  56.00  41.05   0.00
 Maximum  97.0   0.0   1.5 100.0   0.1 30.0 70002.0 37735.0 94.0 90.0 67.0 117.64    0.00  35.09  28.94  53.61  75.05  75.00  20.00  41.05  75.00  72.00  42.05   0.00
-------- ----- ----- ----- ----- ----- ---- ------ ------ ---- ---- ---- ------  ------ ------ ------ ------ ------ ------ ------ ------ ------ ------ ------ ------
Summary:
CPU:  86.00 Watts on average with standard deviation 29.92 
Note: power read from RAPL domains: uncore, pkg-0, core, psys.
These readings do not cover all the hardware in this device.

Histogram (of 32 power measurements)

  Range (Watts)   Count
  1.373 -  12.999     3 ######
 13.000 -  24.625     0 
 24.626 -  36.252     0 
 36.253 -  47.878     0 
 47.879 -  59.505     1 ##
 59.506 -  71.131     3 ######
 71.132 -  82.758     1 ##
 82.759 -  94.384     3 ######
 94.385 - 106.011    18 ########################################
106.012 - 117.637     3 ######

Histogram (of 32 CPU utilization measurements)

 Range (%CPU)   Count
 0.000 -  9.747     4 ####################
 9.748 - 19.495     8 ########################################
19.496 - 29.243     1 #####
29.244 - 38.991     1 #####
38.992 - 48.739     1 #####
48.740 - 58.487     2 ##########
58.488 - 68.235     2 ##########
68.236 - 77.983     4 ####################
77.984 - 87.731     3 ###############
87.732 - 97.479     6 ##############################

Histogram (of 32 thermal zone TCPU readings)

 Range (°C)    Count
49.050 - 51.649     2 ######
51.650 - 54.249     1 ###
54.250 - 56.849     1 ###
56.850 - 59.449     5 ################
59.450 - 62.049    12 ########################################
62.050 - 64.649     2 ######
64.650 - 67.249     1 ###
67.250 - 69.849     1 ###
69.850 - 72.449     4 #############
72.450 - 75.049     3 ##########

Histogram (of 32 thermal zone x86_pkg_temp readings)

 Range (°C)    Count
49.000 - 51.599     2 ######
51.600 - 54.199     1 ###
54.200 - 56.799     1 ###
56.800 - 59.399     5 ################
59.400 - 61.999    12 ########################################
62.000 - 64.599     2 ######
64.600 - 67.199     1 ###
67.200 - 69.799     1 ###
69.800 - 72.399     4 #############
72.400 - 74.999     3 ##########

Range is zero, cannot produce histogram of thermal zone INT3400 Thermal

Range is zero, cannot produce histogram of thermal zone SEN3

Histogram (of 32 thermal zone TCPU_PCI readings)

 Range (°C)    Count
49.000 - 51.599     1 ###
51.600 - 54.199     2 ######
54.200 - 56.799     1 ###
56.800 - 59.399     5 ################
59.400 - 61.999    12 ########################################
62.000 - 64.599     1 ###
64.600 - 67.199     2 ######
67.200 - 69.799     1 ###
69.800 - 72.399     4 #############
72.400 - 74.999     3 ##########

Histogram (of 32 thermal zone iwlwifi_1 readings)

 Range (°C)    Count
56.000 - 57.599     1 ##
57.600 - 59.199     0 
59.200 - 60.799     3 #######
60.800 - 62.399    16 ########################################
62.400 - 63.999     2 #####
64.000 - 65.599     0 
65.600 - 67.199     2 #####
67.200 - 68.799     0 
68.800 - 70.399     2 #####
70.400 - 71.999     6 ###############

Histogram (of 32 thermal zone acpitz readings)

 Range (°C)    Count
41.050 - 41.149    29 ########################################
41.150 - 41.249     0 
41.250 - 41.349     0 
41.350 - 41.449     0 
41.450 - 41.549     0 
41.550 - 41.649     0 
41.650 - 41.749     0 
41.750 - 41.849     0 
41.850 - 41.949     0 
41.950 - 42.049     3 ####

Range is zero, cannot produce histogram of thermal zone SEN2
