Running for 86400.0 seconds (86400 samples at 1.0 second intervals).
Power measurements will start in 0 seconds time.

  Time    User  Nice   Sys  Idle    IO  Run Ctxt/s  IRQ/s Fork Exec Exit  Watts  uncore  pkg-0   core   psys   TCPU x86_pk INT340   SEN3 TCPU_P iwlwif acpitz   SEN2
03:48:57   0.0   0.0   0.0 100.0   0.0    1    186    300    0    0    0   4.22    0.00   1.11   0.16   2.94  50.05  50.00  20.00  39.05  50.00  59.00  39.05   0.00
03:48:58   0.0   0.0   0.0 100.0   0.0    1    192    140    0    0    0   4.95    0.00   1.36   0.07   3.52  49.05  49.00  20.00  39.05  49.00  56.00  39.05   0.00
03:48:59   0.0   0.0   0.1  99.8   0.0    2    364    166   12    6    8   5.14    0.00   1.41   0.15   3.57  48.05  48.00  20.00  39.05  48.00  56.00  39.05   0.00
03:49:00  17.5   0.0   1.0  81.5   0.0    9  46653   6026   40    0    0 100.26    0.00  29.41  23.90  46.94  67.05  67.00  20.00  39.05  66.00  52.00  39.05   0.00
03:49:01  19.4   0.0   0.9  79.6   0.1    4  36102   5113   51    7   28 104.59    0.00  30.69  24.94  48.97  57.05  57.00  20.00  39.05  57.00  52.00  39.05   0.00
03:49:02  15.0   0.0   1.5  83.5   0.0    7  46628   9134   76    2   43  82.19    0.00  23.71  17.93  40.55  65.05  65.00  20.00  39.05  65.00  67.00  39.05   0.00
03:49:03  20.9   0.0   1.3  77.8   0.0    5  96261  17028   26   29   27 100.75    0.00  29.46  23.59  47.70  62.05  62.00  20.00  39.05  62.00  67.00  39.05   0.00
03:49:04  16.1   0.0   1.1  82.8   0.0   17  58149   6534   47   45   36  95.07    0.00  27.54  21.20  46.33  62.05  62.00  20.00  39.05  63.00  62.00  39.05   0.00
03:49:05  74.2   0.0   1.3  24.4   0.0   18  67483  11592   20    0    0 108.04    0.00  32.04  25.92  50.08  59.05  59.00  20.00  39.05  59.00  62.00  39.05   0.00
03:49:06  71.9   0.0   0.7  27.5   0.0   20  26960  13344    0    0    4 102.22    0.00  30.27  24.12  47.83  58.05  58.00  20.00  39.05  58.00  62.00  39.05   0.00
03:49:07  77.2   0.0   0.8  22.0   0.0   21  18348   7288    0    0    1 101.30    0.00  29.83  23.40  48.07  60.05  60.00  20.00  39.05  60.00  62.00  39.05   0.00
03:49:08  72.5   0.0   1.1  26.4   0.0   20  34897   8722    0    0    0 101.90    0.00  30.13  23.81  47.96  60.05  60.00  20.00  39.05  60.00  58.00  39.05   0.00
03:49:09  61.1   0.0   0.5  38.4   0.0    7  17764   6629    0    0    0  95.21    0.00  27.90  21.77  45.54  66.05  66.00  20.00  39.05  65.00  58.00  39.05   0.00
03:49:10  40.6   0.0   0.3  59.1   0.0    5  16766   4722    1    0    1 101.32    0.00  29.87  23.88  47.57  71.05  71.00  20.00  39.05  71.00  59.00  39.05   0.00
03:49:11  54.3   0.0   1.0  44.7   0.0   18  26500   7350   30    0    0 101.87    0.00  29.95  23.77  48.15  62.05  62.00  20.00  39.05  62.00  59.00  39.05   0.00
03:49:12  97.6   0.0   0.6   1.8   0.0   29   8271   7779    0    0    1 110.30    0.00  32.75  26.61  50.94  60.05  60.00  20.00  39.05  60.00  64.00  39.05   0.00
03:49:13  97.8   0.0   0.4   1.7   0.0   27   5019   7188    0    0    1 102.42    0.00  30.38  24.45  47.58  60.05  60.00  20.00  39.05  60.00  64.00  39.05   0.00
03:49:14  77.3   0.0   0.5  22.2   0.0   28  10030   6916    0    0    0 101.21    0.00  29.89  23.71  47.61  59.05  59.00  20.00  39.05  59.00  60.00  39.05   0.00
03:49:15  72.9   0.0   1.7  25.4   0.0   23  40215  43112    1    0    0 104.76    0.00  31.00  24.80  48.96  60.05  60.00  20.00  39.05  60.00  60.00  39.05   0.00
03:49:16  94.7   0.0   1.0   4.2   0.0   32  13308   7408    0    0    0 101.01    0.00  29.85  23.68  47.48  58.05  58.00  20.00  39.05  58.00  60.00  40.05   0.00
03:49:17  96.7   0.0   0.6   2.7   0.0   19  12065   8345    0    0    0 100.76    0.00  29.78  23.58  47.39  60.05  60.00  20.00  39.05  60.00  60.00  40.05   0.00
03:49:18  87.3   0.0   0.5  12.1   0.0   26  10891   7684    0    0    0 100.65    0.00  29.82  23.62  47.20  58.05  58.00  20.00  39.05  58.00  60.00  40.05   0.00
03:49:19  96.0   0.0   0.7   3.3   0.0   32  17748   8779    0    0    0 100.63    0.00  29.72  23.46  47.46  58.05  58.00  20.00  39.05  58.00  60.00  40.05   0.00
03:49:20  95.9   0.0   0.7   3.4   0.0   28  12022   8137    0    0    0 101.53    0.00  29.85  23.37  48.32  58.05  58.00  20.00  39.05  58.00  59.00  40.05   0.00
03:49:21  95.6   0.0   0.4   4.0   0.0   30  12592   7801    0    0    0 100.98    0.00  29.78  23.40  47.80  59.05  59.00  20.00  39.05  59.00  59.00  40.05   0.00
03:49:22  95.3   0.0   0.7   4.0   0.0   26  11669   7596    0    0    0 101.15    0.00  29.81  23.44  47.89  58.05  58.00  20.00  39.05  58.00  59.00  40.05   0.00
03:49:23  95.1   0.0   0.9   4.0   0.0   28  10245   7329    0    0    0 102.64    0.00  29.77  23.34  49.54  58.05  58.00  20.00  39.05  58.00  59.00  40.05   0.00
03:49:24  95.0   0.0   0.7   4.3   0.0   27  10560   7362    0    0    0 102.83    0.00  29.82  23.36  49.65  59.05  61.00  20.00  39.05  61.00  59.00  40.05   0.00
03:49:25  94.8   0.0   1.0   4.2   0.0   28  14585   7735    0    0    0 102.20    0.00  29.65  23.22  49.33  58.05  58.00  20.00  39.05  60.00  59.00  40.05   0.00
03:49:26  95.4   0.0   0.9   3.7   0.0   28  11738   8056    0    0    0 102.17    0.00  29.98  23.55  48.65  58.05  58.00  20.00  39.05  58.00  59.00  40.05   0.00
03:49:27  94.9   0.0   0.9   4.1   0.0   28  14681   7871    0    0    0 101.64    0.00  29.86  23.30  48.48  60.05  60.00  20.00  39.05  60.00  59.00  40.05   0.00
03:49:28  49.5   0.0   0.3  50.2   0.0    5  12238  34928    0    0    0  96.00    0.00  28.21  22.18  45.61  72.05  72.00  20.00  39.05  72.00  60.00  40.05   0.00
03:49:29  18.3   0.0   0.2  81.5   0.0    5   9062   2379    0    0    2 100.30    0.00  29.32  23.56  47.42  71.05  71.00  20.00  40.05  71.00  60.00  40.05   0.00
03:49:30  10.5   0.0   0.5  88.9   0.0    1  10266   3039    6    4  115  65.66    0.00  19.04  14.39  32.22  57.05  57.00  20.00  40.05  57.00  72.00  40.05   0.00
-------- ----- ----- ----- ----- ----- ---- ------ ------ ---- ---- ---- ------  ------ ------ ------ ------ ------ ------ ------ ------ ------ ------ ------ ------
 Average  61.8   0.0   0.7  37.5   0.0 17.8 21778.2 8927.4  9.1  2.7  7.9  91.41    0.00  26.85  21.17  43.39  59.96  59.97  20.00  39.11  60.00  60.09  39.49   0.00
 GeoMean   0.0   0.0   0.6  17.7   0.0 12.2 12398.1 5834.4  0.0  0.0  0.0  76.03    0.00  22.18  14.52  37.31  59.73  59.74  20.00  39.11  59.78  59.98  39.49   0.00
  StdDev  35.5   0.0   0.4  35.6   0.0 10.7 20606.1 8268.1 18.4  8.9 21.6  27.93    0.00   8.27   6.86  12.84   5.23   5.23   0.00   0.24   5.17   3.71   0.50   0.00
-------- ----- ----- ----- ----- ----- ---- ------ ------ ---- ---- ---- ------  ------ ------ ------ ------ ------ ------ ------ ------ ------ ------ ------ ------
 Minimum   0.0   0.0   0.0   1.7   0.0  1.0  186.0  140.0  0.0  0.0  0.0   4.22    0.00   1.11   0.07   2.94  48.05  48.00  20.00  39.05  48.00  52.00  39.05   0.00
 Maximum  97.8   0.0   1.7 100.0   0.1 32.0 96261.0 43112.0 76.0 45.0 115.0 110.30    0.00  32.75  26.61  50.94  72.05  72.00  20.00  40.05  72.00  72.00  40.05   0.00
-------- ----- ----- ----- ----- ----- ---- ------ ------ ---- ---- ---- ------  ------ ------ ------ ------ ------ ------ ------ ------ ------ ------ ------ ------
Summary:
CPU:  91.41 Watts on average with standard deviation 27.93 
Note: power read from RAPL domains: uncore, pkg-0, core, psys.
These readings do not cover all the hardware in this device.

Histogram (of 34 power measurements)

  Range (Watts)   Count
  4.217 -  14.824     3 ####
 14.825 -  25.432     0 
 25.433 -  36.040     0 
 36.041 -  46.648     0 
 46.649 -  57.257     0 
 57.258 -  67.865     1 #
 67.866 -  78.473     0 
 78.474 -  89.081     1 #
 89.082 -  99.689     3 ####
 99.690 - 110.298    26 ########################################

Histogram (of 34 CPU utilization measurements)

 Range (%CPU)   Count
 0.042 -  9.862     3 #########
 9.863 - 19.683     5 ###############
19.684 - 29.505     2 ######
29.506 - 39.326     0 
39.327 - 49.147     1 ###
49.148 - 58.968     2 ######
58.969 - 68.790     1 ###
68.791 - 78.611     6 ##################
78.612 - 88.432     1 ###
88.433 - 98.253    13 ########################################

Histogram (of 34 thermal zone TCPU readings)

 Range (°C)    Count
48.050 - 50.449     3 ######
50.450 - 52.849     0 
52.850 - 55.249     0 
55.250 - 57.649     2 ####
57.650 - 60.049    20 ########################################
60.050 - 62.449     3 ######
62.450 - 64.849     0 
64.850 - 67.249     3 ######
67.250 - 69.649     0 
69.650 - 72.049     3 ######

Histogram (of 34 thermal zone x86_pkg_temp readings)

 Range (°C)    Count
48.000 - 50.399     3 ######
50.400 - 52.799     0 
52.800 - 55.199     0 
55.200 - 57.599     2 ####
57.600 - 59.999    19 ########################################
60.000 - 62.399     4 ########
62.400 - 64.799     0 
64.800 - 67.199     3 ######
67.200 - 69.599     0 
69.600 - 71.999     3 ######

Range is zero, cannot produce histogram of thermal zone INT3400 Thermal

Histogram (of 34 thermal zone SEN3 readings)

 Range (°C)    Count
39.050 - 39.149    32 ########################################
39.150 - 39.249     0 
39.250 - 39.349     0 
39.350 - 39.449     0 
39.450 - 39.549     0 
39.550 - 39.649     0 
39.650 - 39.749     0 
39.750 - 39.849     0 
39.850 - 39.949     0 
39.950 - 40.049     2 ##

Histogram (of 34 thermal zone TCPU_PCI readings)

 Range (°C)    Count
48.000 - 50.399     3 ######
50.400 - 52.799     0 
52.800 - 55.199     0 
55.200 - 57.599     2 ####
57.600 - 59.999    19 ########################################
60.000 - 62.399     3 ######
62.400 - 64.799     1 ##
64.800 - 67.199     3 ######
67.200 - 69.599     0 
69.600 - 71.999     3 ######

Histogram (of 34 thermal zone iwlwifi_1 readings)

 Range (°C)    Count
52.000 - 53.999     2 ####
54.000 - 55.999     2 ####
56.000 - 57.999     2 ####
58.000 - 59.999    19 ########################################
60.000 - 61.999     4 ########
62.000 - 63.999     2 ####
64.000 - 65.999     0 
66.000 - 67.999     2 ####
68.000 - 69.999     0 
70.000 - 71.999     1 ##

Histogram (of 34 thermal zone acpitz readings)

 Range (°C)    Count
39.050 - 39.149    19 ########################################
39.150 - 39.249     0 
39.250 - 39.349     0 
39.350 - 39.449     0 
39.450 - 39.549     0 
39.550 - 39.649     0 
39.650 - 39.749     0 
39.750 - 39.849     0 
39.850 - 39.949     0 
39.950 - 40.049    15 ###############################

Range is zero, cannot produce histogram of thermal zone SEN2
