Running for 86400.0 seconds (86400 samples at 1.0 second intervals).
Power measurements will start in 0 seconds time.

  Time    User  Nice   Sys  Idle    IO  Run Ctxt/s  IRQ/s Fork Exec Exit  Watts  uncore  pkg-0   core   psys   TCPU x86_pk INT340   SEN3 TCPU_P iwlwif acpitz   SEN2
16:21:21   0.0   0.0   0.0 100.0   0.0    1    375    331    0    0    0   8.15    0.00   2.11   0.20   5.84  60.05  61.00  20.00  47.05  61.00  69.00  50.05   0.00
16:21:22   0.0   0.0   0.0  99.9   0.0    1    380    208    0    0    0   7.10    0.00   1.82   0.12   5.16  59.05  59.00  20.00  47.05  59.00  63.00  50.05   0.00
16:21:23   0.0   0.0   0.3  99.7   0.0    2   1373   1025   14    6    8  13.42    0.00   3.52   1.12   8.77  59.05  59.00  20.00  48.05  59.00  63.00  50.05   0.00
16:21:24  14.8   0.0   0.9  84.4   0.0    6  41127   5328   34    0    0  94.56    0.00  26.64  20.51  47.42  73.05  73.00  20.00  48.05  73.00  69.00  50.05   0.00
16:21:25  15.5   0.0   0.5  84.0   0.0    5  32913   4367    9    4    4  90.33    0.00  25.39  19.40  45.54  81.05  81.00  20.00  48.05  81.00  69.00  49.05   0.00
16:21:26  16.8   0.0   0.7  82.5   0.0    2  26858   5171   64    4   44  95.79    0.00  26.94  20.68  48.18  62.05  62.00  20.00  48.05  62.00  79.00  49.05   0.00
16:21:27  16.0   0.0   1.0  82.9   0.0   11  40288   9232   53    1   21  81.73    0.00  22.53  16.34  42.86  71.05  71.00  20.00  48.05  71.00  79.00  49.05   0.00
16:21:28  19.3   0.0   1.5  79.2   0.0    7  59119  13259    6    2    9  81.64    0.00  23.14  17.12  41.39  76.05  76.00  20.00  48.05  76.00  71.00  49.05   0.00
16:21:29  12.3   0.0   0.7  87.0   0.1    5  28910   4667   54   72   54  78.25    0.00  21.54  14.67  42.03  81.05  81.00  20.00  48.05  81.00  71.00  49.05   0.00
16:21:30  25.8   0.0   0.8  73.4   0.0   10  47996   7487   31    0    0 117.26    0.00  34.13  27.79  55.34  75.05  75.00  20.00  48.05  75.00  71.00  49.05   0.00
16:21:31  75.7   0.0   1.5  22.8   0.0   18  48806  14692    0    0    2 105.99    0.00  30.82  24.15  51.01  68.05  68.00  20.00  48.05  68.00  79.00  49.05   0.00
16:21:32  76.3   0.0   0.6  23.1   0.0   21  19217   7311    0    0    1 102.80    0.00  29.79  23.11  49.91  68.05  68.00  20.00  48.05  68.00  70.00  49.05   0.00
16:21:33  76.1   0.0   1.0  23.0   0.0   17  16118   7332    0    0    0 102.41    0.00  29.68  22.86  49.87  68.05  68.00  20.00  48.05  68.00  70.00  49.05   0.00
16:21:34  69.8   0.0   0.7  29.4   0.0   16  23267   7645    0    0    0 103.02    0.00  29.70  22.74  50.59  65.05  65.00  20.00  48.05  65.00  68.00  49.05   0.00
16:21:35  38.8   0.0   0.3  60.8   0.0   20  18338   6396    1    0    1 108.01    0.00  31.12  24.44  52.44  76.05  76.00  20.00  48.05  76.00  68.00  49.05   0.00
16:21:36  29.7   0.0   0.3  69.9   0.0   24  30563   5765   11    0    2 103.27    0.00  29.65  23.26  50.36  78.05  78.00  20.00  48.05  78.00  78.00  49.05   0.00
16:21:37  66.0   0.0   0.7  33.3   0.0   15  19834   8314   24    0    1 102.18    0.00  29.59  23.10  49.50  70.05  70.00  20.00  48.05  70.00  78.00  49.05   0.00
16:21:38  97.9   0.0   0.4   1.7   0.0   29   6905   7880    0    0    0 105.55    0.00  30.78  24.38  50.40  68.05  68.00  20.00  47.05  68.00  69.00  49.05   0.00
16:21:39  97.4   0.0   0.6   2.0   0.0   27   6578   7228    0    0    0 107.67    0.00  31.39  24.90  51.38  68.05  68.00  20.00  47.05  68.00  69.00  49.05   0.00
16:21:40  62.6   0.0   0.4  37.0   0.0   28  10604  35477    0    0    1  96.45    0.00  28.03  21.46  46.96  66.05  66.00  20.00  47.05  66.00  69.00  49.05   0.00
16:21:41  87.2   0.0   0.8  12.0   0.0   28  29716   8781    1    0    0 103.11    0.00  30.00  23.52  49.58  67.05  67.00  20.00  47.05  66.00  69.00  49.05   0.00
16:21:42  95.3   0.0   0.7   4.0   0.0    4  10826   7226    0    0    0 102.52    0.00  29.79  23.14  49.60  66.05  66.00  20.00  47.05  66.00  67.00  49.05   0.00
16:21:43  87.6   0.0   0.9  11.5   0.0   29  29931   9669    0    0    0 101.77    0.00  29.74  23.05  48.99  67.05  67.00  20.00  48.05  67.00  67.00  49.05   0.00
16:21:44  96.6   0.0   0.6   2.9   0.0   34  10608   7705    0    0    0 101.44    0.00  29.64  22.96  48.85  66.05  66.00  20.00  48.05  66.00  67.00  49.05   0.00
16:21:45  96.7   0.0   0.4   2.9   0.0   29  10858   7865    0    0    0 102.33    0.00  29.80  22.96  49.57  66.05  66.00  20.00  48.05  66.00  67.00  49.05   0.00
16:21:46  95.5   0.0   0.6   3.9   0.0   26  11540   7699    0    0    0 101.63    0.00  29.72  22.99  48.93  67.05  67.00  20.00  48.05  67.00  67.00  49.05   0.00
16:21:47  96.3   0.0   0.5   3.2   0.0   28  11594   7982    0    0    0 101.88    0.00  29.79  23.07  49.02  66.05  67.00  20.00  48.05  67.00  67.00  49.05   0.00
16:21:48  95.1   0.0   0.9   4.0   0.0   30  13474   7772    0    0    0 102.06    0.00  29.80  23.03  49.23  67.05  67.00  20.00  47.05  67.00  68.00  49.05   0.00
16:21:49  95.9   0.0   0.8   3.3   0.0   28  10282   7663    0    0    0 105.07    0.00  30.48  23.59  51.00  67.05  67.00  20.00  47.05  67.00  68.00  49.05   0.00
16:21:50  95.9   0.0   0.7   3.4   0.0   28   8862   7158    0    0    0 101.82    0.00  29.19  22.38  50.25  66.05  66.00  20.00  47.05  66.00  68.00  49.05   0.00
16:21:51  95.3   0.0   0.8   3.9   0.0   28   9719   7336    0    0    0 103.69    0.00  29.67  22.64  51.38  67.05  67.00  20.00  47.05  67.00  68.00  49.05   0.00
16:21:52  95.2   0.0   0.8   4.0   0.0   28   9630   7570    0    0    0 103.44    0.00  29.81  22.96  50.67  67.05  67.00  20.00  47.05  67.00  67.00  49.05   0.00
16:21:53  95.3   0.0   0.7   4.0   0.0   28  10808   7617    0    0    1 104.64    0.00  30.52  23.64  50.48  67.05  67.00  20.00  47.05  67.00  67.00  49.05   0.00
16:21:54  46.6   0.0   0.5  52.8   0.0    5  12559  37579    0    0    0  94.88    0.00  27.52  21.19  46.17  83.05  83.00  20.00  47.05  83.00  67.00  49.05   0.00
16:21:55  18.4   0.0   0.2  81.3   0.0    5  12096   3718    0    0    0 104.81    0.00  30.23  23.95  50.63  83.05  83.00  20.00  47.05  83.00  71.00  49.05   0.00
-------- ----- ----- ----- ----- ----- ---- ------ ------ ---- ---- ---- ------  ------ ------ ------ ------ ------ ------ ------ ------ ------ ------ ------ ------
 Average  60.1   0.0   0.7  39.2   0.0 17.8 19487.8 8641.6  8.6  2.5  4.3  92.59    0.00  26.68  20.50  45.41  69.31  69.31  20.00  47.62  69.29  69.63  49.16   0.00
 GeoMean  29.0   0.0   0.0  18.1   0.0 12.5 13090.3 6264.9  0.0  0.0  0.0  81.53    0.00  23.28  15.36  41.14  69.04  69.05  20.00  47.62  69.02  69.51  49.16   0.00
  StdDev  36.4   0.0   0.3  36.4   0.0 10.8 14393.8 7427.4 17.2 12.0 11.8  26.53    0.00   7.82   6.58  12.20   6.21   6.16   0.00   0.49   6.17   4.07   0.32   0.00
-------- ----- ----- ----- ----- ----- ---- ------ ------ ---- ---- ---- ------  ------ ------ ------ ------ ------ ------ ------ ------ ------ ------ ------ ------
 Minimum   0.0   0.0   0.0   1.7   0.0  1.0  375.0  208.0  0.0  0.0  0.0   7.10    0.00   1.82   0.12   5.16  59.05  59.00  20.00  47.05  59.00  63.00  49.05   0.00
 Maximum  97.9   0.0   1.5 100.0   0.1 34.0 59119.0 37579.0 64.0 72.0 54.0 117.26    0.00  34.13  27.79  55.34  83.05  83.00  20.00  48.05  83.00  79.00  50.05   0.00
-------- ----- ----- ----- ----- ----- ---- ------ ------ ---- ---- ---- ------  ------ ------ ------ ------ ------ ------ ------ ------ ------ ------ ------ ------
Summary:
CPU:  92.59 Watts on average with standard deviation 26.53 
Note: power read from RAPL domains: uncore, pkg-0, core, psys.
These readings do not cover all the hardware in this device.

Histogram (of 35 power measurements)

  Range (Watts)   Count
  7.098 -  18.113     3 #####
 18.114 -  29.130     0 
 29.131 -  40.146     0 
 40.147 -  51.162     0 
 51.163 -  62.179     0 
 62.180 -  73.195     0 
 73.196 -  84.211     3 #####
 84.212 -  95.228     3 #####
 95.229 - 106.244    23 ########################################
106.245 - 117.260     3 #####

Histogram (of 35 CPU utilization measurements)

 Range (%CPU)   Count
 0.042 -  9.869     3 #########
 9.870 - 19.698     6 ##################
19.699 - 29.526     2 ######
29.527 - 39.355     2 ######
39.356 - 49.183     1 ###
49.184 - 59.012     0 
59.013 - 68.840     2 ######
68.841 - 78.669     4 ############
78.670 - 88.497     2 ######
88.498 - 98.325    13 ########################################

Histogram (of 35 thermal zone TCPU readings)

 Range (°C)    Count
59.050 - 61.449     3 #########
61.450 - 63.849     1 ###
63.850 - 66.249     7 #####################
66.250 - 68.649    13 ########################################
68.650 - 71.049     2 ######
71.050 - 73.449     1 ###
73.450 - 75.849     1 ###
75.850 - 78.249     3 #########
78.250 - 80.649     0 
80.650 - 83.049     4 ############

Histogram (of 35 thermal zone x86_pkg_temp readings)

 Range (°C)    Count
59.000 - 61.399     3 ########
61.400 - 63.799     1 ##
63.800 - 66.199     6 #################
66.200 - 68.599    14 ########################################
68.600 - 70.999     2 #####
71.000 - 73.399     1 ##
73.400 - 75.799     1 ##
75.800 - 78.199     3 ########
78.200 - 80.599     0 
80.600 - 82.999     4 ###########

Range is zero, cannot produce histogram of thermal zone INT3400 Thermal

Histogram (of 35 thermal zone SEN3 readings)

 Range (°C)    Count
47.050 - 47.149    15 ##############################
47.150 - 47.249     0 
47.250 - 47.349     0 
47.350 - 47.449     0 
47.450 - 47.549     0 
47.550 - 47.649     0 
47.650 - 47.749     0 
47.750 - 47.849     0 
47.850 - 47.949     0 
47.950 - 48.049    20 ########################################

Histogram (of 35 thermal zone TCPU_PCI readings)

 Range (°C)    Count
59.000 - 61.399     3 #########
61.400 - 63.799     1 ###
63.800 - 66.199     7 #####################
66.200 - 68.599    13 ########################################
68.600 - 70.999     2 ######
71.000 - 73.399     1 ###
73.400 - 75.799     1 ###
75.800 - 78.199     3 #########
78.200 - 80.599     0 
80.600 - 82.999     4 ############

Histogram (of 35 thermal zone iwlwifi_1 readings)

 Range (°C)    Count
63.000 - 64.599     2 ######
64.600 - 66.199     0 
66.200 - 67.799     9 ###########################
67.800 - 69.399    13 ########################################
69.400 - 70.999     6 ##################
71.000 - 72.599     0 
72.600 - 74.199     0 
74.200 - 75.799     0 
75.800 - 77.399     0 
77.400 - 78.999     5 ###############

Histogram (of 35 thermal zone acpitz readings)

 Range (°C)    Count
49.050 - 49.149    31 ########################################
49.150 - 49.249     0 
49.250 - 49.349     0 
49.350 - 49.449     0 
49.450 - 49.549     0 
49.550 - 49.649     0 
49.650 - 49.749     0 
49.750 - 49.849     0 
49.850 - 49.949     0 
49.950 - 50.049     4 #####

Range is zero, cannot produce histogram of thermal zone SEN2
