Running for 86400.0 seconds (86400 samples at 1.0 second intervals).
Power measurements will start in 0 seconds time.

  Time    User  Nice   Sys  Idle    IO  Run Ctxt/s  IRQ/s Fork Exec Exit  Watts  uncore  pkg-0   core   psys   TCPU x86_pk INT340   SEN3 TCPU_P iwlwif acpitz   SEN2
16:09:44   0.0   0.0   0.0 100.0   0.0    1    182    406    0    0    0   4.35    0.00   1.18   0.16   3.00  51.05  51.00  20.00  41.05  51.00  60.00  41.05   0.00
16:09:45   0.0   0.0   0.0 100.0   0.0    1    154     88    0    0    0   1.88    0.00   0.53   0.06   1.29  51.05  51.00  20.00  41.05  51.00  60.00  41.05   0.00
16:09:46   0.1   0.0   0.1  99.8   0.0    3    260    133    9    6    8   2.63    0.00   0.73   0.15   1.75  49.05  49.00  20.00  41.05  49.00  55.00  41.05   0.00
16:09:47  15.1   0.0   1.0  83.9   0.0    2  37160   5164   39    0    0  79.88    0.00  22.83  17.31  39.74  68.05  68.00  20.00  41.05  68.00  55.00  41.05   0.00
16:09:48  19.0   0.0   0.4  80.6   0.0    7  36117   4913    9    4    4  89.97    0.00  25.91  19.97  44.09  66.05  66.00  20.00  41.05  66.00  55.00  41.05   0.00
16:09:49  12.7   0.0   1.0  86.2   0.0    2  21637   5162   87    5   64  74.03    0.00  20.33  14.36  39.34  62.05  62.00  20.00  41.05  62.00  64.00  41.05   0.00
16:09:50  23.1   0.0   1.6  75.3   0.0    2  60885  13414   33    0    9  97.92    0.00  28.24  22.65  47.03  64.05  64.00  20.00  41.05  64.00  59.00  41.05   0.00
16:09:51  11.8   0.0   1.2  87.0   0.0    2  35187   8292   67   88   63  83.60    0.00  23.37  17.03  43.21  57.05  57.00  20.00  41.05  57.00  59.00  41.05   0.00
16:09:52  26.5   0.0   1.0  72.5   0.0   24  49863   7356   39    2    4 115.98    0.00  34.06  28.17  53.75  61.05  61.00  20.00  41.05  61.00  59.00  41.05   0.00
16:09:53  74.6   0.0   1.8  23.7   0.0   20  62339  15984    0    0    0 102.30    0.00  30.21  24.04  48.06  60.05  60.00  20.00  41.05  60.00  59.00  41.05   0.00
16:09:54  69.2   0.0   0.7  30.0   0.0    8  19576   6944    0    0    3  99.22    0.00  29.11  22.70  47.41  61.05  61.00  20.00  41.05  61.00  61.00  41.05   0.00
16:09:55  70.6   0.0   0.9  28.5   0.0   19  22083   7390    0    0    2 105.65    0.00  31.22  24.82  49.61  60.05  60.00  20.00  41.05  60.00  61.00  41.05   0.00
16:09:56  70.2   0.0   1.3  28.5   0.0   19  68256  12091    0    0    0  98.92    0.00  29.13  22.78  47.00  60.05  60.00  20.00  41.05  60.00  61.00  41.05   0.00
16:09:57  71.0   0.0   0.7  28.3   0.0   14  16833   6877    0    0    0 101.25    0.00  29.84  23.38  48.03  60.05  60.00  20.00  41.05  60.00  61.00  41.05   0.00
16:09:58  33.8   0.0   0.3  65.8   0.0    5  19486   4973    1    0    1  99.71    0.00  28.99  22.74  47.99  68.05  68.00  20.00  41.05  68.00  61.00  41.05   0.00
16:09:59  41.1   0.0   0.4  58.5   0.0   10  24665   5958    0    0    1 105.80    0.00  31.08  25.01  49.71  73.05  73.00  20.00  41.05  73.00  60.00  41.05   0.00
16:10:00  73.4   0.0   0.8  25.8   0.0   29  26555   8888   30    0    0 105.90    0.00  31.37  25.31  49.22  62.05  62.00  20.00  41.05  62.00  69.00  41.05   0.00
16:10:01  88.7   0.0   0.5  10.8   0.0   28   8373  37611    2    0    2 101.19    0.00  29.91  23.77  47.50  60.05  60.00  20.00  41.05  60.00  69.00  41.05   0.00
16:10:02  83.1   0.0   0.3  16.5   0.0   28   8038   6793    0    0    0  97.95    0.00  28.97  23.02  45.95  61.05  61.00  20.00  41.05  61.00  69.00  41.05   0.00
16:10:03  87.5   0.0   0.7  11.8   0.0   27  30638   8850    0    0    0 105.19    0.00  31.19  25.13  48.87  60.05  60.00  20.00  41.05  60.00  61.00  41.05   0.00
16:10:04  96.1   0.0   0.6   3.3   0.0   31  11610   7381    0    0    0 101.18    0.00  29.88  23.62  47.69  60.05  60.00  20.00  41.05  60.00  61.00  42.05   0.00
16:10:05  81.6   0.0   0.6  17.8   0.0   30  15866   8018    0    0    0 100.54    0.00  29.80  23.58  47.16  60.05  59.00  20.00  41.05  59.00  61.00  42.05   0.00
16:10:06  96.3   0.0   0.8   2.9   0.0   26  16308   8812    0    0    0 100.99    0.00  29.82  23.48  47.69  60.05  60.00  20.00  41.05  60.00  61.00  42.05   0.00
16:10:07  96.5   0.0   0.6   2.9   0.0   28  13380   8105    0    0    0 101.11    0.00  29.84  23.47  47.80  58.05  58.00  20.00  41.05  58.00  61.00  42.05   0.00
16:10:08  94.7   0.0   0.9   4.3   0.0   28  25652   9259    0    0    0 100.65    0.00  29.54  23.00  48.11  60.05  60.00  20.00  41.05  60.00  61.00  42.05   0.00
16:10:09  95.8   0.0   0.8   3.4   0.0   31  11883   8107    0    0    0 101.04    0.00  29.81  23.40  47.83  61.05  61.00  20.00  41.05  61.00  61.00  42.05   0.00
16:10:10  92.3   0.0   0.8   6.9   0.0   26  10485   7692    0    0    0  99.94    0.00  29.46  23.14  47.34  62.05  62.00  20.00  41.05  62.00  61.00  42.05   0.00
16:10:11  95.1   0.0   0.6   4.3   0.0   26  14198   8396    0    0    0 102.19    0.00  30.17  23.73  48.29  60.05  60.00  20.00  41.05  60.00  61.00  42.05   0.00
16:10:12  81.5   0.0   0.8  17.6   0.0    2  15450  38653    0    0    0  95.81    0.00  28.22  21.93  45.66  58.05  58.00  20.00  41.05  58.00  61.00  42.05   0.00
16:10:13  94.3   0.0   0.8   4.9   0.0   28  10108   7284    0    0    0 106.28    0.00  31.43  24.92  49.93  60.05  60.00  20.00  41.05  60.00  61.00  42.05   0.00
16:10:14  95.7   0.0   0.9   3.4   0.0   28  10569   7844    0    0    0 101.32    0.00  29.83  23.40  48.09  61.05  61.00  20.00  41.05  61.00  61.00  42.05   0.00
16:10:15  95.4   0.0   1.0   3.6   0.0   29  10167   7502    0    0    0 101.06    0.00  29.75  23.30  48.01  61.05  61.00  20.00  41.05  61.00  61.00  42.05   0.00
16:10:16  96.5   0.0   0.5   3.0   0.0   26   8485   7606    0    0    0 103.57    0.00  30.54  24.03  49.00  62.05  62.00  20.00  41.05  62.00  61.00  42.05   0.00
16:10:17  96.0   0.0   0.7   3.3   0.0   27   8231   7251    0    0    0 104.02    0.00  30.66  24.12  49.23  61.05  61.00  20.00  41.05  61.00  61.00  42.05   0.00
16:10:18  95.5   0.0   0.5   4.0   0.0   26   7872   7242    0    0    0 103.47    0.00  30.50  23.97  49.00  61.05  61.00  20.00  41.05  61.00  61.00  42.05   0.00
16:10:19  76.2   0.0   0.6  23.1   0.0   26  14387  20188    0    0    1  93.82    0.00  27.67  21.39  44.76  62.05  62.00  20.00  41.05  62.00  61.00  42.05   0.00
16:10:20  95.6   0.0   0.6   3.8   0.0   26   9278   7379    0    0    0 107.34    0.00  31.69  25.07  50.58  65.05  65.00  20.00  41.05  65.00  62.00  42.05   0.00
16:10:21  92.9   0.0   1.8   5.2   0.0    2  54368  11258    0    0    0 102.77    0.00  30.22  23.70  48.85  61.05  61.00  20.00  41.05  61.00  62.00  42.05   0.00
16:10:22  96.5   0.0   0.5   2.9   0.0   26   9242   7329    1    0    0  98.87    0.00  29.01  22.58  47.28  61.05  61.00  20.00  42.05  61.00  62.00  42.05   0.00
16:10:23  96.3   0.0   0.4   3.3   0.0   28   8749   7489    0    0    0 101.16    0.00  29.28  22.73  49.15  60.05  60.00  20.00  42.05  60.00  63.00  42.05   0.00
16:10:24  78.8   0.0   0.3  20.9   0.0    5   6438   6276    0    0    0  94.37    0.00  27.13  20.69  46.55  70.05  70.00  20.00  42.05  70.00  63.00  43.05   0.00
16:10:25  17.3   0.0   0.2  82.5   0.0    5   8454   2036    0    0    0  84.97    0.00  23.85  18.04  43.08  70.05  70.00  20.00  42.05  70.00  62.00  43.05   0.00
16:10:26  12.3   0.0   0.0  87.7   0.0    5   5824   1478    0    0    1  64.47    0.00  18.29  12.75  33.43  70.05  70.00  20.00  42.05  70.00  62.00  43.05   0.00
16:10:27  16.1   0.0   0.3  83.6   0.0    2   9836   2290    0    0    0  95.80    0.00  27.95  22.32  45.52  75.05  75.00  20.00  42.05  75.00  64.00  43.05   0.00
16:10:28   6.2   0.0   0.2  93.5   0.0    2    520    760    0    0    0  61.13    0.00  18.50  13.29  29.35  75.05  75.00  20.00  42.05  75.00  64.00  43.05   0.00
16:10:29  12.5   0.0   0.3  87.2   0.0    5   2012   1893    1    0    5  71.76    0.00  21.10  15.60  35.06  67.05  67.00  20.00  42.05  68.00  64.00  43.05   0.00
16:10:30  19.6   0.0   0.4  79.9   0.0   19   4382  30984    0    0    1  74.45    0.00  21.68  15.97  36.80  58.05  58.00  20.00  42.05  58.00  75.00  43.05   0.00
16:10:31  16.4   0.0   0.0  83.6   0.0    2    743   1510    0    0    2  64.77    0.00  18.61  13.38  32.78  70.05  70.00  20.00  42.05  70.00  69.00  43.05   0.00
16:10:32   8.6   0.0   0.3  91.2   0.0    5   2263   1569    7    4    0  58.41    0.00  17.03  11.70  29.68  67.05  67.00  20.00  42.05  67.00  69.00  43.05   0.00
-------- ----- ----- ----- ----- ----- ---- ------ ------ ---- ---- ---- ------  ------ ------ ------ ------ ------ ------ ------ ------ ------ ------ ------ ------
 Average  59.6   0.0   0.6  39.8   0.0 16.3 17858.1 8548.5  6.6  2.2  3.5  89.20    0.00  26.11  20.30  42.78  62.29  62.22  20.00  41.27  62.24  61.94  41.83   0.00
 GeoMean   0.0   0.0   0.0  19.7   0.0 10.2 9832.5 5446.9  0.0  0.0  0.0  75.55    0.00  22.01  15.41  37.10  62.07  61.99  20.00  41.27  62.01  61.84  41.82   0.00
  StdDev  36.6   0.0   0.4  36.8   0.0 11.5 16786.7 7978.5 17.6 12.5 12.5  25.58    0.00   7.60   6.36  11.72   5.36   5.37   0.00   0.42   5.39   3.64   0.74   0.00
-------- ----- ----- ----- ----- ----- ---- ------ ------ ---- ---- ---- ------  ------ ------ ------ ------ ------ ------ ------ ------ ------ ------ ------ ------
 Minimum   0.0   0.0   0.0   2.9   0.0  1.0  154.0   88.0  0.0  0.0  0.0   1.88    0.00   0.53   0.06   1.29  49.05  49.00  20.00  41.05  49.00  55.00  41.05   0.00
 Maximum  96.5   0.0   1.8 100.0   0.0 31.0 68256.0 38653.0 87.0 88.0 64.0 115.98    0.00  34.06  28.17  53.75  75.05  75.00  20.00  42.05  75.00  75.00  43.05   0.00
-------- ----- ----- ----- ----- ----- ---- ------ ------ ---- ---- ---- ------  ------ ------ ------ ------ ------ ------ ------ ------ ------ ------ ------ ------
Summary:
CPU:  89.20 Watts on average with standard deviation 25.58 
Note: power read from RAPL domains: uncore, pkg-0, core, psys.
These readings do not cover all the hardware in this device.

Histogram (of 49 power measurements)

  Range (Watts)   Count
  1.878 -  13.288     3 ####
 13.289 -  24.698     0 
 24.699 -  36.108     0 
 36.109 -  47.519     0 
 47.520 -  58.929     1 #
 58.930 -  70.339     3 ####
 70.340 -  81.749     4 #####
 81.750 -  93.160     3 ####
 93.161 - 104.570    28 ########################################
104.571 - 115.980     7 ##########

Histogram (of 49 CPU utilization measurements)

 Range (%CPU)   Count
 0.000 -  9.711     5 ##########
 9.712 - 19.424     8 ################
19.425 - 29.136     4 ########
29.137 - 38.848     1 ##
38.849 - 48.560     1 ##
48.561 - 58.273     0 
58.274 - 67.985     0 
67.986 - 77.697     7 ##############
77.698 - 87.409     4 ########
87.410 - 97.122    19 ########################################

Histogram (of 49 thermal zone TCPU readings)

 Range (°C)    Count
49.050 - 51.649     3 ####
51.650 - 54.249     0 
54.250 - 56.849     0 
56.850 - 59.449     4 #####
59.450 - 62.049    28 ########################################
62.050 - 64.649     1 #
64.650 - 67.249     4 #####
67.250 - 69.849     2 ##
69.850 - 72.449     4 #####
72.450 - 75.049     3 ####

Histogram (of 49 thermal zone x86_pkg_temp readings)

 Range (°C)    Count
49.000 - 51.599     3 ####
51.600 - 54.199     0 
54.200 - 56.799     0 
56.800 - 59.399     5 #######
59.400 - 61.999    27 ########################################
62.000 - 64.599     1 #
64.600 - 67.199     4 #####
67.200 - 69.799     2 ##
69.800 - 72.399     4 #####
72.400 - 74.999     3 ####

Range is zero, cannot produce histogram of thermal zone INT3400 Thermal

Histogram (of 49 thermal zone SEN3 readings)

 Range (°C)    Count
41.050 - 41.149    38 ########################################
41.150 - 41.249     0 
41.250 - 41.349     0 
41.350 - 41.449     0 
41.450 - 41.549     0 
41.550 - 41.649     0 
41.650 - 41.749     0 
41.750 - 41.849     0 
41.850 - 41.949     0 
41.950 - 42.049    11 ###########

Histogram (of 49 thermal zone TCPU_PCI readings)

 Range (°C)    Count
49.000 - 51.599     3 ####
51.600 - 54.199     0 
54.200 - 56.799     0 
56.800 - 59.399     5 #######
59.400 - 61.999    27 ########################################
62.000 - 64.599     1 #
64.600 - 67.199     3 ####
67.200 - 69.799     3 ####
69.800 - 72.399     4 #####
72.400 - 74.999     3 ####

Histogram (of 49 thermal zone iwlwifi_1 readings)

 Range (°C)    Count
55.000 - 56.999     3 ####
57.000 - 58.999     4 ######
59.000 - 60.999    25 ########################################
61.000 - 62.999     7 ###########
63.000 - 64.999     4 ######
65.000 - 66.999     0 
67.000 - 68.999     5 ########
69.000 - 70.999     0 
71.000 - 72.999     0 
73.000 - 74.999     1 #

Histogram (of 49 thermal zone acpitz readings)

 Range (°C)    Count
41.050 - 41.249    20 ########################################
41.250 - 41.449     0 
41.450 - 41.649     0 
41.650 - 41.849     0 
41.850 - 42.049    20 ########################################
42.050 - 42.249     0 
42.250 - 42.449     0 
42.450 - 42.649     0 
42.650 - 42.849     0 
42.850 - 43.049     9 ##################

Range is zero, cannot produce histogram of thermal zone SEN2
