Running for 86400.0 seconds (86400 samples at 1.0 second intervals).
Power measurements will start in 0 seconds time.

  Time    User  Nice   Sys  Idle    IO  Run Ctxt/s  IRQ/s Fork Exec Exit  Watts  uncore  pkg-0   core   psys   TCPU x86_pk INT340   SEN3 TCPU_P iwlwif acpitz   SEN2
16:19:28   0.0   0.0   0.0 100.0   0.0    1    376    436    0    0    0   8.40    0.00   2.22   0.23   5.95  61.05  61.00  20.00  48.05  61.00  70.00  49.05   0.00
16:19:29   0.2   0.0   0.0  99.8   0.0    1    394    198    0    0    0   6.85    0.00   1.77   0.12   4.97  60.05  60.00  20.00  48.05  60.00  67.00  49.05   0.00
16:19:30   0.0   0.0   0.2  99.8   0.0    2    461    238    8    6    8   7.94    0.00   2.07   0.19   5.67  58.05  58.00  20.00  48.05  58.00  62.00  49.05   0.00
16:19:31  13.5   0.0   0.9  85.7   0.0    6  36371   5229   40    0    0  73.08    0.00  20.39  14.35  38.33  77.05  77.00  20.00  48.05  77.00  62.00  49.05   0.00
16:19:32  15.9   0.0   0.6  83.5   0.0    5  35599   4156    4    0    0  82.13    0.00  23.38  17.32  41.43  74.05  74.00  20.00  48.05  74.00  71.00  49.05   0.00
16:19:33  17.8   0.0   0.6  81.5   0.0    3  26481   4442   29    4   28  91.66    0.00  26.21  19.84  45.61  73.05  73.00  20.00  48.05  73.00  71.00  49.05   0.00
16:19:34  10.5   0.0   1.3  88.2   0.0   12  28615   5761   92    5   40  74.71    0.00  20.99  14.97  38.75  86.05  86.00  20.00  48.05  86.00  78.00  49.05   0.00
16:19:35  22.2   0.0   1.8  76.0   0.0    3  63404  16221    4    0    9  96.63    0.00  27.54  21.48  47.61  69.05  69.00  20.00  48.05  68.00  78.00  49.05   0.00
16:19:36  10.5   0.0   1.0  88.5   0.0    4  22047   4656   56   74   55  79.88    0.00  21.91  15.03  42.94  77.05  77.00  20.00  48.05  77.00  73.00  49.05   0.00
16:19:37  18.1   0.0   0.5  81.4   0.0    6  29795   7041   29    0    0 105.91    0.00  30.47  24.38  51.06  83.05  83.00  20.00  48.05  83.00  73.00  49.05   0.00
16:19:38  74.5   0.0   2.1  23.5   0.0   20  68698  16431    3    0    0 121.87    0.00  35.86  29.15  56.86  68.05  68.00  20.00  48.05  68.00  73.00  49.05   0.00
16:19:39  73.8   0.0   0.8  25.4   0.0   19  20910   7425    0    0    1 102.75    0.00  29.76  23.05  49.94  68.05  68.00  20.00  48.05  68.00  84.00  49.05   0.00
16:19:40  74.7   0.0   0.7  24.7   0.0   20  19771   7485    0    0    1 104.34    0.00  30.23  23.43  50.68  69.05  69.00  20.00  48.05  69.00  69.00  49.05   0.00
16:19:41  71.3   0.0   0.7  28.0   0.0   20  24457   7600    0    0    0 104.34    0.00  30.17  23.41  50.76  67.05  67.00  20.00  48.05  67.00  69.00  49.05   0.00
16:19:42  49.0   0.0   0.7  50.3   0.0   20  18336   5823    1    0    1 103.82    0.00  29.77  23.12  50.94  77.05  77.00  20.00  48.05  76.00  68.00  49.05   0.00
16:19:43  51.2   0.0   0.3  48.5   0.0   27  21150   6008   11    0    0 107.19    0.00  30.91  24.36  51.93  68.05  68.00  20.00  48.05  68.00  68.00  49.05   0.00
16:19:44  72.9   0.0   0.7  26.4   0.0    2  19409   7972   24    0    1 105.23    0.00  30.50  24.05  50.69  68.05  68.00  20.00  48.05  68.00  72.00  49.05   0.00
16:19:45  99.2   0.0   0.3   0.6   0.0   28   5469   7360    0    0    1 103.39    0.00  30.07  23.78  49.54  66.05  66.00  20.00  48.05  66.00  72.00  49.05   0.00
16:19:46  97.8   0.0   0.7   1.5   0.0   26   5553   7459    0    0    1 102.69    0.00  29.81  23.48  49.39  66.05  66.00  20.00  48.05  66.00  68.00  49.05   0.00
16:19:47  82.8   0.0   0.4  16.9   0.0   31   8755   7240    0    0    1 102.79    0.00  29.81  23.49  49.49  68.05  68.00  20.00  48.05  68.00  68.00  49.05   0.00
16:19:48  74.9   0.0   1.3  23.9   0.0   24  37234  41229    2    0    0 105.72    0.00  30.63  23.85  51.25  67.05  67.00  20.00  48.05  67.00  68.00  49.05   0.00
16:19:49  94.7   0.0   1.1   4.2   0.0   25  12709   7611    0    0    1 103.60    0.00  29.76  23.09  50.75  66.05  66.00  20.00  48.05  66.00  69.00  49.05   0.00
16:19:50  84.3   0.0   0.8  14.9   0.0   28  12869   7421    0    0    0 103.15    0.00  29.57  22.87  50.70  67.05  67.00  20.00  48.05  67.00  67.00  49.05   0.00
16:19:51  95.8   0.0   0.7   3.4   0.0   25  11628   7810    0    0    0 105.25    0.00  30.28  23.48  51.48  66.05  66.00  20.00  47.05  65.00  67.00  49.05   0.00
16:19:52  96.0   0.0   0.7   3.3   0.0   29  13702   8148    0    0    0 102.97    0.00  29.73  22.97  50.28  65.05  65.00  20.00  47.05  65.00  66.00  49.05   0.00
16:19:53  96.1   0.0   0.7   3.2   0.0   29  11947   8183    0    0    0 102.87    0.00  29.96  23.13  49.78  65.05  65.00  20.00  47.05  65.00  66.00  49.05   0.00
16:19:54  94.8   0.0   1.0   4.1   0.0   26  12278   7809    0    0    1 102.20    0.00  29.81  22.95  49.44  66.05  66.00  20.00  47.05  66.00  66.00  49.05   0.00
16:19:55  94.9   0.0   1.0   4.1   0.0   28  12570   7751    0    0    0 103.06    0.00  30.12  23.31  49.63  67.05  67.00  20.00  47.05  66.00  66.00  49.05   0.00
16:19:56  94.8   0.0   0.8   4.3   0.0   26  11955   7522    0    0    0 102.64    0.00  29.99  23.19  49.46  66.05  66.00  20.00  47.05  66.00  67.00  49.05   0.00
16:19:57  95.5   0.0   0.8   3.7   0.0   33   9661   7096    0    0    0 103.13    0.00  30.15  23.33  49.65  67.05  67.00  20.00  47.05  67.00  67.00  49.05   0.00
16:19:58  94.7   0.0   0.9   4.4   0.0   28  11154   7366    0    0    0 103.44    0.00  30.12  23.14  50.18  67.05  67.00  20.00  47.05  67.00  67.00  49.05   0.00
16:19:59  94.9   0.0   0.6   4.5   0.0   29  12486   7656    0    0    0  98.88    0.00  28.81  22.10  47.97  66.05  66.00  20.00  47.05  66.00  67.00  49.05   0.00
16:20:00  94.7   0.0   1.0   4.3   0.0   28  11280   7530    0    0    1 100.01    0.00  29.18  22.41  48.41  66.05  66.00  20.00  47.05  66.00  67.00  49.05   0.00
16:20:01  79.6   0.0   0.7  19.7   0.0    5  10543  36509    0    0    0  96.70    0.00  28.18  21.51  47.01  72.05  72.00  20.00  47.05  72.00  67.00  49.05   0.00
16:20:02  17.3   0.0   0.1  82.6   0.0    5   6877   2139    0    0    3  86.75    0.00  24.72  18.48  43.55  79.05  79.00  20.00  47.05  79.00  77.00  49.05   0.00
16:20:03  16.1   0.0   0.2  83.7   0.0    3   5857   2210    0    0    1  83.19    0.00  23.53  17.24  42.42  74.05  74.00  20.00  47.05  74.00  77.00  49.05   0.00
16:20:04  12.0   0.0   0.2  87.8   0.0    2   3693   1657    0    0    2  67.19    0.00  18.94  13.01  35.23  61.05  61.00  20.00  47.05  61.00  76.00  49.05   0.00
-------- ----- ----- ----- ----- ----- ---- ------ ------ ---- ---- ---- ------  ------ ------ ------ ------ ------ ------ ------ ------ ------ ------ ------ ------
 Average  59.1   0.0   0.7  40.2   0.0 17.0 17959.3 8238.6  8.2  2.4  4.2  90.71    0.00  26.14  19.98  44.59  68.97  68.92  20.00  47.67  68.81  69.81  49.05   0.00
 GeoMean   0.0   0.0   0.5  18.9   0.0 11.1 11535.6 5484.2  0.0  0.0  0.0  79.21    0.00  22.63  14.51  40.13  68.72  68.67  20.00  47.67  68.56  69.66  49.05   0.00
  StdDev  36.8   0.0   0.4  37.0   0.0 11.3 15024.5 8062.9 18.9 12.0 11.5  26.96    0.00   7.95   6.73  12.36   5.96   5.96   0.00   0.48   5.95   4.62   0.00   0.00
-------- ----- ----- ----- ----- ----- ---- ------ ------ ---- ---- ---- ------  ------ ------ ------ ------ ------ ------ ------ ------ ------ ------ ------ ------
 Minimum   0.0   0.0   0.0   0.6   0.0  1.0  376.0  198.0  0.0  0.0  0.0   6.85    0.00   1.77   0.12   4.97  58.05  58.00  20.00  47.05  58.00  62.00  49.05   0.00
 Maximum  99.2   0.0   2.1 100.0   0.0 33.0 68698.0 41229.0 92.0 74.0 55.0 121.87    0.00  35.86  29.15  56.86  86.05  86.00  20.00  48.05  86.00  84.00  49.05   0.00
-------- ----- ----- ----- ----- ----- ---- ------ ------ ---- ---- ---- ------  ------ ------ ------ ------ ------ ------ ------ ------ ------ ------ ------ ------
Summary:
CPU:  90.71 Watts on average with standard deviation 26.96 
Note: power read from RAPL domains: uncore, pkg-0, core, psys.
These readings do not cover all the hardware in this device.

Histogram (of 37 power measurements)

  Range (Watts)   Count
  6.855 -  18.355     3 #####
 18.356 -  29.856     0 
 29.857 -  41.358     0 
 41.359 -  52.859     0 
 52.860 -  64.360     0 
 64.361 -  75.862     3 #####
 75.863 -  87.363     4 ######
 87.364 -  98.864     3 #####
 98.865 - 110.365    23 ########################################
110.366 - 121.867     1 #

Histogram (of 37 CPU utilization measurements)

 Range (%CPU)   Count
 0.042 -  9.978     3 #########
 9.979 - 19.916     9 ###########################
19.917 - 29.853     1 ###
29.854 - 39.790     0 
39.791 - 49.728     1 ###
49.729 - 59.665     1 ###
59.666 - 69.603     0 
69.604 - 79.540     6 ##################
79.541 - 89.478     3 #########
89.479 - 99.415    13 ########################################

Histogram (of 37 thermal zone TCPU readings)

 Range (°C)    Count
58.050 - 60.849     2 ######
60.850 - 63.649     2 ######
63.650 - 66.449    10 ##############################
66.450 - 69.249    13 ########################################
69.250 - 72.049     1 ###
72.050 - 74.849     3 #########
74.850 - 77.649     3 #########
77.650 - 80.449     1 ###
80.450 - 83.249     1 ###
83.250 - 86.049     1 ###

Histogram (of 37 thermal zone x86_pkg_temp readings)

 Range (°C)    Count
58.000 - 60.799     2 ######
60.800 - 63.599     2 ######
63.600 - 66.399    10 ##############################
66.400 - 69.199    13 ########################################
69.200 - 71.999     1 ###
72.000 - 74.799     3 #########
74.800 - 77.599     3 #########
77.600 - 80.399     1 ###
80.400 - 83.199     1 ###
83.200 - 85.999     1 ###

Range is zero, cannot produce histogram of thermal zone INT3400 Thermal

Histogram (of 37 thermal zone SEN3 readings)

 Range (°C)    Count
47.050 - 47.149    14 ########################
47.150 - 47.249     0 
47.250 - 47.349     0 
47.350 - 47.449     0 
47.450 - 47.549     0 
47.550 - 47.649     0 
47.650 - 47.749     0 
47.750 - 47.849     0 
47.850 - 47.949     0 
47.950 - 48.049    23 ########################################

Histogram (of 37 thermal zone TCPU_PCI readings)

 Range (°C)    Count
58.000 - 60.799     2 ######
60.800 - 63.599     2 ######
63.600 - 66.399    11 ####################################
66.400 - 69.199    12 ########################################
69.200 - 71.999     1 ###
72.000 - 74.799     3 ##########
74.800 - 77.599     3 ##########
77.600 - 80.399     1 ###
80.400 - 83.199     1 ###
83.200 - 85.999     1 ###

Histogram (of 37 thermal zone iwlwifi_1 readings)

 Range (°C)    Count
62.000 - 64.199     2 #####
64.200 - 66.399     4 ###########
66.400 - 68.599    14 ########################################
68.600 - 70.799     4 ###########
70.800 - 72.999     7 ####################
73.000 - 75.199     0 
75.200 - 77.399     3 ########
77.400 - 79.599     2 #####
79.600 - 81.799     0 
81.800 - 83.999     1 ##

Range is zero, cannot produce histogram of thermal zone acpitz

Range is zero, cannot produce histogram of thermal zone SEN2
