Running for 86400.0 seconds (86400 samples at 1.0 second intervals).
Power measurements will start in 0 seconds time.

  Time    User  Nice   Sys  Idle    IO  Run Ctxt/s  IRQ/s Fork Exec Exit  Watts  uncore  pkg-0   core   psys   TCPU x86_pk INT340   SEN3 TCPU_P iwlwif acpitz   SEN2
16:14:37   0.0   0.0   0.0 100.0   0.0    1    203    422    0    0    0   4.12    0.00   1.10   0.20   2.82  52.05  52.00  20.00  41.05  52.00  57.00  41.05   0.00
16:14:38   0.0   0.0   0.0  99.9   0.0    1    161     98    0    0    0   2.03    0.00   0.57   0.07   1.39  50.05  50.00  20.00  41.05  50.00  56.00  41.05   0.00
16:14:39   0.0   0.0   0.1  99.9   0.0    2    291    144    9    6    8   2.52    0.00   0.71   0.17   1.65  49.05  49.00  20.00  41.05  49.00  56.00  41.05   0.00
16:14:40  12.6   0.0   0.7  86.7   0.0    5  43903   5416   40    0    0  73.21    0.00  20.86  15.49  36.86  72.05  72.00  20.00  41.05  72.00  54.00  41.05   0.00
16:14:41  18.1   0.0   0.6  81.2   0.1    8  46122   5350    9    4    4 102.51    0.00  30.02  24.18  48.31  72.05  72.00  20.00  41.05  72.00  54.00  41.05   0.00
16:14:42  12.8   0.0   1.0  86.2   0.0    2  29161   5475   87    5   64  76.45    0.00  21.72  15.75  38.98  59.05  59.00  20.00  41.05  59.00  54.00  41.05   0.00
16:14:43  23.2   0.0   1.3  75.4   0.0    3  61318  13547   32    0    9  89.92    0.00  26.37  20.63  42.91  58.05  58.00  20.00  41.05  58.00  70.00  41.05   0.00
16:14:44  13.6   0.0   0.8  85.5   0.0    2  32357   8609   43   56   39  74.06    0.00  21.06  15.00  37.99  54.05  54.00  20.00  41.05  54.00  64.00  41.05   0.00
16:14:45  14.4   0.0   0.5  85.0   0.0    5  20513   3559   25   34   28  78.89    0.00  22.37  16.09  40.42  70.05  70.00  20.00  41.05  70.00  64.00  41.05   0.00
16:14:46  44.5   0.0   1.3  54.2   0.0   19  52995  10878   37    0    0 113.07    0.00  33.46  27.29  52.32  59.05  59.00  20.00  41.05  59.00  62.00  41.05   0.00
16:14:47  74.7   0.0   0.8  24.5   0.0   23  34178   8660    0    0    1 101.51    0.00  29.94  23.70  47.87  58.05  58.00  20.00  41.05  58.00  62.00  41.05   0.00
16:14:48  75.9   0.0   0.8  23.3   0.0   15  19824   7466    0    0    1 101.81    0.00  29.95  23.65  48.21  60.05  60.00  20.00  41.05  60.00  61.00  41.05   0.00
16:14:49  72.5   0.0   0.8  26.7   0.0   21  36425   9145    0    0    0 102.89    0.00  29.86  23.52  49.51  61.05  61.00  20.00  41.05  61.00  61.00  41.05   0.00
16:14:50  71.5   0.0   0.7  27.8   0.0   17  28242   8286    0    0    0 103.81    0.00  30.00  23.35  50.46  59.05  59.00  20.00  41.05  59.00  61.00  41.05   0.00
16:14:51  65.3   0.0   0.5  34.2   0.0   14  23020   7288    0    0    0 101.86    0.00  29.50  23.11  49.25  58.05  58.00  20.00  41.05  58.00  61.00  41.05   0.00
16:14:52  28.5   0.0   0.2  71.3   0.0   20  15816   4021    1    0    4  97.43    0.00  28.18  22.06  47.19  60.05  60.00  20.00  41.05  60.00  61.00  41.05   0.00
16:14:53  30.6   0.0   0.3  69.2   0.0    5  19802   4762    0    0    1  87.79    0.00  25.53  19.73  42.54  70.05  70.00  20.00  41.05  70.00  60.00  41.05   0.00
16:14:54  74.2   0.0   0.8  25.0   0.0   28  24516   8285   32    0    0 111.49    0.00  33.15  27.03  51.31  61.05  61.00  20.00  41.05  61.00  68.00  41.05   0.00
16:14:55  86.3   0.0   0.7  13.0   0.0   28  35635  38044    0    0    0 101.27    0.00  29.96  23.83  47.48  58.05  58.00  20.00  41.05  58.00  68.00  41.05   0.00
16:14:56  87.3   0.0   0.4  12.2   0.0   28   7310   6738    0    0    0  99.19    0.00  29.32  23.34  46.52  60.05  60.00  20.00  41.05  60.00  61.00  41.05   0.00
16:14:57  87.6   0.0   0.7  11.7   0.0   26  30527   8781    0    0    1 104.79    0.00  31.06  25.01  48.71  59.05  59.00  20.00  41.05  59.00  61.00  41.05   0.00
16:14:58  95.1   0.0   1.1   3.8   0.0   19  14559   7890    0    0    0 101.68    0.00  30.04  23.78  47.87  60.05  60.00  20.00  41.05  60.00  61.00  41.05   0.00
16:14:59  84.5   0.0   1.0  14.5   0.0   30  27755   9195    0    0    0 100.75    0.00  29.82  23.61  47.32  60.05  60.00  20.00  41.05  60.00  61.00  41.05   0.00
16:15:00  96.5   0.0   1.2   2.3   0.0   28  14873   9700    0    0    0 101.14    0.00  29.85  23.53  47.76  58.05  58.00  20.00  41.05  58.00  61.00  41.05   0.00
16:15:01  96.6   0.0   0.5   2.8   0.0   28  13108   8600    3    2    3 102.03    0.00  29.99  23.45  48.58  60.05  60.00  20.00  41.05  60.00  61.00  41.05   0.00
16:15:02  94.5   0.0   1.3   4.2   0.0   30  26116   9553    0    0    0 100.93    0.00  29.76  23.36  47.81  60.05  60.00  20.00  41.05  60.00  61.00  42.05   0.00
16:15:03  95.8   0.0   1.1   3.1   0.0   31  13938   8185    0    0    0 101.14    0.00  29.84  23.42  47.89  61.05  61.00  20.00  41.05  61.00  60.00  42.05   0.00
16:15:04  92.7   0.0   0.6   6.6   0.0    2  12688   7624    0    0    0 100.19    0.00  29.57  23.28  47.34  60.05  60.00  20.00  41.05  60.00  61.00  42.05   0.00
16:15:05  95.2   0.0   0.8   3.9   0.0   27  12029   7965    0    0    0 102.06    0.00  30.11  23.65  48.30  61.05  61.00  20.00  41.05  61.00  61.00  42.05   0.00
16:15:06  80.8   0.0   0.7  18.4   0.0   28  14946  38103    0    0    0  98.87    0.00  29.06  22.53  47.27  62.05  62.00  20.00  41.05  62.00  62.00  42.05   0.00
16:15:07  94.2   0.0   1.2   4.6   0.0   16  27193   8760    0    0    0 103.64    0.00  30.57  24.04  49.03  62.05  62.00  20.00  41.05  62.00  62.00  42.05   0.00
16:15:08  96.5   0.0   0.6   2.8   0.0   34  10916   8339    0    0    0 103.17    0.00  30.41  23.90  48.86  62.05  62.00  20.00  41.05  62.00  63.00  42.05   0.00
16:15:09  96.0   0.0   0.6   3.4   0.0   25   9808   7383    0    0    0 102.55    0.00  30.22  23.75  48.59  63.05  63.00  20.00  41.05  63.00  63.00  42.05   0.00
16:15:10  96.3   0.0   0.6   3.1   0.0   26   9595   7358    0    0    0 103.52    0.00  30.51  24.00  49.01  62.05  62.00  20.00  41.05  62.00  62.00  42.05   0.00
16:15:11  95.9   0.0   0.5   3.5   0.0   28   7950   7544    0    0    1 103.73    0.00  30.59  24.09  49.05  63.05  63.00  20.00  41.05  63.00  62.00  42.05   0.00
16:15:12  95.3   0.0   0.6   4.1   0.0   27   8286   7247    0    0    0 104.22    0.00  30.73  24.17  49.32  62.05  62.00  20.00  41.05  62.00  62.00  42.05   0.00
16:15:13  92.4   0.0   0.8   6.8   0.0    2  14032  21020    0    0    0 102.81    0.00  30.24  23.72  48.85  59.05  59.00  20.00  41.05  59.00  63.00  42.05   0.00
16:15:14  76.2   0.0   1.0  22.8   0.0   27  42213   9148    0    0    2  95.90    0.00  28.35  22.04  45.52  62.05  62.00  20.00  41.05  62.00  63.00  42.05   0.00
16:15:15  96.4   0.0   0.9   2.7   0.0   28   8424   7231    0    0    0  99.52    0.00  29.26  22.86  47.40  60.05  60.00  20.00  41.05  60.00  62.00  42.05   0.00
16:15:16  97.1   0.0   0.2   2.7   0.0   28   6855   7143    0    0    0 101.86    0.00  29.87  23.26  48.73  62.05  62.00  20.00  41.05  62.00  62.00  42.05   0.00
16:15:17  96.2   0.0   0.6   3.2   0.0   19   7959   7457    0    0    0 106.87    0.00  31.49  24.82  50.57  63.05  63.00  20.00  41.05  63.00  63.00  42.05   0.00
16:15:18  41.4   0.0   0.3  58.3   0.0    5   8861   4046    0    0    0  88.30    0.00  25.75  19.77  42.78  73.05  73.00  20.00  41.05  73.00  63.00  42.05   0.00
16:15:19  11.2   0.0   0.2  88.5   0.0    2   2250   1218    0    0    2  66.73    0.00  19.44  13.96  33.32  58.05  58.00  20.00  41.05  58.00  64.00  42.05   0.00
16:15:20  15.5   0.0   0.2  84.2   0.0    2   3798   2116    4    0    5  76.62    0.00  21.88  16.08  38.67  65.05  65.00  20.00  41.05  65.00  64.00  42.05   0.00
16:15:21  10.2   0.0   0.2  89.6   0.0    2   2288   1172    0    0    0  56.16    0.00  16.18  10.43  29.56  56.05  56.00  20.00  42.05  56.00  64.00  42.05   0.00
16:15:22   4.2   0.0   0.0  95.8   0.0    2    345    537    0    0    0  34.15    0.00  10.08   5.09  18.97  55.05  55.00  20.00  42.05  55.00  64.00  42.05   0.00
16:15:23   4.2   0.0   0.0  95.8   0.0    2    524    745    0    0    3  36.36    0.00  10.31   5.26  20.78  56.05  56.00  20.00  42.05  55.00  64.00  43.05   0.00
16:15:24   7.9   0.0   0.3  91.8   0.0    2    479    905    0    0    0  45.97    0.00  13.30   8.11  24.57  56.05  56.00  20.00  42.05  56.00  58.00  43.05   0.00
16:15:25   6.4   0.0   0.2  93.4   0.0    2    609   1110    1    0    2  44.41    0.00  12.21   6.97  25.23  54.05  54.00  20.00  42.05  54.00  56.00  43.05   0.00
16:15:26   7.0   0.0   0.1  92.9   0.0    2   1740   1371    4    0    2  48.32    0.00  13.72   8.51  26.09  55.05  55.00  20.00  42.05  55.00  56.00  43.05   0.00
16:15:27   4.3   0.0   0.0  95.7   0.0    2    854    687    0    0    2  34.19    0.00  10.13   5.11  18.96  55.05  55.00  20.00  42.05  55.00  60.00  43.05   0.00
16:15:28   4.3   0.0   0.0  95.7   0.0    2    363    640    0    0    0  33.48    0.00   9.98   4.98  18.52  55.05  55.00  20.00  42.05  55.00  60.00  43.05   0.00
16:15:29   4.3   0.0   0.0  95.7   0.0    2    445    618    0    0    0  33.97    0.00  10.10   5.10  18.76  55.05  55.00  20.00  42.05  55.00  56.00  43.05   0.00
16:15:30  26.5   0.0   0.3  73.1   0.0    8   8653  30748    0    0    0  68.12    0.00  20.35  14.80  32.97  60.05  60.00  20.00  42.05  60.00  56.00  43.05   0.00
16:15:31   8.2   0.0   0.3  91.6   0.0    5   2280   1601    7    0    1  48.71    0.00  14.26   8.91  25.55  76.05  76.00  20.00  42.05  76.00  55.00  43.05   0.00
-------- ----- ----- ----- ----- ----- ---- ------ ------ ---- ---- ---- ------  ------ ------ ------ ------ ------ ------ ------ ------ ------ ------ ------ ------
 Average  53.0   0.0   0.6  46.4   0.0 14.5 16346.4 7598.8  6.1  1.9  3.3  81.50    0.00  23.87  18.14  39.50  60.23  60.18  20.00  41.25  60.16  60.95  41.76   0.00
 GeoMean   0.0   0.0   0.0  23.3   0.0  8.4 7530.7 4317.1  0.0  0.0  0.0  67.66    0.00  19.71  13.28  33.84  60.01  59.96  20.00  41.25  59.94  60.85  41.75   0.00
  StdDev  38.8   0.0   0.4  39.0   0.0 11.6 14934.4 7848.0 15.5  8.7 10.5  30.21    0.00   8.96   7.88  13.46   5.32   5.32   0.00   0.40   5.33   3.40   0.73   0.00
-------- ----- ----- ----- ----- ----- ---- ------ ------ ---- ---- ---- ------  ------ ------ ------ ------ ------ ------ ------ ------ ------ ------ ------ ------
 Minimum   0.0   0.0   0.0   2.3   0.0  1.0  161.0   98.0  0.0  0.0  0.0   2.03    0.00   0.57   0.07   1.39  49.05  49.00  20.00  41.05  49.00  54.00  41.05   0.00
 Maximum  97.1   0.0   1.3 100.0   0.1 34.0 61318.0 38103.0 87.0 56.0 64.0 113.07    0.00  33.46  27.29  52.32  76.05  76.00  20.00  42.05  76.00  70.00  43.05   0.00
-------- ----- ----- ----- ----- ----- ---- ------ ------ ---- ---- ---- ------  ------ ------ ------ ------ ------ ------ ------ ------ ------ ------ ------ ------
Summary:
CPU:  81.50 Watts on average with standard deviation 30.21 
Note: power read from RAPL domains: uncore, pkg-0, core, psys.
These readings do not cover all the hardware in this device.

Histogram (of 55 power measurements)

  Range (Watts)   Count
  2.028 -  13.132     3 #######
 13.133 -  24.236     0 
 24.237 -  35.341     4 ##########
 35.342 -  46.445     3 #######
 46.446 -  57.550     3 #######
 57.551 -  68.655     2 #####
 68.656 -  79.759     5 ############
 79.760 -  90.864     3 #######
 90.865 - 101.968    16 ########################################
101.969 - 113.073    16 ########################################

Histogram (of 55 CPU utilization measurements)

 Range (%CPU)   Count
 0.000 -  9.769    12 ##########################
 9.770 - 19.540     8 #################
19.541 - 29.310     3 ######
29.311 - 39.080     1 ##
39.081 - 48.850     2 ####
48.851 - 58.621     0 
58.622 - 68.391     1 ##
68.392 - 78.161     6 #############
78.162 - 87.931     4 ########
87.932 - 97.702    18 ########################################

Histogram (of 55 thermal zone TCPU readings)

 Range (°C)    Count
49.050 - 51.749     2 ###
51.750 - 54.449     3 #####
54.450 - 57.149     8 ###############
57.150 - 59.849    11 ####################
59.850 - 62.549    21 ########################################
62.550 - 65.249     4 #######
65.250 - 67.949     0 
67.950 - 70.649     2 ###
70.650 - 73.349     3 #####
73.350 - 76.049     1 #

Histogram (of 55 thermal zone x86_pkg_temp readings)

 Range (°C)    Count
49.000 - 51.699     2 ###
51.700 - 54.399     3 #####
54.400 - 57.099     8 ###############
57.100 - 59.799    11 ####################
59.800 - 62.499    21 ########################################
62.500 - 65.199     4 #######
65.200 - 67.899     0 
67.900 - 70.599     2 ###
70.600 - 73.299     3 #####
73.300 - 75.999     1 #

Range is zero, cannot produce histogram of thermal zone INT3400 Thermal

Histogram (of 55 thermal zone SEN3 readings)

 Range (°C)    Count
41.050 - 41.149    44 ########################################
41.150 - 41.249     0 
41.250 - 41.349     0 
41.350 - 41.449     0 
41.450 - 41.549     0 
41.550 - 41.649     0 
41.650 - 41.749     0 
41.750 - 41.849     0 
41.850 - 41.949     0 
41.950 - 42.049    11 ##########

Histogram (of 55 thermal zone TCPU_PCI readings)

 Range (°C)    Count
49.000 - 51.699     2 ###
51.700 - 54.399     3 #####
54.400 - 57.099     8 ###############
57.100 - 59.799    11 ####################
59.800 - 62.499    21 ########################################
62.500 - 65.199     4 #######
65.200 - 67.899     0 
67.900 - 70.599     2 ###
70.600 - 73.299     3 #####
73.300 - 75.999     1 #

Histogram (of 55 thermal zone iwlwifi_1 readings)

 Range (°C)    Count
54.000 - 55.599     4 ######
55.600 - 57.199     7 ############
57.200 - 58.799     1 #
58.800 - 60.399     4 ######
60.400 - 61.999    23 ########################################
62.000 - 63.599     6 ##########
63.600 - 65.199     7 ############
65.200 - 66.799     0 
66.800 - 68.399     2 ###
68.400 - 69.999     1 #

Histogram (of 55 thermal zone acpitz readings)

 Range (°C)    Count
41.050 - 41.249    25 ########################################
41.250 - 41.449     0 
41.450 - 41.649     0 
41.650 - 41.849     0 
41.850 - 42.049    21 #################################
42.050 - 42.249     0 
42.250 - 42.449     0 
42.450 - 42.649     0 
42.650 - 42.849     0 
42.850 - 43.049     9 ##############

Range is zero, cannot produce histogram of thermal zone SEN2
