Running for 86400.0 seconds (86400 samples at 1.0 second intervals).
Power measurements will start in 0 seconds time.

  Time    User  Nice   Sys  Idle    IO  Run Ctxt/s  IRQ/s Fork Exec Exit  Watts  uncore  pkg-0   core   psys   TCPU x86_pk   SEN2 INT340 TCPU_P iwlwif acpitz   SEN3
23:28:04   0.0   0.0   0.0 100.0   0.0    1    223    339    0    0    0   4.63    0.00   1.18   0.20   3.24  51.05  49.00  39.05  20.00  50.00  55.00  39.05   0.00
23:28:05   0.0   0.0   0.0 100.0   0.0    1    181     93    0    0    0   2.03    0.00   0.54   0.07   1.41  50.05  50.00  39.05  20.00  50.00  55.00  39.05   0.00
23:28:06   0.0   0.0   0.1  99.9   0.0    2    317    166    7    5    7   5.63    0.00   1.46   0.16   4.01  48.05  48.00  39.05  20.00  48.00  52.00  39.05   0.00
23:28:07  17.5   0.0   1.1  81.4   0.0    8  46011   5976   45    1    1  97.60    0.00  28.27  22.71  46.61  66.05  66.00  39.05  20.00  66.00  52.00  39.05   0.00
23:28:08  19.9   0.0   0.9  79.2   0.0    5  37125   5057   41    7   28 105.23    0.00  30.61  24.75  49.87  62.05  62.00  39.05  20.00  62.00  65.00  39.05   0.00
23:28:09  13.3   0.0   1.2  85.5   0.0   13  44488   8550   84    2   40  67.30    0.00  18.63  12.86  35.81  64.05  64.00  39.05  20.00  64.00  65.00  39.05   0.00
23:28:10  22.6   0.0   1.2  76.3   0.0    3  77510  16150    4    0    9  85.96    0.00  24.66  18.98  42.32  55.05  55.00  39.05  20.00  55.00  60.00  39.05   0.00
23:28:11  11.6   0.0   0.9  87.4   0.0    2  33523   5348   68   90   67  67.60    0.00  18.32  11.76  37.52  57.05  57.00  39.05  20.00  57.00  60.00  39.05   0.00
23:28:12  18.5   0.0   0.7  80.8   0.0   17  50089   5824   14    0    0  84.47    0.00  23.85  18.22  42.40  61.05  61.00  39.05  20.00  61.00  60.00  39.05   0.00
23:28:13  69.2   0.0   1.1  29.6   0.0   20  65232  11060   16    0    1 116.89    0.00  34.49  28.29  54.10  58.05  58.00  39.05  20.00  58.00  57.00  39.05   0.00
23:28:14  74.0   0.0   1.1  24.8   0.0   18  32904  14128    0    0    0 105.31    0.00  30.78  24.41  50.11  56.05  56.00  39.05  20.00  58.00  58.00  39.05   0.00
23:28:15  74.5   0.0   0.9  24.6   0.0   19  22253   7809    0    0    2 101.20    0.00  29.55  23.32  48.33  58.05  58.00  39.05  20.00  58.00  58.00  39.05   0.00
23:28:16  70.3   0.0   0.4  29.3   0.0   19  12752   6552    0    0    0 102.45    0.00  29.97  23.65  48.83  61.05  61.00  39.05  20.00  60.00  59.00  39.05   0.00
23:28:17  52.7   0.0   0.5  46.8   0.0   18  17465   5751    1    0    1  97.29    0.00  28.24  22.08  46.97  70.05  70.00  39.05  20.00  70.00  59.00  39.05   0.00
23:28:18  34.1   0.0   0.4  65.4   0.0    5  16734   4486    0    0    3 106.40    0.00  30.91  24.79  50.70  70.05  70.00  39.05  20.00  70.00  66.00  39.05   0.00
23:28:19  35.7   0.0   0.6  63.6   0.0   28  23036   5448   10    0    0 102.42    0.00  29.75  23.63  49.05  58.05  58.00  39.05  20.00  58.00  66.00  39.05   0.00
23:28:20  77.5   0.0   0.7  21.8   0.0   29  16504   8046   24    0    0 103.66    0.00  30.38  24.43  48.85  58.05  58.00  39.05  20.00  58.00  62.00  39.05   0.00
23:28:21  88.1   0.0   0.7  11.3   0.0   28   9361   7479    0    0    0 102.53    0.00  30.10  24.16  48.28  58.05  58.00  39.05  20.00  58.00  62.00  39.05   0.00
23:28:22  37.4   0.0   0.4  62.1   0.0    7  40342  43153    0    0    0  98.92    0.00  28.72  22.75  47.45  71.05  71.00  39.05  20.00  71.00  62.00  39.05   0.00
23:28:23  68.1   0.0   0.7  31.2   0.0   29  33146   7696    0    0    0 107.92    0.00  31.53  25.46  50.93  59.05  59.00  39.05  20.00  59.00  59.00  39.05   0.00
23:28:24  87.8   0.0   0.7  11.5   0.0   29  11874   7834    0    0    0 100.06    0.00  28.67  22.32  49.07  59.05  59.00  39.05  20.00  59.00  59.00  39.05   0.00
23:28:25  96.9   0.0   0.7   2.5   0.0   30  12295   8694    0    0    0 106.63    0.00  30.82  24.49  51.32  58.05  58.00  39.05  20.00  58.00  59.00  39.05   0.00
23:28:26  96.8   0.0   0.4   2.8   0.0   31  13389   8297    0    0    0 103.88    0.00  29.90  23.57  50.41  58.05  58.00  39.05  20.00  58.00  59.00  39.05   0.00
23:28:27  96.7   0.0   0.4   2.9   0.0   28  12321   8419    0    0    0 102.33    0.00  29.84  23.54  48.95  59.05  59.00  40.05  20.00  59.00  59.00  39.05   0.00
23:28:28  96.4   0.0   0.5   3.1   0.0   28  14745   8350    0    0    0 102.40    0.00  29.96  23.64  48.80  58.05  58.00  40.05  20.00  59.00  61.00  39.05   0.00
23:28:29  95.4   0.0   0.9   3.6   0.0   28  11209   7918    0    0    0 102.19    0.00  29.88  23.56  48.75  58.05  58.00  40.05  20.00  58.00  61.00  39.05   0.00
23:28:30  89.0   0.0   0.7  10.3   0.0   30  13850   7817    0    0    0 101.05    0.00  29.58  23.27  48.20  58.05  58.00  40.05  20.00  58.00  59.00  39.05   0.00
23:28:31  41.9   0.0   0.7  57.4   0.0    5  13367   4445    0    0    0  97.62    0.00  28.34  22.54  46.74  69.05  69.00  40.05  20.00  69.00  59.00  39.05   0.00
23:28:32  22.2   0.0   0.3  77.4   0.0    4  13846  22047    0    0    0 103.69    0.00  30.25  24.58  48.87  73.05  73.00  40.05  20.00  73.00  59.00  39.05   0.00
-------- ----- ----- ----- ----- ----- ---- ------ ------ ---- ---- ---- ------  ------ ------ ------ ------ ------ ------ ------ ------ ------ ------ ------ ------
 Average  52.0   0.0   0.7  47.3   0.0 16.7 24003.2 8721.8 10.8  3.6  5.5  89.15    0.00  25.83  20.28  43.03  60.08  59.97  39.26  20.00  60.07  59.55  39.05   0.00
 GeoMean   0.0   0.0   0.5  28.6   0.0 11.1 13780.8 5541.8  0.0  0.0  0.0  70.09    0.00  20.06  13.10  35.21  59.79  59.66  39.25  20.00  59.77  59.45  39.05   0.00
  StdDev  34.0   0.0   0.3  34.1   0.0 11.1 18692.4 7831.6 21.3 16.4 14.6  30.70    0.00   9.06   7.60  14.15   6.01   6.12   0.41   0.00   6.02   3.40   0.00   0.00
-------- ----- ----- ----- ----- ----- ---- ------ ------ ---- ---- ---- ------  ------ ------ ------ ------ ------ ------ ------ ------ ------ ------ ------ ------
 Minimum   0.0   0.0   0.0   2.5   0.0  1.0  181.0   93.0  0.0  0.0  0.0   2.03    0.00   0.54   0.07   1.41  48.05  48.00  39.05  20.00  48.00  52.00  39.05   0.00
 Maximum  96.9   0.0   1.2 100.0   0.0 31.0 77510.0 43153.0 84.0 90.0 67.0 116.89    0.00  34.49  28.29  54.10  73.05  73.00  40.05  20.00  73.00  66.00  39.05   0.00
-------- ----- ----- ----- ----- ----- ---- ------ ------ ---- ---- ---- ------  ------ ------ ------ ------ ------ ------ ------ ------ ------ ------ ------ ------
Summary:
CPU:  89.15 Watts on average with standard deviation 30.70 
Note: power read from RAPL domains: uncore, pkg-0, core, psys.
These readings do not cover all the hardware in this device.

Histogram (of 29 power measurements)

  Range (Watts)   Count
  2.026 -  13.511     3 ######
 13.512 -  24.997     0 
 24.998 -  36.483     0 
 36.484 -  47.969     0 
 47.970 -  59.455     0 
 59.456 -  70.941     2 ####
 70.942 -  82.427     0 
 82.428 -  93.913     2 ####
 93.914 - 105.399    18 ########################################
105.400 - 116.885     4 ########

Histogram (of 29 CPU utilization measurements)

 Range (%CPU)   Count
 0.042 -  9.789     3 ###############
 9.790 - 19.538     4 ####################
19.539 - 29.286     3 ###############
29.287 - 39.035     3 ###############
39.036 - 48.784     1 #####
48.785 - 58.532     1 #####
58.533 - 68.281     0 
68.282 - 78.029     5 #########################
78.030 - 87.778     1 #####
87.779 - 97.526     8 ########################################

Histogram (of 29 thermal zone TCPU readings)

 Range (°C)    Count
48.050 - 50.549     2 ######
50.550 - 53.049     1 ###
53.050 - 55.549     1 ###
55.550 - 58.049    12 ########################################
58.050 - 60.549     3 ##########
60.550 - 63.049     3 ##########
63.050 - 65.549     1 ###
65.550 - 68.049     1 ###
68.050 - 70.549     3 ##########
70.550 - 73.049     2 ######

Histogram (of 29 thermal zone x86_pkg_temp readings)

 Range (°C)    Count
48.000 - 50.499     3 ##########
50.500 - 52.999     0 
53.000 - 55.499     1 ###
55.500 - 57.999    12 ########################################
58.000 - 60.499     3 ##########
60.500 - 62.999     3 ##########
63.000 - 65.499     1 ###
65.500 - 67.999     1 ###
68.000 - 70.499     3 ##########
70.500 - 72.999     2 ######

Histogram (of 29 thermal zone SEN2 readings)

 Range (°C)    Count
39.050 - 39.149    23 ########################################
39.150 - 39.249     0 
39.250 - 39.349     0 
39.350 - 39.449     0 
39.450 - 39.549     0 
39.550 - 39.649     0 
39.650 - 39.749     0 
39.750 - 39.849     0 
39.850 - 39.949     0 
39.950 - 40.049     6 ##########

Range is zero, cannot produce histogram of thermal zone INT3400 Thermal

Histogram (of 29 thermal zone TCPU_PCI readings)

 Range (°C)    Count
48.000 - 50.499     3 ##########
50.500 - 52.999     0 
53.000 - 55.499     1 ###
55.500 - 57.999    11 ########################################
58.000 - 60.499     5 ##################
60.500 - 62.999     2 #######
63.000 - 65.499     1 ###
65.500 - 67.999     1 ###
68.000 - 70.499     3 ##########
70.500 - 72.999     2 #######

Histogram (of 29 thermal zone iwlwifi_1 readings)

 Range (°C)    Count
52.000 - 53.399     2 ######
53.400 - 54.799     0 
54.800 - 56.199     2 ######
56.200 - 57.599     1 ###
57.600 - 58.999    12 ########################################
59.000 - 60.399     3 ##########
60.400 - 61.799     2 ######
61.800 - 63.199     3 ##########
63.200 - 64.599     0 
64.600 - 65.999     4 #############

Range is zero, cannot produce histogram of thermal zone acpitz

Range is zero, cannot produce histogram of thermal zone SEN3
