Running for 86400.0 seconds (86400 samples at 1.0 second intervals).
Power measurements will start in 0 seconds time.

  Time    User  Nice   Sys  Idle    IO  Run Ctxt/s  IRQ/s Fork Exec Exit  Watts  uncore  pkg-0   core   psys   TCPU x86_pk INT340   SEN3 TCPU_P iwlwif acpitz   SEN2
03:28:20   0.0   0.0   0.0 100.0   0.0    1    188    392    0    0    0   4.37    0.00   1.17   0.17   3.02  50.05  50.00  20.00  39.05  50.00  59.00  40.05   0.00
03:28:21   0.0   0.0   0.0 100.0   0.0    1    173     96    0    0    0   2.46    0.00   0.70   0.07   1.69  49.05  48.00  20.00  39.05  49.00  59.00  40.05   0.00
03:28:22   0.1   0.0   0.1  99.8   0.0    2    334    166   12    6    8   5.61    0.00   1.56   0.16   3.90  49.05  49.00  20.00  39.05  49.00  55.00  40.05   0.00
03:28:23  17.1   0.0   1.0  81.8   0.0    5  45407   6263   40    0    0  99.74    0.00  29.02  23.43  47.29  68.05  68.00  20.00  39.05  68.00  55.00  40.05   0.00
03:28:24  19.8   0.0   0.7  79.5   0.1    7  34127   5209   50    7   28  97.32    0.00  27.77  21.91  47.64  62.05  62.00  20.00  39.05  62.00  53.00  40.05   0.00
03:28:25  15.2   0.0   1.5  83.2   0.0   12  48562   9332   77    2   43  79.31    0.00  22.25  16.40  40.65  67.05  67.00  20.00  39.05  67.00  53.00  39.05   0.00
03:28:26  20.0   0.0   1.7  78.3   0.0    6  67852  15302    6    2    9  76.24    0.00  21.42  15.81  39.01  62.05  62.00  20.00  39.05  62.00  65.00  39.05   0.00
03:28:27  13.9   0.0   0.7  85.4   0.0    7  47774   6110   54   72   54  73.76    0.00  20.50  14.08  39.18  66.05  66.00  20.00  39.05  66.00  65.00  39.05   0.00
03:28:28  28.1   0.0   1.0  71.0   0.0   21  60367   8311   28    0    0 101.13    0.00  29.56  23.66  47.90  64.05  64.00  20.00  39.05  64.00  62.00  39.05   0.00
03:28:29  73.9   0.0   1.0  25.1   0.0   14  45295  13933    0    0    1 101.90    0.00  30.12  24.03  47.74  60.05  60.00  20.00  39.05  60.00  62.00  39.05   0.00
03:28:30  70.1   0.0   0.5  29.3   0.0   16  20752   6919    0    0    0 104.30    0.00  30.70  24.37  49.24  58.05  58.00  20.00  39.05  58.00  62.00  40.05   0.00
03:28:31  68.5   0.0   0.7  30.8   0.0   21  19262   6983    0    0    2 101.00    0.00  29.78  23.59  47.63  58.05  58.00  20.00  39.05  59.00  65.00  40.05   0.00
03:28:32  72.4   0.0   0.5  27.1   0.0    9  12193   6496    0    0    0 100.33    0.00  29.62  23.31  47.40  58.05  58.00  20.00  39.05  58.00  59.00  40.05   0.00
03:28:33  43.7   0.0   0.5  55.8   0.0   20  22287   5944    1    0    1 105.44    0.00  31.06  25.03  49.35  65.05  65.00  20.00  39.05  65.00  59.00  40.05   0.00
03:28:34  50.6   0.0   0.4  49.0   0.0   28  22552   5965   11    0    2 104.27    0.00  30.81  24.87  48.58  60.05  60.00  20.00  39.05  60.00  59.00  40.05   0.00
03:28:35  62.6   0.0   0.9  36.6   0.0   32  17201   6808   24    0    0 102.56    0.00  30.21  24.13  48.21  60.05  60.00  20.00  39.05  60.00  59.00  40.05   0.00
03:28:36  99.2   0.0   0.2   0.7   0.0   27   5030   7237    0    0    0 101.97    0.00  30.25  24.37  47.35  60.05  60.00  20.00  39.05  60.00  62.00  40.05   0.00
03:28:37  98.0   0.0   0.5   1.5   0.0   29   5144   7029    0    0    0 102.56    0.00  30.39  24.42  47.74  59.05  59.00  20.00  39.05  59.00  62.00  40.05   0.00
03:28:38  74.7   0.0   1.5  23.8   0.0   19  28286  43500    0    0    0  97.17    0.00  28.64  22.44  46.09  58.05  58.00  20.00  39.05  58.00  60.00  40.05   0.00
03:28:39  82.0   0.0   0.8  17.2   0.0   28  25772   7545    0    0    1 104.55    0.00  30.95  24.90  48.69  59.05  59.00  20.00  39.05  58.00  60.00  40.05   0.00
03:28:40  96.0   0.0   1.0   3.0   0.0   28  10877   7335    0    0    0 101.27    0.00  29.82  23.46  47.99  58.05  58.00  20.00  39.05  58.00  60.00  40.05   0.00
03:28:41  85.8   0.0   0.4  13.8   0.0   30  10259   7317    0    0    0 100.70    0.00  29.85  23.66  47.19  60.05  60.00  20.00  39.05  59.00  60.00  40.05   0.00
03:28:42  96.1   0.0   0.8   3.1   0.0   27  12863   8223    0    0    0 100.99    0.00  29.82  23.55  47.62  58.05  58.00  20.00  39.05  60.00  60.00  40.05   0.00
03:28:43  96.6   0.0   0.7   2.8   0.0   28  12308   8467    0    0    0 101.28    0.00  29.92  23.64  47.71  60.05  59.00  20.00  39.05  59.00  60.00  40.05   0.00
03:28:44  95.9   0.0   0.7   3.4   0.0   29  13328   8196    0    0    0 101.46    0.00  29.96  23.66  47.85  58.05  58.00  20.00  39.05  59.00  60.00  40.05   0.00
03:28:45  95.3   0.0   0.5   4.2   0.0   28  12969   7871    0    0    0 100.96    0.00  29.78  23.41  47.77  61.05  61.00  20.00  39.05  59.00  60.00  40.05   0.00
03:28:46  95.0   0.0   0.6   4.4   0.0   29  12332   7563    0    0    0 100.92    0.00  29.77  23.40  47.75  60.05  60.00  20.00  39.05  60.00  60.00  40.05   0.00
03:28:47  94.4   0.0   1.1   4.5   0.0   28  11477   7438    0    0    0 100.87    0.00  29.75  23.39  47.73  60.05  60.00  20.00  39.05  60.00  60.00  40.05   0.00
03:28:48  93.2   0.0   1.3   5.5   0.0   29  14248   7888    0    0    0 100.85    0.00  29.74  23.36  47.76  60.05  60.00  20.00  40.05  60.00  60.00  40.05   0.00
03:28:49  96.6   0.0   0.8   2.7   0.0   28   9065   7542    0    0    0 102.17    0.00  29.78  23.25  49.14  60.05  60.00  20.00  40.05  59.00  60.00  40.05   0.00
03:28:50  96.0   0.0   0.5   3.5   0.0   28  13040   8047    0    0    0 103.41    0.00  29.87  23.26  50.27  60.05  60.00  20.00  40.05  60.00  60.00  40.05   0.00
03:28:51  95.0   0.0   0.5   4.5   0.0   18   9366  13909    0    0    0 102.54    0.00  29.75  23.33  49.46  60.05  60.00  20.00  40.05  60.00  60.00  40.05   0.00
03:28:52  23.9   0.0   0.2  75.9   0.0    5  13397  26223    0    0    0  98.15    0.00  28.34  22.47  47.33  73.05  73.00  20.00  40.05  73.00  61.00  40.05   0.00
03:28:53  17.7   0.0   0.2  82.1   0.0    5  14585   2834    0    0    0  99.97    0.00  29.08  23.15  47.74  72.05  72.00  20.00  39.05  72.00  61.00  40.05   0.00
-------- ----- ----- ----- ----- ----- ---- ------ ------ ---- ---- ---- ------  ------ ------ ------ ------ ------ ------ ------ ------ ------ ------ ------ ------
 Average  61.4   0.0   0.7  37.9   0.0 19.0 20549.2 8776.3  8.9  2.6  4.4  90.63    0.00  26.52  20.83  43.28  60.40  60.29  20.00  39.20  60.29  59.91  39.90   0.00
 GeoMean   0.0   0.0   0.0  17.2   0.0 14.0 12157.6 5913.4  0.0  0.0  0.0  74.23    0.00  21.59  14.33  36.62  60.19  60.07  20.00  39.20  60.08  59.85  39.90   0.00
  StdDev  35.6   0.0   0.4  35.7   0.0 10.3 16875.6 7549.6 18.7 12.2 12.2  27.88    0.00   8.27   6.88  12.82   5.09   5.16   0.00   0.35   5.08   2.72   0.35   0.00
-------- ----- ----- ----- ----- ----- ---- ------ ------ ---- ---- ---- ------  ------ ------ ------ ------ ------ ------ ------ ------ ------ ------ ------ ------
 Minimum   0.0   0.0   0.0   0.7   0.0  1.0  173.0   96.0  0.0  0.0  0.0   2.46    0.00   0.70   0.07   1.69  49.05  48.00  20.00  39.05  49.00  53.00  39.05   0.00
 Maximum  99.2   0.0   1.7 100.0   0.1 32.0 67852.0 43500.0 77.0 72.0 54.0 105.44    0.00  31.06  25.03  50.27  73.05  73.00  20.00  40.05  73.00  65.00  40.05   0.00
-------- ----- ----- ----- ----- ----- ---- ------ ------ ---- ---- ---- ------  ------ ------ ------ ------ ------ ------ ------ ------ ------ ------ ------ ------
Summary:
CPU:  90.63 Watts on average with standard deviation 27.88 
Note: power read from RAPL domains: uncore, pkg-0, core, psys.
These readings do not cover all the hardware in this device.

Histogram (of 34 power measurements)

  Range (Watts)   Count
  2.463 -  12.760     3 ####
 12.761 -  23.057     0 
 23.058 -  33.354     0 
 33.355 -  43.651     0 
 43.652 -  53.948     0 
 53.949 -  64.246     0 
 64.247 -  74.543     1 #
 74.544 -  84.840     2 ##
 84.841 -  95.137     0 
 95.138 - 105.435    28 ########################################

Histogram (of 34 CPU utilization measurements)

 Range (%CPU)   Count
 0.000 -  9.932     3 #########
 9.933 - 19.865     4 ############
19.866 - 29.798     4 ############
29.799 - 39.731     0 
39.732 - 49.665     1 ###
49.666 - 59.598     1 ###
59.599 - 69.531     2 ######
69.532 - 79.464     4 ############
79.465 - 89.397     2 ######
89.398 - 99.330    13 ########################################

Histogram (of 34 thermal zone TCPU readings)

 Range (°C)    Count
49.050 - 51.449     3 ########
51.450 - 53.849     0 
53.850 - 56.249     0 
56.250 - 58.649     7 ##################
58.650 - 61.049    15 ########################################
61.050 - 63.449     2 #####
63.450 - 65.849     2 #####
65.850 - 68.249     3 ########
68.250 - 70.649     0 
70.650 - 73.049     2 #####

Histogram (of 34 thermal zone x86_pkg_temp readings)

 Range (°C)    Count
48.000 - 50.499     3 ########
50.500 - 52.999     0 
53.000 - 55.499     0 
55.500 - 57.999     7 ####################
58.000 - 60.499    14 ########################################
60.500 - 62.999     3 ########
63.000 - 65.499     2 #####
65.500 - 67.999     3 ########
68.000 - 70.499     0 
70.500 - 72.999     2 #####

Range is zero, cannot produce histogram of thermal zone INT3400 Thermal

Histogram (of 34 thermal zone SEN3 readings)

 Range (°C)    Count
39.050 - 39.149    29 ########################################
39.150 - 39.249     0 
39.250 - 39.349     0 
39.350 - 39.449     0 
39.450 - 39.549     0 
39.550 - 39.649     0 
39.650 - 39.749     0 
39.750 - 39.849     0 
39.850 - 39.949     0 
39.950 - 40.049     5 ######

Histogram (of 34 thermal zone TCPU_PCI readings)

 Range (°C)    Count
49.000 - 51.399     3 #######
51.400 - 53.799     0 
53.800 - 56.199     0 
56.200 - 58.599     5 ###########
58.600 - 60.999    17 ########################################
61.000 - 63.399     2 ####
63.400 - 65.799     2 ####
65.800 - 68.199     3 #######
68.200 - 70.599     0 
70.600 - 72.999     2 ####

Histogram (of 34 thermal zone iwlwifi_1 readings)

 Range (°C)    Count
53.000 - 54.199     2 #####
54.200 - 55.399     2 #####
55.400 - 56.599     0 
56.600 - 57.799     0 
57.800 - 58.999     6 #################
59.000 - 60.199    14 ########################################
60.200 - 61.399     2 #####
61.400 - 62.599     5 ##############
62.600 - 63.799     0 
63.800 - 64.999     3 ########

Histogram (of 34 thermal zone acpitz readings)

 Range (°C)    Count
39.050 - 39.149     5 ######
39.150 - 39.249     0 
39.250 - 39.349     0 
39.350 - 39.449     0 
39.450 - 39.549     0 
39.550 - 39.649     0 
39.650 - 39.749     0 
39.750 - 39.849     0 
39.850 - 39.949     0 
39.950 - 40.049    29 ########################################

Range is zero, cannot produce histogram of thermal zone SEN2
