Running for 86400.0 seconds (86400 samples at 1.0 second intervals).
Power measurements will start in 0 seconds time.

  Time    User  Nice   Sys  Idle    IO  Run Ctxt/s  IRQ/s Fork Exec Exit  Watts  uncore  pkg-0   core   psys   TCPU x86_pk INT340   SEN3 TCPU_P iwlwif acpitz   SEN2
16:00:42   0.0   0.0   0.0 100.0   0.0    1    211    338    0    0    0   4.41    0.00   1.17   0.21   3.03  56.05  56.00  20.00  43.05  56.00  57.00  44.05   0.00
16:00:43   0.0   0.0   0.0 100.0   0.0    1    190    116    0    0    0   1.93    0.00   0.55   0.08   1.30  56.05  56.00  20.00  43.05  56.00  60.00  44.05   0.00
16:00:44   0.0   0.0   0.1  99.8   0.0    2    284    131   12    3    3   2.65    0.00   0.74   0.23   1.67  54.05  54.00  20.00  43.05  54.00  60.00  44.05   0.00
16:00:45   4.2   0.0   0.0  95.8   0.0    2    206    489    0    0    0  50.99    0.00  15.46  10.52  25.01  72.05  72.00  20.00  43.05  72.00  59.00  44.05   0.00
16:00:46   4.2   0.0   0.0  95.8   0.0    2    136    525    0    0    0  50.00    0.00  15.31  10.57  24.13  71.05  71.00  20.00  43.05  71.00  59.00  44.05   0.00
16:00:47   4.2   0.0   0.0  95.8   0.0    2    229    568    0    0    0  51.27    0.00  15.58  10.57  25.11  74.05  74.00  20.00  43.05  74.00  73.00  44.05   0.00
16:00:48   4.2   0.0   0.0  95.8   0.0    2    132    492    0    0    0  49.99    0.00  15.30  10.56  24.13  72.05  72.00  20.00  43.05  74.00  73.00  44.05   0.00
16:00:49   4.2   0.0   0.0  95.8   0.0    2    353    620    0    0    0  52.60    0.00  15.61  10.78  26.22  72.05  72.00  20.00  43.05  72.00  73.00  44.05   0.00
16:00:50   4.2   0.0   0.0  95.8   0.0    2    457    559    0    0    0  52.10    0.00  15.39  10.58  26.13  72.05  72.00  20.00  43.05  72.00  73.00  44.05   0.00
16:00:51   4.2   0.0   0.0  95.8   0.0    2    184    546    0    0    0  52.18    0.00  15.46  10.57  26.15  74.05  74.00  20.00  43.05  74.00  73.00  44.05   0.00
16:00:52   4.2   0.0   0.0  95.8   0.0    2    166    522    0    0    0  51.04    0.00  15.35  10.57  25.13  74.05  74.00  20.00  43.05  74.00  73.00  44.05   0.00
16:00:53   4.2   0.0   0.0  95.8   0.0    2    120    515    0    0    0  50.25    0.00  15.32  10.57  24.36  74.05  74.00  20.00  43.05  74.00  73.00  44.05   0.00
16:00:54   4.2   0.0   0.0  95.8   0.0    2    129    511    0    0    0  50.25    0.00  15.32  10.57  24.36  74.05  74.00  20.00  43.05  74.00  73.00  44.05   0.00
16:00:55   4.2   0.0   0.0  95.8   0.0    2    180    520    0    0    0  50.26    0.00  15.32  10.56  24.38  72.05  72.00  20.00  43.05  72.00  74.00  44.05   0.00
16:00:56   4.2   0.0   0.0  95.8   0.0    2    142    520    0    0    0  51.29    0.00  15.51  10.57  25.21  74.05  74.00  20.00  43.05  74.00  74.00  44.05   0.00
16:00:57   4.2   0.0   0.0  95.8   0.1    2    179    549    0    0    0  51.30    0.00  15.51  10.56  25.23  74.05  74.00  20.00  43.05  74.00  73.00  44.05   0.00
16:00:58   4.2   0.0   0.0  95.8   0.0    2    136    512    0    0    0  50.24    0.00  15.31  10.56  24.36  74.05  74.00  20.00  43.05  74.00  73.00  44.05   0.00
16:00:59   4.2   0.0   0.0  95.8   0.0    2    188    539    0    0    0  50.33    0.00  15.35  10.56  24.42  72.05  72.00  20.00  43.05  72.00  74.00  44.05   0.00
16:01:00   4.2   0.0   0.0  95.7   0.1    2    176    553    0    0    0  51.66    0.00  15.56  10.57  25.53  72.05  72.00  20.00  43.05  72.00  74.00  44.05   0.00
16:01:01   4.2   0.0   0.0  95.8   0.0    2    140    527    0    0    0  50.24    0.00  15.31  10.56  24.37  72.05  72.00  20.00  43.05  72.00  74.00  44.05   0.00
16:01:02   4.2   0.0   0.0  95.8   0.0    2    199    562    0    0    0  51.37    0.00  15.52  10.58  25.27  71.05  71.00  20.00  43.05  71.00  74.00  44.05   0.00
16:01:03   4.2   0.0   0.0  95.8   0.0    2    181    537    0    0    0  50.40    0.00  15.38  10.56  24.45  74.05  74.00  20.00  43.05  74.00  73.00  44.05   0.00
16:01:04   4.2   0.0   0.0  95.8   0.0    2    122    495    0    0    0  50.18    0.00  15.30  10.55  24.32  72.05  72.00  20.00  43.05  72.00  73.00  44.05   0.00
16:01:05   4.2   0.0   0.0  95.8   0.0    2    136    502    0    0    0  50.18    0.00  15.30  10.55  24.32  71.05  71.00  20.00  43.05  71.00  73.00  44.05   0.00
16:01:06   4.2   0.0   0.0  95.8   0.0    2    124    518    0    0    0  50.18    0.00  15.30  10.55  24.32  72.05  74.00  20.00  43.05  74.00  73.00  44.05   0.00
16:01:07   4.2   0.0   0.0  95.8   0.0    2    194    555    0    0    0  50.48    0.00  15.39  10.57  24.53  74.05  74.00  20.00  43.05  74.00  73.00  44.05   0.00
16:01:08   4.2   0.0   0.0  95.8   0.0    2    133    493    0    0    0  50.31    0.00  15.31  10.57  24.43  72.05  72.00  20.00  43.05  72.00  73.00  44.05   0.00
16:01:09   4.2   0.0   0.0  95.8   0.0    2    142    514    0    0    0  50.27    0.00  15.30  10.56  24.42  72.05  72.00  20.00  43.05  71.00  73.00  44.05   0.00
16:01:10   4.2   0.0   0.0  95.8   0.0    2    188    510    0    0    0  50.46    0.00  15.35  10.60  24.51  71.05  71.00  20.00  43.05  71.00  73.00  44.05   0.00
16:01:11   4.2   0.0   0.0  95.8   0.0    2    202    542    0    0    0  51.36    0.00  15.50  10.57  25.29  72.05  72.00  20.00  43.05  72.00  73.00  44.05   0.00
16:01:12   4.2   0.0   0.0  95.8   0.0    2    156    509    0    0    0  50.29    0.00  15.31  10.56  24.42  72.05  72.00  20.00  43.05  72.00  73.00  44.05   0.00
16:01:13   4.2   0.0   0.0  95.8   0.0    2    143    515    0    0    0  50.31    0.00  15.30  10.57  24.45  74.05  74.00  20.00  43.05  74.00  72.00  44.05   0.00
16:01:14   4.2   0.0   0.0  95.8   0.0    2    124    518    0    0    0  50.21    0.00  15.28  10.56  24.37  72.05  72.00  20.00  43.05  71.00  72.00  44.05   0.00
16:01:15   4.2   0.0   0.0  95.8   0.0    2    196    541    0    0    0  50.44    0.00  15.36  10.57  24.51  71.05  71.00  20.00  43.05  71.00  72.00  44.05   0.00
16:01:16   4.2   0.0   0.0  95.8   0.0    2    120    506    0    0    0  50.23    0.00  15.29  10.56  24.38  72.05  72.00  20.00  43.05  71.00  72.00  44.05   0.00
16:01:17   4.2   0.0   0.0  95.8   0.0    2    141    527    0    0    0  50.22    0.00  15.29  10.56  24.36  71.05  71.00  20.00  43.05  71.00  72.00  44.05   0.00
16:01:18   4.2   0.0   0.0  95.8   0.0    2    134    504    0    0    0  50.20    0.00  15.28  10.56  24.37  71.05  71.00  20.00  43.05  71.00  72.00  44.05   0.00
16:01:19   4.2   0.0   0.0  95.8   0.0    2    182    528    0    0    0  50.31    0.00  15.31  10.57  24.43  72.05  72.00  20.00  43.05  72.00  72.00  44.05   0.00
16:01:20   4.2   0.0   0.0  95.8   0.0    2    429    524    0    0    0  50.31    0.00  15.29  10.57  24.46  71.05  71.00  20.00  43.05  72.00  72.00  44.05   0.00
16:01:21   4.2   0.0   0.0  95.8   0.0    2    136    530    0    0    0  50.20    0.00  15.28  10.56  24.37  71.05  71.00  20.00  43.05  71.00  72.00  44.05   0.00
16:01:22   4.2   0.0   0.0  95.8   0.0    2    170    543    0    0    0  50.26    0.00  15.29  10.57  24.40  71.05  71.00  20.00  43.05  71.00  72.00  43.05   0.00
16:01:23   4.2   0.0   0.1  95.8   0.0    2    335    603    0    0    0  52.19    0.00  15.55  10.77  25.87  71.05  71.00  20.00  43.05  71.00  72.00  43.05   0.00
16:01:24   4.2   0.0   0.0  95.8   0.0    2    126    507    0    0    0  52.14    0.00  15.34  10.55  26.24  71.05  71.00  20.00  43.05  71.00  72.00  43.05   0.00
16:01:25   4.2   0.0   0.0  95.8   0.0    2    128    511    0    0    0  52.05    0.00  15.33  10.55  26.17  71.05  71.00  20.00  43.05  71.00  72.00  43.05   0.00
16:01:26   4.2   0.0   0.0  95.8   0.0    2    140    511    0    0    0  51.70    0.00  15.34  10.56  25.80  71.05  71.00  20.00  43.05  71.00  72.00  43.05   0.00
16:01:27   4.2   0.0   0.0  95.8   0.0    2    190    546    0    0    0  50.59    0.00  15.34  10.56  24.68  71.05  71.00  20.00  43.05  71.00  72.00  43.05   0.00
16:01:28   4.2   0.0   0.0  95.8   0.0    2    126    497    0    0    0  50.19    0.00  15.30  10.55  24.34  71.05  71.00  20.00  43.05  71.00  72.00  43.05   0.00
16:01:29   4.2   0.0   0.0  95.8   0.0    2    116    521    0    0    0  50.12    0.00  15.26  10.54  24.31  71.05  71.00  20.00  43.05  71.00  72.00  43.05   0.00
16:01:30   4.2   0.0   0.0  95.8   0.0    2    162    505    0    0    0  50.26    0.00  15.29  10.56  24.41  71.05  71.00  20.00  43.05  72.00  72.00  43.05   0.00
16:01:31   4.2   0.0   0.0  95.8   0.0    2    193    564    0    0    0  51.28    0.00  15.47  10.55  25.26  71.05  71.00  20.00  43.05  71.00  72.00  43.05   0.00
16:01:32   4.2   0.0   0.0  95.8   0.0    2    152    519    0    0    0  50.17    0.00  15.26  10.54  24.36  72.05  72.00  20.00  43.05  72.00  72.00  43.05   0.00
16:01:33   4.2   0.0   0.0  95.8   0.0    2    121    507    0    0    0  50.15    0.00  15.28  10.53  24.33  71.05  71.00  20.00  43.05  71.00  72.00  43.05   0.00
16:01:34   4.2   0.0   0.0  95.8   0.0    2    128    516    0    0    0  50.15    0.00  15.27  10.54  24.35  71.05  71.00  20.00  43.05  71.00  72.00  43.05   0.00
16:01:35   4.2   0.0   0.0  95.8   0.0    2    198    540    0    0    0  51.28    0.00  15.48  10.53  25.26  70.05  70.00  20.00  43.05  70.00  72.00  43.05   0.00
16:01:36   4.2   0.0   0.0  95.8   0.0    2    116    505    0    0    0  50.19    0.00  15.28  10.55  24.37  71.05  71.00  20.00  43.05  71.00  72.00  43.05   0.00
16:01:37   4.2   0.0   0.0  95.8   0.0    2    142    508    0    0    0  50.12    0.00  15.26  10.53  24.34  71.05  71.00  20.00  43.05  71.00  72.00  43.05   0.00
16:01:38   4.2   0.0   0.0  95.8   0.0    2    142    515    0    0    0  50.19    0.00  15.28  10.54  24.37  71.05  71.00  20.00  43.05  71.00  72.00  43.05   0.00
16:01:39   4.2   0.0   0.0  95.8   0.0    2    189    549    0    0    0  50.30    0.00  15.30  10.53  24.47  71.05  71.00  20.00  43.05  71.00  72.00  43.05   0.00
16:01:40   4.2   0.0   0.0  95.8   0.0    2    144    505    0    0    0  50.11    0.00  15.24  10.53  24.33  71.05  71.00  20.00  43.05  71.00  72.00  43.05   0.00
16:01:41   4.2   0.0   0.0  95.8   0.0    2    132    516    0    0    0  50.14    0.00  15.25  10.55  24.35  71.05  71.00  20.00  43.05  71.00  72.00  43.05   0.00
16:01:42   4.2   0.0   0.0  95.8   0.0    2    156    522    0    0    0  50.10    0.00  15.25  10.52  24.33  71.05  71.00  20.00  43.05  71.00  72.00  43.05   0.00
16:01:43   4.2   0.0   0.0  95.8   0.0    2    176    532    0    0    0  50.13    0.00  15.25  10.54  24.33  71.05  71.00  20.00  43.05  71.00  72.00  43.05   0.00
16:01:44   4.2   0.0   0.0  95.8   0.0    2    132    503    0    0    0  50.08    0.00  15.25  10.54  24.30  71.05  71.00  20.00  43.05  71.00  71.00  43.05   0.00
16:01:45   4.2   0.0   0.0  95.8   0.0    2    126    497    0    0    0  50.11    0.00  15.25  10.54  24.33  71.05  71.00  20.00  43.05  71.00  71.00  43.05   0.00
16:01:46   4.2   0.0   0.0  95.8   0.0    2    138    526    0    0    0  51.17    0.00  15.45  10.55  25.17  71.05  71.00  20.00  43.05  71.00  72.00  43.05   0.00
16:01:47   4.2   0.0   0.0  95.8   0.0    2    192    543    0    0    0  50.07    0.00  15.23  10.52  24.32  70.05  70.00  20.00  43.05  70.00  72.00  43.05   0.00
16:01:48   4.2   0.0   0.0  95.8   0.0    2    126    496    0    0    0  50.13    0.00  15.25  10.54  24.34  71.05  71.00  20.00  43.05  71.00  71.00  43.05   0.00
16:01:49   4.2   0.0   0.0  95.8   0.0    2    286    610    0    0    0  52.32    0.00  15.53  10.76  26.03  71.05  71.00  20.00  43.05  71.00  71.00  43.05   0.00
16:01:50   4.2   0.0   0.0  95.8   0.0    2    154    527    0    0    0  52.04    0.00  15.32  10.54  26.18  71.05  71.00  20.00  43.05  71.00  71.00  43.05   0.00
16:01:51   4.2   0.0   0.0  95.8   0.0    2    484    419    0    0    0  53.32    0.00  15.59  10.55  27.18  71.05  71.00  20.00  43.05  71.00  71.00  43.05   0.00
16:01:52   4.2   0.0   0.0  95.8   0.0    2    165    335    0    0    0  51.26    0.00  15.28  10.52  25.46  71.05  71.00  20.00  43.05  71.00  71.00  43.05   0.00
16:01:53   4.2   0.0   0.0  95.8   0.0    2    124    371    0    0    0  50.21    0.00  15.27  10.54  24.40  70.05  70.00  20.00  43.05  70.00  71.00  43.05   0.00
16:01:54   4.2   0.0   0.0  95.8   0.0    2    134    519    0    0    0  50.17    0.00  15.27  10.55  24.35  70.05  70.00  20.00  43.05  70.00  72.00  43.05   0.00
16:01:55   4.3   0.0   0.0  95.7   0.0    2    202    542    0    0    0  50.20    0.00  15.29  10.55  24.36  70.05  70.00  20.00  43.05  70.00  72.00  43.05   0.00
16:01:56   4.2   0.0   0.0  95.8   0.0    2    128    513    0    0    0  50.21    0.00  15.31  10.53  24.38  71.05  71.00  20.00  43.05  71.00  71.00  43.05   0.00
16:01:57   4.2   0.0   0.0  95.8   0.0    2    130    516    0    0    0  50.06    0.00  15.24  10.52  24.30  71.05  71.00  20.00  43.05  71.00  71.00  43.05   0.00
16:01:58   4.2   0.0   0.0  95.8   0.0    2    134    502    0    0    0  50.12    0.00  15.26  10.53  24.33  71.05  71.00  20.00  43.05  71.00  72.00  43.05   0.00
16:01:59   4.2   0.0   0.0  95.8   0.0    2    180    530    0    0    0  50.30    0.00  15.33  10.53  24.43  70.05  70.00  20.00  43.05  70.00  72.00  43.05   0.00
16:02:00   4.2   0.0   0.0  95.8   0.0    2    180    518    0    0    0  51.11    0.00  15.42  10.51  25.18  71.05  71.00  20.00  43.05  71.00  71.00  43.05   0.00
16:02:01   4.2   0.0   0.0  95.8   0.0    2    130    522    0    0    0  50.04    0.00  15.23  10.51  24.31  71.05  71.00  20.00  43.05  71.00  71.00  43.05   0.00
16:02:02   4.2   0.0   0.0  95.8   0.0    2    171    524    0    0    0  50.08    0.00  15.24  10.52  24.32  71.05  71.00  20.00  43.05  71.00  71.00  43.05   0.00
16:02:03   4.2   0.0   0.0  95.8   0.0    2    176    530    0    0    0  50.37    0.00  15.36  10.52  24.49  71.05  71.00  20.00  43.05  70.00  71.00  43.05   0.00
16:02:04   4.2   0.0   0.0  95.8   0.0    2    124    503    0    0    0  50.06    0.00  15.25  10.51  24.30  71.05  71.00  20.00  43.05  71.00  71.00  43.05   0.00
16:02:05   4.2   0.0   0.0  95.8   0.0    2    138    503    0    0    0  50.05    0.00  15.24  10.52  24.29  70.05  70.00  20.00  43.05  70.00  71.00  43.05   0.00
16:02:06   4.2   0.0   0.0  95.8   0.0    2    149    520    0    0    0  51.05    0.00  15.42  10.51  25.13  71.05  71.00  20.00  43.05  71.00  71.00  43.05   0.00
16:02:07   4.2   0.0   0.0  95.8   0.0    2    194    547    0    0    0  50.43    0.00  15.39  10.52  24.52  71.05  71.00  20.00  43.05  71.00  71.00  43.05   0.00
16:02:08   4.2   0.0   0.0  95.8   0.0    2    132    489    0    0    0  50.06    0.00  15.24  10.52  24.31  71.05  71.00  20.00  43.05  71.00  72.00  43.05   0.00
16:02:09   4.2   0.0   0.0  95.8   0.0    2    114    523    0    0    0  50.05    0.00  15.24  10.53  24.28  71.05  71.00  20.00  43.05  71.00  72.00  43.05   0.00
16:02:10   4.2   0.0   0.0  95.8   0.0    2    188    518    0    0    0  50.15    0.00  15.25  10.53  24.37  71.05  71.00  20.00  42.05  71.00  71.00  43.05   0.00
16:02:11   4.2   0.0   0.0  95.8   0.0    2    196    545    0    0    0  50.27    0.00  15.32  10.51  24.44  71.05  71.00  20.00  42.05  71.00  71.00  43.05   0.00
16:02:12   4.2   0.0   0.0  95.8   0.0    2    187    530    0    0    1  51.14    0.00  15.43  10.52  25.19  70.05  70.00  20.00  42.05  70.00  71.00  43.05   0.00
16:02:13   4.2   0.0   0.0  95.8   0.0    2    151    511    0    0    0  50.05    0.00  15.23  10.51  24.31  70.05  70.00  20.00  42.05  71.00  71.00  43.05   0.00
16:02:14   4.2   0.0   0.0  95.8   0.0    2    128    507    0    0    0  49.94    0.00  15.20  10.50  24.25  71.05  71.00  20.00  42.05  71.00  71.00  43.05   0.00
16:02:15   4.2   0.0   0.0  95.8   0.0    2    184    532    0    0    0  49.99    0.00  15.21  10.51  24.28  71.05  71.00  20.00  42.05  71.00  71.00  43.05   0.00
16:02:16   4.2   0.0   0.0  95.8   0.0    2    120    492    0    0    0  50.02    0.00  15.22  10.52  24.28  71.05  71.00  20.00  42.05  71.00  72.00  43.05   0.00
16:02:17   4.2   0.0   0.0  95.8   0.0    2    134    515    0    0    0  49.98    0.00  15.20  10.50  24.27  71.05  71.00  20.00  42.05  71.00  72.00  42.05   0.00
16:02:18   4.2   0.0   0.0  95.8   0.0    2    137    503    0    0    0  50.03    0.00  15.23  10.52  24.28  71.05  71.00  20.00  42.05  72.00  72.00  42.05   0.00
16:02:19   4.2   0.0   0.0  95.8   0.0    3    178    544    0    0    0  49.95    0.00  15.18  10.49  24.27  71.05  71.00  20.00  42.05  71.00  72.00  42.05   0.00
16:02:20   4.2   0.0   0.0  95.8   0.0    3    144    486    0    0    0  49.91    0.00  15.20  10.48  24.23  71.05  71.00  20.00  42.05  71.00  71.00  42.05   0.00
16:02:21   4.2   0.0   0.0  95.8   0.0    2    437    403    0    0    0  50.07    0.00  15.22  10.52  24.34  71.05  71.00  20.00  42.05  71.00  71.00  42.05   0.00
16:02:22   4.2   0.0   0.0  95.8   0.0    2    190    470    0    0    0  49.96    0.00  15.21  10.51  24.24  70.05  70.00  20.00  42.05  70.00  71.00  43.05   0.00
16:02:23   4.2   0.0   0.0  95.8   0.0    2    360    699    1    0    0  52.25    0.00  15.53  10.77  25.95  71.05  71.00  20.00  42.05  71.00  71.00  43.05   0.00
16:02:24   4.2   0.0   0.0  95.8   0.0    2    124    496    0    0    0  51.89    0.00  15.27  10.50  26.12  70.05  70.00  20.00  42.05  70.00  72.00  43.05   0.00
16:02:25   4.2   0.0   0.0  95.8   0.0    2    146    512    0    0    0  52.95    0.00  15.47  10.51  26.96  71.05  71.00  20.00  42.05  71.00  72.00  43.05   0.00
16:02:26   4.2   0.0   0.0  95.8   0.0    2    135    508    0    0    0  51.33    0.00  15.27  10.52  25.54  71.05  71.00  20.00  42.05  71.00  71.00  43.05   0.00
16:02:27   4.2   0.0   0.0  95.8   0.0    2    206    560    0    0    0  51.37    0.00  15.47  10.52  25.38  71.05  71.00  20.00  42.05  71.00  71.00  43.05   0.00
16:02:28   4.2   0.0   0.0  95.8   0.0    2    129    498    0    0    0  50.03    0.00  15.23  10.51  24.29  70.05  70.00  20.00  42.05  70.00  72.00  43.05   0.00
16:02:29   4.2   0.0   0.0  95.8   0.0    2    114    514    0    0    0  50.02    0.00  15.23  10.51  24.28  70.05  70.00  20.00  42.05  70.00  72.00  43.05   0.00
16:02:30   4.2   0.0   0.0  95.8   0.0    2    152    498    0    0    0  50.03    0.00  15.23  10.51  24.29  68.05  68.00  20.00  42.05  68.00  71.00  43.05   0.00
16:02:31   4.2   0.0   0.0  95.8   0.0    2    198    550    0    0    0  50.02    0.00  15.22  10.50  24.30  70.05  70.00  20.00  42.05  70.00  71.00  43.05   0.00
16:02:32   4.2   0.0   0.0  95.8   0.0    2    150    506    0    0    0  49.97    0.00  15.22  10.50  24.25  70.05  70.00  20.00  42.05  70.00  71.00  42.05   0.00
16:02:33   4.2   0.0   0.0  95.8   0.0    2    139    525    0    0    0  51.01    0.00  15.40  10.49  25.11  71.05  71.00  20.00  42.05  71.00  71.00  42.05   0.00
16:02:34   4.2   0.0   0.0  95.8   0.0    2    124    516    0    0    0  49.98    0.00  15.22  10.50  24.25  70.05  70.00  20.00  42.05  70.00  71.00  42.05   0.00
16:02:35   4.2   0.0   0.0  95.8   0.0    2    196    523    0    0    0  50.08    0.00  15.25  10.52  24.31  70.05  70.00  20.00  42.05  70.00  71.00  42.05   0.00
16:02:36   4.2   0.0   0.0  95.8   0.0    2    112    508    0    0    0  49.97    0.00  15.22  10.50  24.25  71.05  71.00  20.00  42.05  71.00  71.00  42.05   0.00
16:02:37   4.2   0.0   0.0  95.8   0.0    2    144    519    0    0    0  50.03    0.00  15.23  10.52  24.28  71.05  71.00  20.00  42.05  71.00  71.00  42.05   0.00
16:02:38   4.2   0.0   0.0  95.8   0.0    2    133    501    0    0    0  49.96    0.00  15.21  10.49  24.26  70.05  70.00  20.00  42.05  70.00  71.00  43.05   0.00
16:02:39   4.2   0.0   0.0  95.8   0.0    2    193    528    0    0    0  50.17    0.00  15.27  10.49  24.42  71.05  71.00  20.00  42.05  71.00  71.00  43.05   0.00
16:02:40   4.2   0.0   0.0  95.8   0.0    2    140    502    0    0    0  49.99    0.00  15.21  10.50  24.28  70.05  70.00  20.00  42.05  70.00  71.00  43.05   0.00
16:02:41   4.2   0.0   0.0  95.8   0.0    2    134    522    0    0    0  49.98    0.00  15.21  10.50  24.27  70.05  70.00  20.00  42.05  70.00  71.00  43.05   0.00
16:02:42   4.2   0.0   0.0  95.8   0.0    3    157    520    0    0    0  49.96    0.00  15.20  10.50  24.26  70.05  70.00  20.00  42.05  70.00  71.00  43.05   0.00
16:02:43   4.2   0.0   0.0  95.8   0.0    2    191    533    0    0    0  49.95    0.00  15.20  10.50  24.26  70.05  70.00  20.00  42.05  70.00  71.00  42.05   0.00
16:02:44   4.2   0.0   0.0  95.8   0.0    2    120    484    0    0    0  49.98    0.00  15.21  10.50  24.27  70.05  70.00  20.00  42.05  70.00  71.00  42.05   0.00
16:02:45   4.2   0.0   0.0  95.8   0.0    2    134    505    0    0    0  49.90    0.00  15.18  10.47  24.25  70.05  70.00  20.00  42.05  70.00  71.00  42.05   0.00
16:02:46   4.2   0.0   0.0  95.8   0.0    2    130    514    0    0    0  49.86    0.00  15.18  10.47  24.21  70.05  70.00  20.00  42.05  70.00  71.00  42.05   0.00
16:02:47   4.2   0.0   0.0  95.8   0.0    2    198    538    0    0    0  49.96    0.00  15.21  10.50  24.26  70.05  70.00  20.00  42.05  70.00  71.00  42.05   0.00
16:02:48   4.2   0.0   0.0  95.8   0.0    2    148    493    0    0    0  50.94    0.00  15.37  10.47  25.09  70.05  70.00  20.00  42.05  70.00  71.00  42.05   0.00
16:02:49   4.2   0.0   0.0  95.8   0.0    2    275    623    0    0    0  52.36    0.00  15.49  10.71  26.15  70.05  70.00  20.00  42.05  70.00  71.00  42.05   0.00
16:02:50   4.2   0.0   0.0  95.8   0.0    2    154    530    0    0    0  52.92    0.00  15.46  10.49  26.97  68.05  68.00  20.00  42.05  68.00  71.00  42.05   0.00
16:02:51   4.2   0.0   0.0  95.8   0.0    2    490    516    0    0    0  52.13    0.00  15.35  10.51  26.27  70.05  70.00  20.00  42.05  70.00  71.00  42.05   0.00
16:02:52   4.2   0.0   0.0  95.8   0.0    2    183    361    0    0    0  50.97    0.00  15.24  10.49  25.24  70.05  70.00  20.00  42.05  70.00  71.00  42.05   0.00
16:02:53   4.2   0.0   0.0  95.8   0.0    2    148    328    0    0    0  50.03    0.00  15.21  10.48  24.35  70.05  70.00  20.00  42.05  70.00  71.00  42.05   0.00
16:02:54   4.2   0.0   0.0  95.8   0.0    2    139    326    0    0    0  49.91    0.00  15.22  10.49  24.21  70.05  70.00  20.00  42.05  70.00  71.00  42.05   0.00
16:02:55   4.2   0.0   0.0  95.8   0.0    2    186    361    0    0    0  50.02    0.00  15.27  10.48  24.27  70.05  70.00  20.00  42.05  70.00  71.00  42.05   0.00
16:02:56   4.2   0.0   0.0  95.8   0.0    2    120    311    0    0    0  49.89    0.00  15.22  10.49  24.18  71.05  71.00  20.00  42.05  71.00  71.00  42.05   0.00
16:02:57   4.2   0.0   0.0  95.8   0.0    2    150    329    0    0    0  50.91    0.00  15.40  10.48  25.03  70.05  70.00  20.00  42.05  70.00  71.00  42.05   0.00
16:02:58   4.2   0.0   0.0  95.8   0.0    2    130    323    0    0    0  49.80    0.00  15.18  10.46  24.17  70.05  70.00  20.00  42.05  70.00  71.00  42.05   0.00
16:02:59   4.2   0.0   0.0  95.8   0.0    2    176    358    0    0    0  49.86    0.00  15.20  10.47  24.19  70.05  70.00  20.00  42.05  70.00  71.00  42.05   0.00
16:03:00   4.2   0.0   0.0  95.8   0.0    2    162    394    0    0    0  49.88    0.00  15.19  10.46  24.23  70.05  70.00  20.00  42.05  70.00  71.00  42.05   0.00
16:03:01   4.2   0.0   0.0  95.8   0.0    2    134    474    0    0    0  49.93    0.00  15.20  10.47  24.25  70.05  70.00  20.00  42.05  70.00  71.00  42.05   0.00
16:03:02   4.2   0.0   0.0  95.8   0.0    2    204    486    0    0    0  49.91    0.00  15.19  10.47  24.25  71.05  71.00  20.00  42.05  71.00  71.00  42.05   0.00
16:03:03   4.2   0.0   0.0  95.8   0.0    2    193    495    0    0    0  50.04    0.00  15.25  10.45  24.35  70.05  70.00  20.00  42.05  70.00  71.00  42.05   0.00
16:03:04   4.2   0.0   0.0  95.8   0.0    2    114    442    0    0    0  49.96    0.00  15.22  10.46  24.28  70.05  70.00  20.00  42.05  70.00  71.00  42.05   0.00
16:03:05   4.2   0.0   0.0  95.8   0.0    2    138    449    0    0    0  50.94    0.00  15.39  10.47  25.08  70.05  70.00  20.00  42.05  70.00  71.00  42.05   0.00
16:03:06   4.2   0.0   0.0  95.8   0.0    2    144    468    0    0    0  49.91    0.00  15.19  10.47  24.24  70.05  70.00  20.00  42.05  70.00  71.00  42.05   0.00
16:03:07   4.2   0.0   0.0  95.8   0.0    2    194    500    0    0    0  49.87    0.00  15.17  10.45  24.24  68.05  68.00  20.00  42.05  68.00  71.00  42.05   0.00
16:03:08   4.2   0.0   0.0  95.8   0.0    2    136    450    0    0    0  49.90    0.00  15.19  10.47  24.24  70.05  70.00  20.00  42.05  70.00  71.00  42.05   0.00
16:03:09   4.2   0.0   0.0  95.8   0.0    2    116    462    0    0    0  49.81    0.00  15.17  10.45  24.20  68.05  68.00  20.00  42.05  68.00  70.00  42.05   0.00
16:03:10   4.2   0.0   0.0  95.8   0.0    2    200    456    0    0    0  50.02    0.00  15.21  10.49  24.31  68.05  68.00  20.00  42.05  68.00  70.00  42.05   0.00
16:03:11   4.2   0.0   0.0  95.8   0.0    2    185    481    0    0    0  49.88    0.00  15.18  10.46  24.24  70.05  70.00  20.00  42.05  70.00  70.00  42.05   0.00
16:03:12   4.2   0.0   0.0  95.8   0.0    2    168    465    0    0    0  49.86    0.00  15.17  10.45  24.25  71.05  71.00  20.00  42.05  71.00  70.00  42.05   0.00
16:03:13   4.2   0.0   0.0  95.8   0.0    2    141    447    0    0    0  49.92    0.00  15.18  10.47  24.28  71.05  71.00  20.00  42.05  71.00  70.00  42.05   0.00
16:03:14   4.2   0.0   0.0  95.8   0.0    2    128    459    0    0    0  49.86    0.00  15.17  10.47  24.22  70.05  70.00  20.00  42.05  70.00  71.00  42.05   0.00
16:03:15   4.2   0.0   0.0  95.8   0.0    2    194    497    0    0    0  51.30    0.00  15.53  10.48  25.29  71.05  71.00  20.00  42.05  71.00  71.00  42.05   0.00
16:03:16   4.2   0.0   0.0  95.8   0.0    2    118    462    0    0    0  49.84    0.00  15.17  10.43  24.24  70.05  70.00  20.00  42.05  70.00  71.00  42.05   0.00
16:03:17   4.2   0.0   0.0  95.8   0.0    2    134    470    0    0    0  49.76    0.00  15.13  10.42  24.21  70.05  70.00  20.00  42.05  70.00  70.00  42.05   0.00
16:03:18   4.2   0.0   0.0  95.8   0.0    2    144    462    0    0    0  49.74    0.00  15.12  10.42  24.19  70.05  70.00  20.00  42.05  70.00  70.00  42.05   0.00
16:03:19   4.2   0.0   0.0  95.8   0.0    2    170    486    0    0    0  50.00    0.00  15.23  10.45  24.33  71.05  71.00  20.00  42.05  71.00  70.00  42.05   0.00
16:03:20   4.2   0.0   0.0  95.8   0.0    2    128    446    0    0    0  49.82    0.00  15.16  10.42  24.24  70.05  70.00  20.00  42.05  70.00  70.00  42.05   0.00
16:03:21   4.2   0.0   0.0  95.8   0.0    2    429    493    0    0    0  49.88    0.00  15.15  10.45  24.28  70.05  70.00  20.00  42.05  70.00  71.00  42.05   0.00
16:03:22   4.2   0.0   0.0  95.8   0.0    2    152    483    0    0    0  49.78    0.00  15.13  10.43  24.21  71.05  71.00  20.00  42.05  71.00  71.00  42.05   0.00
16:03:23   4.2   0.0   0.0  95.8   0.0    2    353    567    0    0    0  52.54    0.00  15.59  10.67  26.28  70.05  70.00  20.00  42.05  70.00  71.00  42.05   0.00
16:03:24   4.2   0.0   0.0  95.8   0.0    2    112    461    0    0    0  51.79    0.00  15.24  10.43  26.12  70.05  70.00  20.00  42.05  70.00  71.00  42.05   0.00
16:03:25   4.2   0.0   0.0  95.8   0.0    2    138    474    0    0    0  52.73    0.00  15.39  10.42  26.91  70.05  70.00  20.00  42.05  70.00  71.00  42.05   0.00
16:03:26   4.2   0.0   0.0  95.8   0.0    2    137    462    0    0    0  50.94    0.00  15.19  10.43  25.33  68.05  68.00  20.00  42.05  68.00  71.00  42.05   0.00
16:03:27   4.2   0.0   0.0  95.8   0.0    2    188    498    0    0    0  49.95    0.00  15.15  10.43  24.37  70.05  70.00  20.00  42.05  70.00  71.00  42.05   0.00
16:03:28   4.2   0.0   0.0  95.8   0.0    2    126    449    0    0    0  49.77    0.00  15.14  10.43  24.20  70.05  70.00  20.00  42.05  70.00  71.00  42.05   0.00
16:03:29   4.2   0.0   0.0  95.8   0.0    2    124    468    0    0    0  49.81    0.00  15.16  10.44  24.21  70.05  70.00  20.00  42.05  70.00  70.00  42.05   0.00
16:03:30   4.2   0.0   0.0  95.8   0.0    2    132    454    0    0    0  49.80    0.00  15.16  10.44  24.20  70.05  70.00  20.00  42.05  70.00  70.00  42.05   0.00
16:03:31   4.2   0.0   0.0  95.8   0.0    2    209    499    0    0    0  50.91    0.00  15.37  10.46  25.09  71.05  71.00  20.00  42.05  71.00  70.00  42.05   0.00
16:03:32   4.2   0.0   0.0  95.8   0.0    2    152    457    0    0    0  49.82    0.00  15.16  10.45  24.22  70.05  70.00  20.00  42.05  70.00  70.00  42.05   0.00
16:03:33   4.2   0.0   0.0  95.8   0.0    2    120    459    0    0    0  49.83    0.00  15.17  10.45  24.21  70.05  70.00  20.00  42.05  70.00  70.00  42.05   0.00
16:03:34   4.2   0.0   0.0  95.8   0.0    2    122    467    0    0    0  49.81    0.00  15.16  10.45  24.21  70.05  70.00  20.00  42.05  70.00  70.00  42.05   0.00
16:03:35   4.2   0.0   0.0  95.8   0.0    2    199    491    0    0    0  49.97    0.00  15.22  10.43  24.32  71.05  71.00  20.00  42.05  71.00  70.00  42.05   0.00
16:03:36   4.2   0.0   0.0  95.8   0.0    2    114    463    0    0    0  49.88    0.00  15.19  10.43  24.25  70.05  70.00  20.00  42.05  70.00  70.00  42.05   0.00
16:03:37   4.2   0.0   0.0  95.8   0.0    2    139    481    0    0    0  49.80    0.00  15.15  10.44  24.21  70.05  70.00  20.00  42.05  70.00  70.00  42.05   0.00
16:03:38   4.2   0.0   0.0  95.8   0.0    2    140    456    0    0    0  49.80    0.00  15.16  10.44  24.20  70.05  70.00  20.00  42.05  70.00  70.00  42.05   0.00
16:03:39   4.2   0.0   0.0  95.8   0.0    2    195    507    0    0    0  49.97    0.00  15.21  10.43  24.33  68.05  68.00  20.00  42.05  70.00  70.00  42.05   0.00
16:03:40   4.2   0.0   0.0  95.8   0.0    2    150    470    0    0    0  50.80    0.00  15.32  10.43  25.05  70.05  70.00  20.00  42.05  70.00  70.00  42.05   0.00
16:03:41   4.2   0.0   0.0  95.8   0.0    2    144    485    0    0    0  49.83    0.00  15.16  10.46  24.21  68.05  68.00  20.00  42.05  68.00  71.00  42.05   0.00
16:03:42   4.2   0.0   0.0  95.8   0.0    2    152    471    0    0    0  49.77    0.00  15.14  10.44  24.19  70.05  70.00  20.00  42.05  70.00  71.00  42.05   0.00
16:03:43   4.2   0.0   0.0  95.8   0.0    2    186    482    0    0    0  49.96    0.00  15.21  10.43  24.31  70.05  70.00  20.00  42.05  70.00  71.00  42.05   0.00
16:03:44   4.2   0.0   0.0  95.8   0.0    2    120    451    0    0    0  49.84    0.00  15.17  10.43  24.23  70.05  70.00  20.00  42.05  70.00  70.00  42.05   0.00
16:03:45   4.2   0.0   0.0  95.8   0.0    2    132    455    0    0    0  49.74    0.00  15.13  10.42  24.19  68.05  68.00  20.00  42.05  68.00  70.00  42.05   0.00
16:03:46   4.2   0.0   0.0  95.8   0.0    2    142    473    0    0    0  50.79    0.00  15.32  10.43  25.04  70.05  70.00  20.00  42.05  70.00  70.00  42.05   0.00
16:03:47   4.2   0.0   0.0  95.8   0.0    2    212    525    0    0    0  50.13    0.00  15.29  10.43  24.42  70.05  70.00  20.00  42.05  70.00  70.00  42.05   0.00
16:03:48   4.2   0.0   0.0  95.8   0.0    2    126    467    0    0    0  49.89    0.00  15.20  10.44  24.26  70.05  70.00  20.00  42.05  70.00  70.00  42.05   0.00
16:03:49   4.2   0.0   0.0  95.8   0.0    2    286    545    0    0    0  52.38    0.00  15.44  10.66  26.29  70.05  70.00  20.00  42.05  70.00  70.00  42.05   0.00
16:03:50   4.2   0.0   0.0  95.8   0.0    2    132    462    0    0    0  51.73    0.00  15.22  10.44  26.07  71.05  71.00  20.00  42.05  71.00  70.00  42.05   0.00
16:03:51   4.2   0.0   0.0  95.8   0.0    2    186    499    0    0    0  52.07    0.00  15.35  10.43  26.28  70.05  70.00  20.00  42.05  71.00  70.00  42.05   0.00
16:03:52   4.2   0.0   0.0  95.8   0.0    2    454    369    0    0    0  52.01    0.00  15.46  10.47  26.09  70.05  70.00  20.00  42.05  70.00  71.00  42.05   0.00
16:03:53   4.2   0.0   0.0  95.8   0.0    2    132    318    0    0    0  49.83    0.00  15.16  10.44  24.23  70.05  70.00  20.00  42.05  70.00  71.00  42.05   0.00
16:03:54   4.2   0.0   0.0  95.8   0.0    2    138    468    0    0    0  49.74    0.00  15.13  10.41  24.21  70.05  70.00  20.00  42.05  70.00  71.00  42.05   0.00
16:03:55   4.3   0.0   0.0  95.7   0.0    2    204    490    0    0    0  50.23    0.00  15.32  10.45  24.46  71.05  71.00  20.00  42.05  71.00  70.00  42.05   0.00
16:03:56   4.2   0.0   0.0  95.8   0.0    2    114    458    0    0    0  49.89    0.00  15.19  10.42  24.27  70.05  70.00  20.00  42.05  70.00  70.00  42.05   0.00
16:03:57   4.2   0.0   0.0  95.8   0.0    2    134    469    0    0    0  49.83    0.00  15.17  10.45  24.21  70.05  70.00  20.00  42.05  70.00  70.00  42.05   0.00
16:03:58   4.2   0.0   0.0  95.8   0.0    2    137    470    0    0    0  49.81    0.00  15.16  10.44  24.21  70.05  70.00  20.00  42.05  70.00  70.00  42.05   0.00
16:03:59   4.2   0.0   0.0  95.8   0.0    2    187    502    0    0    0  49.79    0.00  15.14  10.42  24.23  70.05  70.00  20.00  42.05  70.00  70.00  42.05   0.00
16:04:00   4.2   0.0   0.0  95.8   0.0    2    163    463    0    0    0  49.83    0.00  15.14  10.43  24.26  68.05  68.00  20.00  42.05  68.00  70.00  42.05   0.00
16:04:01   4.2   0.0   0.0  95.8   0.0    2    136    470    0    0    0  49.78    0.00  15.14  10.42  24.22  70.05  70.00  20.00  42.05  70.00  70.00  42.05   0.00
16:04:02   4.2   0.0   0.0  95.8   0.0    2    158    479    0    0    0  49.75    0.00  15.12  10.42  24.21  71.05  71.00  20.00  42.05  71.00  70.00  42.05   0.00
16:04:03   4.2   0.0   0.0  95.8   0.0    2    186    487    0    0    0  49.76    0.00  15.15  10.41  24.20  70.05  70.00  20.00  42.05  70.00  70.00  42.05   0.00
16:04:04   4.2   0.0   0.0  95.8   0.0    2    142    466    0    0    0  50.80    0.00  15.33  10.42  25.05  68.05  68.00  20.00  42.05  68.00  70.00  42.05   0.00
16:04:05   4.2   0.0   0.0  95.8   0.0    2    132    459    0    0    0  49.73    0.00  15.13  10.41  24.19  70.05  70.00  20.00  42.05  70.00  70.00  42.05   0.00
16:04:06   4.2   0.0   0.0  95.8   0.0    2    138    466    0    0    0  49.77    0.00  15.15  10.43  24.19  70.05  70.00  20.00  42.05  70.00  70.00  42.05   0.00
16:04:07   4.2   0.0   0.0  95.8   0.0    2    210    512    0    0    0  50.84    0.00  15.34  10.43  25.07  70.05  70.00  20.00  42.05  70.00  70.00  42.05   0.00
16:04:08   4.2   0.0   0.0  95.8   0.0    2    132    465    0    0    0  49.70    0.00  15.12  10.41  24.18  68.05  68.00  20.00  42.05  68.00  70.00  42.05   0.00
16:04:09   4.2   0.0   0.0  95.8   0.0    2    115    473    0    0    0  49.73    0.00  15.14  10.43  24.16  70.05  70.00  20.00  42.05  70.00  70.00  42.05   0.00
16:04:10   4.2   0.0   0.0  95.8   0.0    2    198    483    0    0    0  49.98    0.00  15.20  10.48  24.30  70.05  70.00  20.00  42.05  70.00  70.00  42.05   0.00
16:04:11   4.2   0.0   0.0  95.8   0.0    2    186    503    0    0    0  49.99    0.00  15.23  10.44  24.32  71.05  71.00  20.00  42.05  71.00  70.00  42.05   0.00
16:04:12   4.2   0.0   0.0  95.8   0.0    2    148    479    0    0    0  49.78    0.00  15.15  10.43  24.21  70.05  70.00  20.00  42.05  70.00  71.00  42.05   0.00
16:04:13   4.2   0.0   0.0  95.7   0.0    2    155    465    0    0    0  50.70    0.00  15.28  10.39  25.03  70.05  70.00  20.00  42.05  70.00  71.00  42.05   0.00
16:04:14   4.2   0.0   0.0  95.8   0.0    2    130    476    0    0    0  49.68    0.00  15.10  10.40  24.17  70.05  70.00  20.00  42.05  70.00  71.00  42.05   0.00
16:04:15   4.2   0.0   0.0  95.8   0.0    2    178    477    0    0    0  49.73    0.00  15.11  10.42  24.20  68.05  68.00  20.00  42.05  68.00  70.00  42.05   0.00
16:04:16   4.2   0.0   0.0  95.8   0.0    2    124    466    0    0    0  49.70    0.00  15.12  10.43  24.15  70.05  70.00  20.00  42.05  70.00  70.00  42.05   0.00
16:04:17   4.2   0.0   0.0  95.8   0.0    2    134    469    0    0    0  49.76    0.00  15.14  10.44  24.18  70.05  70.00  20.00  42.05  70.00  70.00  42.05   0.00
16:04:18   4.2   0.0   0.0  95.8   0.0    3    137    477    0    0    0  49.67    0.00  15.11  10.41  24.15  70.05  70.00  20.00  42.05  70.00  70.00  42.05   0.00
16:04:19   4.2   0.0   0.0  95.8   0.0    2    168    501    0    0    0  49.69    0.00  15.11  10.41  24.16  70.05  70.00  20.00  42.05  70.00  70.00  42.05   0.00
16:04:20   4.2   0.0   0.0  95.8   0.0    2    130    463    0    0    0  49.73    0.00  15.13  10.43  24.17  70.05  70.00  20.00  42.05  70.00  70.00  42.05   0.00
16:04:21   4.2   0.0   0.0  95.8   0.0    2    120    480    0    0    0  49.78    0.00  15.15  10.45  24.19  70.05  70.00  20.00  42.05  70.00  70.00  42.05   0.00
16:04:22   4.2   0.0   0.0  95.8   0.0    2    475    525    0    0    0  49.87    0.00  15.14  10.45  24.28  70.05  70.00  20.00  42.05  70.00  70.00  42.05   0.00
16:04:23   4.2   0.0   0.0  95.8   0.0    2    332    583    0    0    0  51.77    0.00  15.41  10.65  25.70  68.05  68.00  20.00  42.05  68.00  70.00  42.05   0.00
16:04:24   4.2   0.0   0.0  95.8   0.0    2    136    501    0    0    0  51.64    0.00  15.18  10.41  26.05  70.05  70.00  20.00  42.05  70.00  70.00  42.05   0.00
16:04:25   4.2   0.0   0.0  95.8   0.0    2    124    513    0    0    0  51.69    0.00  15.19  10.43  26.06  70.05  70.00  20.00  42.05  70.00  71.00  42.05   0.00
16:04:26   4.2   0.0   0.0  95.8   0.0    2    142    500    0    0    0  51.18    0.00  15.18  10.43  25.58  70.05  70.00  20.00  42.05  70.00  70.00  42.05   0.00
16:04:27   4.2   0.0   0.0  95.8   0.0    2    182    526    0    0    0  50.14    0.00  15.21  10.42  24.50  70.05  70.00  20.00  42.05  70.00  70.00  42.05   0.00
16:04:28   4.2   0.0   0.0  95.8   0.0    2    146    513    0    0    0  50.92    0.00  15.38  10.43  25.12  70.05  70.00  20.00  42.05  70.00  70.00  42.05   0.00
16:04:29   4.2   0.0   0.0  95.8   0.0    2    134    527    0    0    0  50.77    0.00  15.33  10.41  25.03  70.05  70.00  20.00  42.05  70.00  70.00  42.05   0.00
16:04:30   4.2   0.0   0.0  95.8   0.0    2    148    496    0    0    0  49.77    0.00  15.14  10.43  24.21  70.05  70.00  20.00  42.05  70.00  70.00  42.05   0.00
16:04:31   4.2   0.0   0.0  95.8   0.0    2    176    546    0    0    0  49.99    0.00  15.23  10.44  24.32  70.05  70.00  20.00  42.05  70.00  70.00  42.05   0.00
16:04:32   4.2   0.0   0.0  95.8   0.0    2    140    506    0    0    0  49.77    0.00  15.15  10.37  24.25  68.05  68.00  20.00  42.05  68.00  71.00  42.05   0.00
16:04:33   4.2   0.0   0.0  95.8   0.0    2    118    503    0    0    0  49.70    0.00  15.12  10.40  24.17  70.05  70.00  20.00  42.05  70.00  71.00  42.05   0.00
16:04:34   4.2   0.0   0.0  95.8   0.0    2    152    520    0    0    0  49.71    0.00  15.12  10.40  24.19  70.05  70.00  20.00  42.05  70.00  71.00  42.05   0.00
16:04:35   4.2   0.0   0.0  95.8   0.0    2    182    512    0    0    0  49.77    0.00  15.14  10.42  24.21  70.05  70.00  20.00  42.05  67.00  70.00  42.05   0.00
16:04:36   4.2   0.0   0.0  95.8   0.0    2    120    501    0    0    0  49.66    0.00  15.11  10.40  24.15  70.05  70.00  20.00  42.05  70.00  70.00  42.05   0.00
16:04:37   4.2   0.0   0.0  95.8   0.0    2    128    522    0    0    0  49.74    0.00  15.13  10.42  24.18  70.05  70.00  20.00  42.05  70.00  70.00  42.05   0.00
16:04:38   4.2   0.0   0.0  95.8   0.0    2    138    498    0    0    0  49.78    0.00  15.14  10.43  24.20  70.05  70.00  20.00  42.05  70.00  70.00  42.05   0.00
16:04:39   4.2   0.0   0.0  95.8   0.0    2    193    554    0    0    0  51.06    0.00  15.41  10.44  25.21  70.05  70.00  20.00  42.05  70.00  70.00  42.05   0.00
16:04:40   4.2   0.0   0.0  95.8   0.0    2    154    508    0    0    0  49.88    0.00  15.19  10.41  24.28  70.05  70.00  20.00  42.05  70.00  70.00  42.05   0.00
16:04:41   4.2   0.0   0.0  95.8   0.0    2    127    520    0    0    0  49.62    0.00  15.10  10.40  24.12  71.05  71.00  20.00  42.05  71.00  70.00  42.05   0.00
16:04:42   4.2   0.0   0.0  95.8   0.0    2    163    528    0    0    0  49.74    0.00  15.12  10.43  24.19  70.05  70.00  20.00  42.05  70.00  70.00  42.05   0.00
16:04:43   4.2   0.0   0.0  95.8   0.0    2    170    528    0    0    0  49.88    0.00  15.19  10.42  24.27  68.05  68.00  20.00  42.05  68.00  70.00  42.05   0.00
16:04:44   4.2   0.0   0.0  95.8   0.0    2    137    490    0    0    0  49.84    0.00  15.18  10.42  24.24  70.05  70.00  20.00  42.05  70.00  70.00  42.05   0.00
-------- ----- ----- ----- ----- ----- ---- ------ ------ ---- ---- ---- ------  ------ ------ ------ ------ ------ ------ ------ ------ ------ ------ ------ ------
 Average   4.1   0.0   0.0  95.9   0.0  2.0  168.8  493.1  0.1  0.0  0.0  49.80    0.00  15.08  10.37  24.35  70.40  70.36  20.00  42.41  70.37  70.89  42.67   0.00
 GeoMean   0.0   0.0   0.0  95.9   0.0  2.0  160.1  487.6  0.0  0.0  0.0  48.62    0.00  14.71   9.96  23.85  70.37  70.32  20.00  42.41  70.33  70.86  42.66   0.00
  StdDev   0.5   0.0   0.0   0.5   0.0  0.2   67.8   61.3  0.8  0.2  0.2   5.29    0.00   1.60   1.14   2.59   2.04   2.05   0.00   0.48   2.07   2.00   0.75   0.00
-------- ----- ----- ----- ----- ----- ---- ------ ------ ---- ---- ---- ------  ------ ------ ------ ------ ------ ------ ------ ------ ------ ------ ------ ------
 Minimum   0.0   0.0   0.0  95.7   0.0  1.0  112.0  116.0  0.0  0.0  0.0   1.93    0.00   0.55   0.08   1.30  54.05  54.00  20.00  42.05  54.00  57.00  42.05   0.00
 Maximum   4.3   0.0   0.1 100.0   0.1  3.0  490.0  699.0 12.0  3.0  3.0  53.32    0.00  15.61  10.78  27.18  74.05  74.00  20.00  43.05  74.00  74.00  44.05   0.00
-------- ----- ----- ----- ----- ----- ---- ------ ------ ---- ---- ---- ------  ------ ------ ------ ------ ------ ------ ------ ------ ------ ------ ------ ------
Summary:
CPU:  49.80 Watts on average with standard deviation 5.29  
Note: power read from RAPL domains: uncore, pkg-0, core, psys.
These readings do not cover all the hardware in this device.

Histogram (of 243 power measurements)

 Range (Watts)  Count
 1.930 -  7.068     3 
 7.069 - 12.207     0 
12.208 - 17.346     0 
17.347 - 22.486     0 
22.487 - 27.625     0 
27.626 - 32.764     0 
32.765 - 37.903     0 
37.904 - 43.042     0 
43.043 - 48.182     0 
48.183 - 53.321   240 ########################################

Histogram (of 243 CPU utilization measurements)

Range (%CPU)  Count
0.042 - 0.470     3 
0.471 - 0.899     0 
0.900 - 1.328     0 
1.329 - 1.757     0 
1.758 - 2.186     0 
2.187 - 2.615     0 
2.616 - 3.044     0 
3.045 - 3.473     0 
3.474 - 3.902     0 
3.903 - 4.331   240 ########################################

Histogram (of 243 thermal zone TCPU readings)

 Range (°C)    Count
54.050 - 56.049     3 #
56.050 - 58.049     0 
58.050 - 60.049     0 
60.050 - 62.049     0 
62.050 - 64.049     0 
64.050 - 66.049     0 
66.050 - 68.049    16 #####
68.050 - 70.049   114 ########################################
70.050 - 72.049    99 ##################################
72.050 - 74.049    11 ###

Histogram (of 243 thermal zone x86_pkg_temp readings)

 Range (°C)    Count
54.000 - 55.999     3 #
56.000 - 57.999     0 
58.000 - 59.999     0 
60.000 - 61.999     0 
62.000 - 63.999     0 
64.000 - 65.999     0 
66.000 - 67.999    16 #####
68.000 - 69.999   114 ########################################
70.000 - 71.999    98 ##################################
72.000 - 73.999    12 ####

Range is zero, cannot produce histogram of thermal zone INT3400 Thermal

Histogram (of 243 thermal zone SEN3 readings)

 Range (°C)    Count
42.050 - 42.149   155 ########################################
42.150 - 42.249     0 
42.250 - 42.349     0 
42.350 - 42.449     0 
42.450 - 42.549     0 
42.550 - 42.649     0 
42.650 - 42.749     0 
42.750 - 42.849     0 
42.850 - 42.949     0 
42.950 - 43.049    88 ######################

Histogram (of 243 thermal zone TCPU_PCI readings)

 Range (°C)    Count
54.000 - 55.999     3 #
56.000 - 57.999     0 
58.000 - 59.999     0 
60.000 - 61.999     0 
62.000 - 63.999     0 
64.000 - 65.999     0 
66.000 - 67.999    16 #####
68.000 - 69.999   113 ########################################
70.000 - 71.999    98 ##################################
72.000 - 73.999    13 ####

Histogram (of 243 thermal zone iwlwifi_1 readings)

 Range (°C)    Count
57.000 - 58.699     1 
58.700 - 60.399     4 #
60.400 - 62.099     0 
62.100 - 63.799     0 
63.800 - 65.499     0 
65.500 - 67.199     0 
67.200 - 68.899     0 
68.900 - 70.599    72 ####################
70.600 - 72.299   140 ########################################
72.300 - 73.999    26 #######

Histogram (of 243 thermal zone acpitz readings)

 Range (°C)    Count
42.050 - 42.249   133 ########################################
42.250 - 42.449     0 
42.450 - 42.649     0 
42.650 - 42.849     0 
42.850 - 43.049    70 #####################
43.050 - 43.249     0 
43.250 - 43.449     0 
43.450 - 43.649     0 
43.650 - 43.849     0 
43.850 - 44.049    40 ############

Range is zero, cannot produce histogram of thermal zone SEN2
