Running for 86400.0 seconds (86400 samples at 1.0 second intervals).
Power measurements will start in 0 seconds time.

  Time    User  Nice   Sys  Idle    IO  Run Ctxt/s  IRQ/s Fork Exec Exit  Watts  uncore  pkg-0   core   psys   TCPU x86_pk INT340   SEN3 TCPU_P iwlwif acpitz   SEN2
16:04:45   0.0   0.0   0.0 100.0   0.0    1    206    308    0    0    0   4.23    0.00   1.13   0.17   2.93  52.05  52.00  20.00  42.05  52.00  70.00  42.05   0.00
16:04:46   0.0   0.0   0.0 100.0   0.0    1    192    115    0    0    0   2.09    0.00   0.58   0.07   1.44  52.05  52.00  20.00  42.05  52.00  62.00  42.05   0.00
16:04:47   0.0   0.0   0.1  99.8   0.1    2    366    197   11    6   10   5.17    0.00   1.41   0.16   3.59  50.05  50.00  20.00  42.05  50.00  62.00  42.05   0.00
16:04:48  14.7   0.0   0.9  84.5   0.0    3  57072   6294   41    0    0  94.04    0.00  27.29  21.79  44.96  68.05  68.00  20.00  42.05  68.00  58.00  42.05   0.00
16:04:49  20.0   0.0   1.1  78.9   0.0    6  59659   6518    9    4    4 107.51    0.00  31.11  25.31  51.10  65.05  65.00  20.00  42.05  65.00  58.00  41.05   0.00
16:04:50  10.1   0.0   1.0  88.9   0.0    2  28276   5904  106    5   64  66.72    0.00  18.17  12.32  36.24  57.05  57.00  20.00  42.05  57.00  67.00  41.05   0.00
16:04:51  22.6   0.0   1.6  75.8   0.0    6  69167  13260   18    0   10  91.22    0.00  26.23  20.44  44.55  62.05  62.00  20.00  42.05  62.00  67.00  41.05   0.00
16:04:52  12.6   0.0   1.1  86.3   0.0    2  70477  12314   67   88   63  77.46    0.00  21.68  15.26  40.52  57.05  57.00  20.00  42.05  57.00  64.00  41.05   0.00
16:04:53  17.4   0.0   0.5  82.2   0.0    5  58124   6095    1    2    4  95.17    0.00  27.56  21.63  45.97  69.05  69.00  20.00  42.05  69.00  64.00  41.05   0.00
16:04:54  62.6   0.0   1.8  35.6   0.0   20  67732  10447   31    0    0 121.44    0.00  36.21  29.99  55.24  60.05  60.00  20.00  42.05  60.00  64.00  41.05   0.00
16:04:55  64.8   0.0   0.9  34.3   0.0   20  33435  12716    0    0    1 100.84    0.00  29.71  23.52  47.62  60.05  60.00  20.00  42.05  60.00  66.00  41.05   0.00
16:04:56  76.6   0.0   0.8  22.6   0.0   23  24407   7744    0    0    1 102.85    0.00  30.39  24.02  48.45  59.05  59.00  20.00  42.05  59.00  61.00  41.05   0.00
16:04:57  72.8   0.0   0.8  26.4   0.0   12  18447   7031    0    0    0  99.26    0.00  29.24  22.88  47.15  61.05  61.00  20.00  41.05  60.00  61.00  41.05   0.00
16:04:58  71.0   0.0   0.6  28.4   0.0   19  13702   6549    0    0    0 103.36    0.00  30.41  23.71  49.24  59.05  59.00  20.00  41.05  59.00  60.00  41.05   0.00
16:04:59  56.8   0.0   0.5  42.7   0.1   19  19589   6477    1    0    0  97.88    0.00  28.57  22.21  47.10  65.05  65.00  20.00  41.05  65.00  60.00  42.05   0.00
16:05:00  39.5   0.0   0.6  59.9   0.0    5  27776   6576    0    0    3 107.58    0.00  31.57  25.47  50.54  69.05  69.00  20.00  41.05  71.00  61.00  42.05   0.00
16:05:01  47.0   0.0   0.5  52.5   0.0   33  20795   6085   12    2    4 108.03    0.00  31.84  25.77  50.42  61.05  61.00  20.00  41.05  61.00  61.00  42.05   0.00
16:05:02  78.4   0.0   0.5  21.1   0.0   28  17133   8218   24    0    0 100.59    0.00  29.71  23.73  47.15  63.05  63.00  20.00  42.05  63.00  73.00  42.05   0.00
16:05:03  98.3   0.0   0.5   1.3   0.0   28   5809   7276    0    0    0 101.46    0.00  30.08  24.07  47.31  60.05  60.00  20.00  42.05  60.00  73.00  42.05   0.00
16:05:04  71.1   0.0   0.5  28.3   0.0   19  26182  45607    2    0    2 100.95    0.00  29.94  23.99  47.02  64.05  64.00  20.00  42.05  64.00  73.00  42.05   0.00
16:05:05  93.3   0.0   0.9   5.8   0.0   28  16795   7416    0    0    2 103.41    0.00  30.60  24.44  48.37  61.05  61.00  20.00  42.05  61.00  61.00  42.05   0.00
16:05:06  93.3   0.0   1.1   5.6   0.0    2  30587   9543    0    0    0 100.01    0.00  29.43  23.08  47.50  59.05  59.00  20.00  42.05  59.00  62.00  42.05   0.00
16:05:07  87.8   0.0   0.5  11.7   0.0   28  13655   8863    0    0    0 102.55    0.00  30.32  23.89  48.34  63.05  63.00  20.00  41.05  63.00  62.00  42.05   0.00
16:05:08  95.8   0.0   1.0   3.2   0.0   23  17634   8645    0    0    0 100.86    0.00  29.78  23.41  47.67  61.05  61.00  20.00  41.05  61.00  62.00  42.05   0.00
16:05:09  95.3   0.0   1.1   3.5   0.0   30  15879   8619    0    0    0 101.12    0.00  29.83  23.43  47.86  61.05  61.00  20.00  41.05  61.00  62.00  42.05   0.00
16:05:10  94.5   0.0   1.1   4.4   0.0   26  24571   9290    0    0    1 100.70    0.00  29.68  23.26  47.76  61.05  61.00  20.00  41.05  61.00  62.00  42.05   0.00
16:05:11  95.8   0.0   0.8   3.4   0.0   28  12152   7835    0    0    0 101.36    0.00  29.90  23.45  48.01  61.05  61.00  20.00  41.05  60.00  62.00  42.05   0.00
16:05:12  91.2   0.0   0.7   8.1   0.0   19  12371   7522    0    0    0 101.45    0.00  29.91  23.60  47.94  61.05  61.00  20.00  42.05  61.00  61.00  42.05   0.00
16:05:13  93.4   0.0   1.3   5.3   0.0   18  12848   7820    0    0    0 100.98    0.00  29.76  23.26  47.97  61.05  61.00  20.00  42.05  61.00  61.00  42.05   0.00
16:05:14  80.9   0.0   1.0  18.0   0.0   26  25865  31181    0    0    0 100.08    0.00  29.44  22.90  47.75  62.05  62.00  20.00  42.05  62.00  61.00  42.05   0.00
16:05:15  96.5   0.0   0.5   3.0   0.0   28   9516   7355    0    0    0 101.10    0.00  29.66  23.04  48.40  61.05  61.00  20.00  42.05  61.00  63.00  42.05   0.00
16:05:16  95.9   0.0   0.5   3.5   0.0   29  10933   7775    0    0    0 101.65    0.00  29.82  23.18  48.65  61.05  61.00  20.00  42.05  61.00  62.00  42.05   0.00
16:05:17  96.2   0.0   0.7   3.2   0.0   26   7496   6870    0    0    0 103.52    0.00  30.51  23.97  49.04  65.05  65.00  20.00  42.05  65.00  62.00  42.05   0.00
16:05:18  95.7   0.0   0.5   3.8   0.0   28  10527   8019    0    0    0 104.61    0.00  30.82  24.22  49.57  65.05  65.00  20.00  42.05  65.00  63.00  42.05   0.00
16:05:19  95.4   0.0   1.2   3.4   0.0   28  10093   7965    0    0    0 105.55    0.00  31.12  24.53  49.90  65.05  65.00  20.00  42.05  65.00  63.00  43.05   0.00
16:05:20  95.3   0.0   0.8   3.9   0.0   26   7697   7357    0    0    0 105.35    0.00  30.96  24.21  50.19  63.05  63.00  20.00  42.05  63.00  64.00  43.05   0.00
16:05:21  78.5   0.0   0.7  20.8   0.0   28  17332  19630    0    0    1  95.26    0.00  28.05  21.71  45.50  63.05  63.00  20.00  42.05  63.00  64.00  43.05   0.00
16:05:22  92.6   0.0   1.8   5.7   0.0   26  46032  10384    0    0    0 104.19    0.00  30.61  24.01  49.56  65.05  65.00  20.00  42.05  65.00  63.00  43.05   0.00
16:05:23  96.0   0.0   0.7   3.3   0.0   26   7554   7241    0    0    1 109.33    0.00  31.75  25.00  52.59  63.05  63.00  20.00  42.05  63.00  63.00  43.05   0.00
16:05:24  96.2   0.0   0.7   3.1   0.0   28   7181   7266    0    0    1 109.27    0.00  31.73  24.99  52.54  64.05  64.00  20.00  42.05  64.00  63.00  43.05   0.00
16:05:25  46.0   0.0   0.5  53.5   0.0    5  10066   4614    0    0    0  85.33    0.00  24.32  18.14  42.87  69.05  69.00  20.00  42.05  69.00  65.00  43.05   0.00
16:05:26  14.8   0.0   0.4  84.9   0.0    2   3094   1561    0    0    0  72.79    0.00  20.75  14.98  37.06  58.05  58.00  20.00  42.05  58.00  67.00  43.05   0.00
16:05:27  14.2   0.0   0.4  85.4   0.0    4   8168   2402    2    0    2  72.06    0.00  20.65  14.92  36.49  63.05  63.00  20.00  42.05  63.00  67.00  43.05   0.00
16:05:28  12.7   0.0   0.1  87.2   0.0    3   6107   1708    0    0    1  64.37    0.00  18.63  13.06  32.68  62.05  62.00  20.00  42.05  62.00  67.00  43.05   0.00
16:05:29   4.6   0.0   0.0  95.4   0.0    2    335    666    0    0    0  34.89    0.00  10.42   5.38  19.09  58.05  58.00  20.00  42.05  58.00  67.00  43.05   0.00
16:05:30   4.2   0.0   0.0  95.8   0.0    2    317    614    0    0    0  35.71    0.00  10.42   5.05  20.25  58.05  58.00  20.00  42.05  58.00  67.00  43.05   0.00
16:05:31   4.2   0.0   0.0  95.7   0.0    2    420    706    0    0    4  34.85    0.00  10.26   5.07  19.53  57.05  57.00  20.00  42.05  57.00  58.00  43.05   0.00
16:05:32  30.2   0.0   0.3  69.4   0.0    3   3769  25511    0    0    0  74.11    0.00  22.08  16.48  35.55  59.05  59.00  20.00  42.05  59.00  58.00  43.05   0.00
16:05:33   8.9   0.0   0.3  90.8   0.0    4   1138   1354    2    0    2  44.75    0.00  13.01   7.60  24.14  58.05  58.00  20.00  42.05  58.00  58.00  43.05   0.00
16:05:34   9.6   0.0   0.2  90.2   0.0    2   1740   1392    1    0    1  46.64    0.00  13.39   8.03  25.21  57.05  57.00  20.00  42.05  57.00  58.00  43.05   0.00
16:05:35   4.4   0.0   0.0  95.6   0.0    2    476    656    0    0    2  34.00    0.00  10.15   5.13  18.72  55.05  55.00  20.00  42.05  55.00  58.00  43.05   0.00
16:05:36   4.7   0.0   0.0  95.2   0.0    2    462    652    0    0    0  37.51    0.00  10.90   5.73  20.88  57.05  57.00  20.00  42.05  57.00  62.00  43.05   0.00
16:05:37   5.0   0.0   0.1  94.9   0.0    2   3749   1083    0    0    1  36.80    0.00  10.91   5.84  20.05  56.05  56.00  20.00  42.05  57.00  58.00  43.05   0.00
16:05:38   5.4   0.0   0.1  94.5   0.0    3   1095   1099    5    0    0  40.79    0.00  11.91   6.82  22.06  65.05  65.00  20.00  42.05  66.00  58.00  43.05   0.00
16:05:39   5.1   0.0   0.8  94.0   0.0    1   2910   1858    6    4   47  41.55    0.00  11.92   7.50  22.13  55.05  55.00  20.00  42.05  55.00  57.00  43.05   0.00
-------- ----- ----- ----- ----- ----- ---- ------ ------ ---- ---- ---- ------  ------ ------ ------ ------ ------ ------ ------ ------ ------ ------ ------ ------
 Average  52.2   0.0   0.6  47.2   0.0 14.4 17802.0 7603.7  6.2  2.0  4.2  81.75    0.00  23.93  18.18  39.64  60.89  60.84  20.00  41.87  60.87  62.84  42.25   0.00
 GeoMean   0.0   0.0   0.0  24.0   0.0  8.3 7833.5 4407.6  0.0  0.0  0.0  68.33    0.00  19.90  13.15  34.27  60.75  60.70  20.00  41.87  60.73  62.72  42.24   0.00
  StdDev  38.5   0.0   0.4  38.7   0.0 11.5 18961.7 7741.3 17.9 11.8 13.2  31.21    0.00   9.23   8.19  13.87   4.07   4.07   0.00   0.39   4.16   3.81   0.72   0.00
-------- ----- ----- ----- ----- ----- ---- ------ ------ ---- ---- ---- ------  ------ ------ ------ ------ ------ ------ ------ ------ ------ ------ ------ ------
 Minimum   0.0   0.0   0.0   1.3   0.0  1.0  192.0  115.0  0.0  0.0  0.0   2.09    0.00   0.58   0.07   1.44  50.05  50.00  20.00  41.05  50.00  57.00  41.05   0.00
 Maximum  98.3   0.0   1.8 100.0   0.1 33.0 70477.0 45607.0 106.0 88.0 64.0 121.44    0.00  36.21  29.99  55.24  69.05  69.00  20.00  42.05  71.00  73.00  43.05   0.00
-------- ----- ----- ----- ----- ----- ---- ------ ------ ---- ---- ---- ------  ------ ------ ------ ------ ------ ------ ------ ------ ------ ------ ------ ------
Summary:
CPU:  81.75 Watts on average with standard deviation 31.21 
Note: power read from RAPL domains: uncore, pkg-0, core, psys.
These readings do not cover all the hardware in this device.

Histogram (of 55 power measurements)

  Range (Watts)   Count
  2.088 -  14.023     3 ####
 14.024 -  25.958     0 
 25.959 -  37.894     6 ########
 37.895 -  49.829     4 #####
 49.830 -  61.765     0 
 61.766 -  73.700     4 #####
 73.701 -  85.636     3 ####
 85.637 -  97.571     4 #####
 97.572 - 109.507    30 ########################################
109.508 - 121.442     1 #

Histogram (of 55 CPU utilization measurements)

 Range (%CPU)   Count
 0.000 -  9.873    13 ############################
 9.874 - 19.748     7 ###############
19.749 - 29.622     2 ####
29.623 - 39.497     1 ##
39.498 - 49.371     3 ######
49.372 - 59.245     1 ##
59.246 - 69.120     2 ####
69.121 - 78.994     5 ###########
78.995 - 88.868     3 ######
88.869 - 98.743    18 ########################################

Histogram (of 55 thermal zone TCPU readings)

 Range (°C)    Count
50.050 - 51.949     1 ##
51.950 - 53.849     2 #####
53.850 - 55.749     2 #####
55.750 - 57.649     6 #################
57.650 - 59.549     8 ######################
59.550 - 61.449    14 ########################################
61.450 - 63.349     9 #########################
63.350 - 65.249     9 #########################
65.250 - 67.149     0 
67.150 - 69.049     4 ###########

Histogram (of 55 thermal zone x86_pkg_temp readings)

 Range (°C)    Count
50.000 - 51.899     1 ##
51.900 - 53.799     2 #####
53.800 - 55.699     2 #####
55.700 - 57.599     6 #################
57.600 - 59.499     8 ######################
59.500 - 61.399    14 ########################################
61.400 - 63.299     9 #########################
63.300 - 65.199     9 #########################
65.200 - 67.099     0 
67.100 - 68.999     4 ###########

Range is zero, cannot produce histogram of thermal zone INT3400 Thermal

Histogram (of 55 thermal zone SEN3 readings)

 Range (°C)    Count
41.050 - 41.149    10 ########
41.150 - 41.249     0 
41.250 - 41.349     0 
41.350 - 41.449     0 
41.450 - 41.549     0 
41.550 - 41.649     0 
41.650 - 41.749     0 
41.750 - 41.849     0 
41.850 - 41.949     0 
41.950 - 42.049    45 ########################################

Histogram (of 55 thermal zone TCPU_PCI readings)

 Range (°C)    Count
50.000 - 52.099     3 ##########
52.100 - 54.199     0 
54.200 - 56.299     2 ######
56.300 - 58.399    10 #################################
58.400 - 60.499     9 ##############################
60.500 - 62.599    12 ########################################
62.600 - 64.699     8 ##########################
64.700 - 66.799     7 #######################
66.800 - 68.899     1 ###
68.900 - 70.999     3 ##########

Histogram (of 55 thermal zone iwlwifi_1 readings)

 Range (°C)    Count
57.000 - 58.599    10 #######################
58.600 - 60.199     2 ####
60.200 - 61.799     8 ##################
61.800 - 63.399    17 ########################################
63.400 - 64.999     6 ##############
65.000 - 66.599     1 ##
66.600 - 68.199     7 ################
68.200 - 69.799     0 
69.800 - 71.399     1 ##
71.400 - 72.999     3 #######

Histogram (of 55 thermal zone acpitz readings)

 Range (°C)    Count
41.050 - 41.249    10 ################
41.250 - 41.449     0 
41.450 - 41.649     0 
41.650 - 41.849     0 
41.850 - 42.049    24 ########################################
42.050 - 42.249     0 
42.250 - 42.449     0 
42.450 - 42.649     0 
42.650 - 42.849     0 
42.850 - 43.049    21 ###################################

Range is zero, cannot produce histogram of thermal zone SEN2
