Running for 86400.0 seconds (86400 samples at 1.0 second intervals).
Power measurements will start in 0 seconds time.

  Time    User  Nice   Sys  Idle    IO  Run Ctxt/s  IRQ/s Fork Exec Exit  Watts  uncore  pkg-0   core   psys   TCPU x86_pk   SEN2 INT340 TCPU_P iwlwif acpitz   SEN3
22:46:56   0.0   0.0   0.1  99.9   0.0    1    492    382    0    0    0   4.71    0.00   1.18   0.17   3.35  48.05  48.00  40.05  20.00  48.00  53.00  39.05   0.00
22:46:57   0.0   0.0   0.0 100.0   0.0    1    204    107    0    0    0   2.25    0.00   0.59   0.07   1.59  49.05  49.00  40.05  20.00  49.00  53.00  39.05   0.00
22:46:58   0.0   0.0   0.1  99.9   0.0    3    251    155    3    3    3   5.34    0.00   1.38   0.12   3.84  49.05  49.00  40.05  20.00  49.00  53.00  39.05   0.00
22:46:59  17.9   0.0   1.0  81.1   0.0    5  42507   5947   49    3    5  94.03    0.00  26.99  21.23  45.81  62.05  62.00  40.05  20.00  62.00  52.00  39.05   0.00
22:47:00  19.2   0.0   0.7  80.2   0.0    2  36074   5616   52    7   28  96.31    0.00  27.70  21.87  46.75  54.05  54.00  40.05  20.00  54.00  62.00  39.05   0.00
22:47:01  13.1   0.0   1.4  85.4   0.0   12  44866   9434   71    2   42  78.41    0.00  22.21  16.52  39.69  69.05  69.00  40.05  20.00  69.00  62.00  39.05   0.00
22:47:02  20.9   0.0   1.3  77.7   0.0    2  64954  13913    4    0    8  84.67    0.00  24.39  18.88  41.40  53.05  53.00  40.05  20.00  53.00  55.00  39.05   0.00
22:47:03  10.6   0.0   1.0  88.4   0.0    4  24720   4631   68   90   67  80.56    0.00  22.36  15.78  42.42  56.05  56.00  39.05  20.00  56.00  55.00  39.05   0.00
22:47:04  17.1   0.0   0.5  82.4   0.0    6  35181   4280   14    0    0 108.70    0.00  31.73  26.14  50.83  54.05  54.00  39.05  20.00  54.00  58.00  39.05   0.00
22:47:05  70.9   0.0   1.8  27.3   0.0   20  70494  16821   19    0    1 114.11    0.00  33.68  27.56  52.86  60.05  60.00  39.05  20.00  60.00  58.00  39.05   0.00
22:47:06  79.7   0.0   0.5  19.7   0.0    2  21566   7456    0    0    2 104.00    0.00  30.32  23.89  49.79  57.05  57.00  39.05  20.00  57.00  60.00  39.05   0.00
22:47:07  72.2   0.0   0.8  27.0   0.0    2  28398   8063    0    0    0 101.33    0.00  29.56  23.30  48.47  58.05  58.00  39.05  20.00  58.00  60.00  39.05   0.00
22:47:08  67.6   0.0   0.8  31.6   0.0   20  33894   8561    0    0    0 102.42    0.00  29.94  23.57  48.90  60.05  60.00  40.05  20.00  60.00  60.00  39.05   0.00
22:47:09  43.5   0.0   0.5  56.0   0.0    5  18735   5315    1    0    1 100.43    0.00  29.16  23.16  48.11  71.05  71.00  40.05  20.00  71.00  59.00  39.05   0.00
22:47:10  37.0   0.0   0.5  62.5   0.0    5  20965   4936    0    0    3 105.75    0.00  30.71  24.67  50.38  67.05  67.00  40.05  20.00  67.00  68.00  39.05   0.00
22:47:11  64.2   0.0   1.3  34.5   0.0   30  27759   8636   33    0    0 107.67    0.00  31.47  25.24  50.97  61.05  61.00  40.05  20.00  61.00  68.00  39.05   0.00
22:47:12  98.5   0.0   0.6   0.9   0.0   28   7669   8047    0    0    0 102.21    0.00  30.03  24.09  48.09  59.05  59.00  40.05  20.00  59.00  63.00  39.05   0.00
22:47:13  67.3   0.0   0.8  31.9   0.0    5  18515  39906    0    0    0  99.82    0.00  29.26  23.29  47.26  58.05  58.00  40.05  20.00  58.00  63.00  39.05   0.00
22:47:14  32.8   0.0   0.6  66.6   0.0   27  58823   7999    0    0    0 107.86    0.00  31.29  25.24  51.34  58.05  58.00  40.05  20.00  58.00  60.00  39.05   0.00
22:47:15  95.8   0.0   0.9   3.4   0.0   33  12183   7847    0    0    0 101.92    0.00  29.80  23.62  48.50  58.05  58.00  40.05  20.00  58.00  60.00  39.05   0.00
22:47:16  86.6   0.0   0.8  12.6   0.0   29  13968   8423    0    0    0 101.80    0.00  29.73  23.36  48.71  58.05  58.00  40.05  20.00  58.00  59.00  39.05   0.00
22:47:17  96.4   0.0   0.5   3.1   0.0   33  16392   9162    0    0    0 101.93    0.00  29.79  23.54  48.60  58.05  58.00  40.05  20.00  58.00  59.00  39.05   0.00
22:47:18  97.3   0.0   0.3   2.3   0.0   28  13995   8604    0    0    0 102.28    0.00  29.92  23.68  48.68  58.05  58.00  40.05  20.00  58.00  59.00  39.05   0.00
22:47:19  96.9   0.0   0.5   2.7   0.0   29  11267   7951    0    0    0 102.42    0.00  29.95  23.70  48.77  59.05  59.00  40.05  20.00  59.00  59.00  39.05   0.00
22:47:20  95.7   0.0   0.8   3.5   0.0   18  14064   8150    0    0    0 101.76    0.00  29.73  23.45  48.58  59.05  59.00  40.05  20.00  59.00  59.00  39.05   0.00
22:47:21  95.3   0.0   0.5   4.3   0.0   28  11486   7728    0    0    0 101.71    0.00  29.72  23.46  48.54  59.05  59.00  40.05  20.00  59.00  59.00  39.05   0.00
22:47:22  78.5   0.0   0.5  21.0   0.0    5  11187   7192    0    0    0  95.16    0.00  27.74  21.59  45.84  67.05  67.00  40.05  20.00  67.00  60.00  39.05   0.00
22:47:23  21.0   0.0   0.4  78.6   0.0    3  11758  22175    1    0    0  95.88    0.00  27.44  21.54  46.90  61.05  61.00  40.05  20.00  61.00  60.00  39.05   0.00
22:47:24  12.4   0.0   0.1  87.6   0.0    5  10441   2158    1    0    1  67.85    0.00  18.77  13.23  35.84  57.05  57.00  40.05  20.00  57.00  67.00  39.05   0.00
22:47:25  12.7   0.0   0.2  87.0   0.0    5   8212   2075    0    0    1  60.78    0.00  16.49  10.66  33.63  62.05  62.00  40.05  20.00  62.00  67.00  39.05   0.00
-------- ----- ----- ----- ----- ----- ---- ------ ------ ---- ---- ---- ------  ------ ------ ------ ------ ------ ------ ------ ------ ------ ------ ------ ------
 Average  50.7   0.0   0.7  48.6   0.0 13.2 23034.0 8389.0 10.5  3.5  5.4  87.80    0.00  25.43  19.89  42.48  58.68  58.63  39.88  20.00  58.63  59.67  39.05   0.00
 GeoMean   0.0   0.0   0.0  26.5   0.0  7.7 13613.7 5293.9  0.0  0.0  0.0  69.71    0.00  19.92  12.80  35.12  58.45  58.40  39.88  20.00  58.40  59.52  39.05   0.00
  StdDev  35.8   0.0   0.4  35.9   0.0 11.8 18064.3 7384.0 20.9 16.1 14.5  30.20    0.00   8.94   7.52  13.85   5.25   5.25   0.37   0.00   5.25   4.18   0.00   0.00
-------- ----- ----- ----- ----- ----- ---- ------ ------ ---- ---- ---- ------  ------ ------ ------ ------ ------ ------ ------ ------ ------ ------ ------ ------
 Minimum   0.0   0.0   0.0   0.9   0.0  1.0  204.0  107.0  0.0  0.0  0.0   2.25    0.00   0.59   0.07   1.59  48.05  48.00  39.05  20.00  48.00  52.00  39.05   0.00
 Maximum  98.5   0.0   1.8 100.0   0.0 33.0 70494.0 39906.0 71.0 90.0 67.0 114.11    0.00  33.68  27.56  52.86  71.05  71.00  40.05  20.00  71.00  68.00  39.05   0.00
-------- ----- ----- ----- ----- ----- ---- ------ ------ ---- ---- ---- ------  ------ ------ ------ ------ ------ ------ ------ ------ ------ ------ ------ ------
Summary:
CPU:  87.80 Watts on average with standard deviation 30.20 
Note: power read from RAPL domains: uncore, pkg-0, core, psys.
These readings do not cover all the hardware in this device.

Histogram (of 30 power measurements)

  Range (Watts)   Count
  2.247 -  13.432     3 #######
 13.433 -  24.618     0 
 24.619 -  35.804     0 
 35.805 -  46.991     0 
 46.992 -  58.177     0 
 58.178 -  69.363     2 #####
 69.364 -  80.550     1 ##
 80.551 -  91.736     2 #####
 91.737 - 102.922    16 ########################################
102.923 - 114.108     6 ###############

Histogram (of 30 CPU utilization measurements)

 Range (%CPU)   Count
 0.000 -  9.912     3 #################
 9.913 - 19.824     6 ##################################
19.825 - 29.737     3 #################
29.738 - 39.650     2 ###########
39.651 - 49.562     1 #####
49.563 - 59.475     0 
59.476 - 69.388     3 #################
69.389 - 79.300     3 #################
79.301 - 89.213     2 ###########
89.214 - 99.126     7 ########################################

Histogram (of 30 thermal zone TCPU readings)

 Range (°C)    Count
48.050 - 50.349     3 ##########
50.350 - 52.649     0 
52.650 - 54.949     3 ##########
54.950 - 57.249     3 ##########
57.250 - 59.549    11 ########################################
59.550 - 61.849     4 ##############
61.850 - 64.149     2 #######
64.150 - 66.449     0 
66.450 - 68.749     2 #######
68.750 - 71.049     2 #######

Histogram (of 30 thermal zone x86_pkg_temp readings)

 Range (°C)    Count
48.000 - 50.299     3 ##########
50.300 - 52.599     0 
52.600 - 54.899     3 ##########
54.900 - 57.199     3 ##########
57.200 - 59.499    11 ########################################
59.500 - 61.799     4 ##############
61.800 - 64.099     2 #######
64.100 - 66.399     0 
66.400 - 68.699     2 #######
68.700 - 70.999     2 #######

Histogram (of 30 thermal zone SEN2 readings)

 Range (°C)    Count
39.050 - 39.149     5 ########
39.150 - 39.249     0 
39.250 - 39.349     0 
39.350 - 39.449     0 
39.450 - 39.549     0 
39.550 - 39.649     0 
39.650 - 39.749     0 
39.750 - 39.849     0 
39.850 - 39.949     0 
39.950 - 40.049    25 ########################################

Range is zero, cannot produce histogram of thermal zone INT3400 Thermal

Histogram (of 30 thermal zone TCPU_PCI readings)

 Range (°C)    Count
48.000 - 50.299     3 ##########
50.300 - 52.599     0 
52.600 - 54.899     3 ##########
54.900 - 57.199     3 ##########
57.200 - 59.499    11 ########################################
59.500 - 61.799     4 ##############
61.800 - 64.099     2 #######
64.100 - 66.399     0 
66.400 - 68.699     2 #######
68.700 - 70.999     2 #######

Histogram (of 30 thermal zone iwlwifi_1 readings)

 Range (°C)    Count
52.000 - 53.599     4 ###########
53.600 - 55.199     2 #####
55.200 - 56.799     0 
56.800 - 58.399     2 #####
58.400 - 59.999    14 ########################################
60.000 - 61.599     0 
61.600 - 63.199     4 ###########
63.200 - 64.799     0 
64.800 - 66.399     0 
66.400 - 67.999     4 ###########

Range is zero, cannot produce histogram of thermal zone acpitz

Range is zero, cannot produce histogram of thermal zone SEN3
