Running for 86400.0 seconds (86400 samples at 1.0 second intervals).
Power measurements will start in 0 seconds time.

  Time    User  Nice   Sys  Idle    IO  Run Ctxt/s  IRQ/s Fork Exec Exit  Watts  uncore  pkg-0   core   psys   TCPU x86_pk INT340   SEN3 TCPU_P iwlwif acpitz   SEN2
21:22:01   0.0   0.0   0.0  99.9   0.0    1    288    338    0    0    0  10.08    0.00   2.27   0.22   7.59  58.05  58.00  20.00  46.05  59.00  66.00  48.05   0.00
21:22:02   0.0   0.0   0.0  99.9   0.0    1    249    136    0    0    0   8.17    0.00   1.73   0.07   6.37  58.05  58.00  20.00  46.05  58.00  66.00  48.05   0.00
21:22:03   0.2   0.0   0.2  99.6   0.0    2    439    218   14    6    8  10.66    0.00   2.36   0.21   8.09  57.05  57.00  20.00  46.05  57.00  66.00  48.05   0.00
21:22:04  12.9   0.0   0.9  86.3   0.0    6  38535   5137   34    0    0  83.33    0.00  22.75  16.83  43.75  75.05  75.00  20.00  46.05  75.00  60.00  48.05   0.00
21:22:05  15.9   0.0   0.9  83.2   0.0    2  22523   4423   52    8   24  92.45    0.00  25.31  18.79  48.34  65.05  65.00  20.00  46.05  65.00  73.00  48.05   0.00
21:22:06  24.2   0.0   1.8  73.9   0.0    3  70243  15439   50    1   29 107.50    0.00  30.44  23.99  53.06  68.05  68.00  20.00  46.05  68.00  73.00  48.05   0.00
21:22:07  16.2   0.0   1.0  82.8   0.0    5  61630  11210   48   58   43  92.22    0.00  25.26  18.46  48.50  62.05  62.00  20.00  46.05  62.00  72.00  48.05   0.00
21:22:08  31.0   0.0   1.1  67.9   0.0   21  60267   7294   44   16   12 118.36    0.00  33.70  27.11  57.56  65.05  65.00  20.00  46.05  65.00  72.00  48.05   0.00
21:22:09  75.3   0.0   1.8  22.9   0.0   18  43943  15069    0    0    0 106.14    0.00  30.05  23.25  52.84  65.05  65.00  20.00  46.05  65.00  67.00  48.05   0.00
21:22:10  68.5   0.0   0.7  30.8   0.0   21  23115   7180    0    0    3 106.89    0.00  30.37  23.62  52.90  66.05  66.00  20.00  46.05  66.00  67.00  48.05   0.00
21:22:11  73.7   0.0   0.9  25.4   0.0   19  17882   7182    0    0    1 102.94    0.00  29.39  22.52  51.03  66.05  66.00  20.00  46.05  66.00  66.00  48.05   0.00
21:22:12  74.5   0.0   0.8  24.7   0.0   14  26745   8087    0    0    0 105.41    0.00  30.03  22.94  52.43  63.05  63.00  20.00  46.05  63.00  66.00  48.05   0.00
21:22:13  45.8   0.0   0.8  53.4   0.0   19  20527   5778    1    0    1 104.99    0.00  29.88  23.27  51.84  76.05  76.00  20.00  46.05  77.00  66.00  48.05   0.00
21:22:14  37.6   0.0   0.3  62.2   0.0    5  16203   4647    0    0    0 102.55    0.00  29.15  22.80  50.60  80.05  80.00  20.00  46.05  80.00  66.00  48.05   0.00
21:22:15  12.9   0.0   0.3  86.7   0.0    2   6332   2206    1    0    2  86.52    0.00  24.19  18.16  44.17  63.05  63.00  20.00  46.05  63.00  72.00  48.05   0.00
21:22:16  47.1   0.0   0.8  52.0   0.0   26  21562   6400   11    0    2 105.18    0.00  30.06  23.33  51.79  65.05  65.00  20.00  46.05  65.00  72.00  48.05   0.00
21:22:17  75.6   0.0   0.7  23.7   0.0   28  17329   7762   24    0    0 104.58    0.00  29.87  23.43  51.28  64.05  64.00  20.00  46.05  64.00  70.00  48.05   0.00
21:22:18  86.4   0.0   0.9  12.7   0.0   28  18527  44393    0    0    0 105.66    0.00  30.39  23.90  51.38  66.05  66.00  20.00  46.05  66.00  70.00  48.05   0.00
21:22:19  97.5   0.0   0.5   2.0   0.0   28   6041   7242    0    0    0 107.56    0.00  30.88  24.29  52.40  64.05  64.00  20.00  46.05  64.00  66.00  48.05   0.00
21:22:20  74.7   0.0   0.4  24.9   0.0    6   8941   6372    0    0    1  98.13    0.00  28.09  21.64  48.40  65.05  64.00  20.00  46.05  64.00  66.00  48.05   0.00
21:22:21  86.9   0.0   1.0  12.1   0.0   26  30491   8861    1    0    0 106.66    0.00  30.68  24.10  51.89  65.05  65.00  20.00  46.05  65.00  66.00  48.05   0.00
21:22:22  96.0   0.0   0.4   3.6   0.0   24  11879   7344    0    0    0 104.36    0.00  29.92  23.12  51.33  65.05  65.00  20.00  46.05  65.00  66.00  48.05   0.00
21:22:23  83.5   0.0   1.0  15.5   0.0   29  25915   8351    0    0    0 105.00    0.00  30.06  23.15  51.79  65.05  65.00  20.00  46.05  65.00  66.00  48.05   0.00
21:22:24  96.0   0.0   1.0   3.0   0.0   28  10874   7732    0    0    0 104.47    0.00  29.93  23.11  51.43  65.05  65.00  20.00  46.05  65.00  67.00  48.05   0.00
21:22:25  96.1   0.0   0.7   3.2   0.0   28  12039   7986    0    0    0 103.84    0.00  29.71  22.85  51.27  64.05  64.00  20.00  46.05  64.00  67.00  48.05   0.00
21:22:26  95.4   0.0   1.0   3.6   0.0   31  14457   7932    0    0    0 103.90    0.00  29.73  22.88  51.28  67.05  67.00  20.00  46.05  67.00  66.00  48.05   0.00
21:22:27  95.4   0.0   0.5   4.1   0.0   28  11828   7531    0    0    0 105.11    0.00  29.92  22.85  52.35  65.05  65.00  20.00  46.05  65.00  66.00  48.05   0.00
21:22:28  95.4   0.0   0.5   4.1   0.0   28  11614   7615    0    0    0 105.42    0.00  30.18  23.23  52.01  65.05  65.00  20.00  46.05  65.00  66.00  48.05   0.00
21:22:29  94.5   0.0   0.7   4.8   0.0   28   9899   7120    0    0    0 103.59    0.00  29.61  22.72  51.27  65.05  65.00  20.00  46.05  65.00  66.00  48.05   0.00
21:22:30  94.5   0.0   0.8   4.7   0.0   28   9806   7107    0    0    0 102.53    0.00  29.27  22.43  50.83  65.05  65.00  20.00  46.05  65.00  66.00  48.05   0.00
21:22:31  84.5   0.0   0.5  14.9   0.0   28  13834  14702    0    0    0 103.76    0.00  29.65  22.63  51.48  65.05  65.00  20.00  46.05  65.00  66.00  48.05   0.00
21:22:32  96.0   0.0   0.7   3.3   0.0   27   8710   7228    0    0    1 104.15    0.00  29.81  22.94  51.41  65.05  65.00  20.00  46.05  65.00  66.00  48.05   0.00
21:22:33  94.9   0.0   0.8   4.3   0.0    3  13929   7859    0    0    0 104.62    0.00  29.80  22.73  52.09  66.05  66.00  20.00  46.05  66.00  66.00  48.05   0.00
21:22:34  91.1   0.0   0.6   8.3   0.0    8  12537   7774    0    0    0 102.65    0.00  29.32  22.42  50.91  64.05  64.00  20.00  46.05  64.00  66.00  48.05   0.00
21:22:35  17.7   0.0   0.1  82.2   0.0    5   7361   3095    0    0    2  86.75    0.00  24.03  17.87  44.85  80.05  80.00  20.00  46.05  80.00  66.00  48.05   0.00
21:22:36  17.6   0.0   0.1  82.3   0.0    5   3963   1939    2    0    5  88.65    0.00  24.53  18.31  45.81  82.05  82.00  20.00  46.05  82.00  82.00  48.05   0.00
21:22:37  14.3   0.0   0.2  85.6   0.0    5   3169   1804    1    0    1  67.83    0.00  18.33  12.30  37.20  70.05  70.00  20.00  46.05  70.00  82.00  48.05   0.00
21:22:38   7.4   0.0   0.5  92.1   0.0    2   4013   2465    7    4  111  44.89    0.00  11.84   6.79  26.26  68.05  68.00  20.00  46.05  68.00  73.00  48.05   0.00
-------- ----- ----- ----- ----- ----- ---- ------ ------ ---- ---- ---- ------  ------ ------ ------ ------ ------ ------ ------ ------ ------ ------ ------ ------
 Average  58.6   0.0   0.7  40.7   0.0 16.2 18358.9 7656.8  7.6  2.4  6.5  92.30    0.00  26.12  19.88  46.31  66.42  66.34  20.00  46.05  66.39  68.18  48.05   0.00
 GeoMean   0.0   0.0   0.5  21.2   0.0 10.5 11086.8 5185.9  0.0  0.0  0.0  81.74    0.00  22.65  14.27  42.39  66.21  66.13  20.00  46.05  66.18  68.06  48.05   0.00
  StdDev  35.9   0.0   0.4  36.1   0.0 11.2 16540.5 7022.2 15.7  9.6 19.4  27.22    0.00   8.02   6.77  12.50   5.44   5.44   0.00   0.00   5.46   4.27   0.00   0.00
-------- ----- ----- ----- ----- ----- ---- ------ ------ ---- ---- ---- ------  ------ ------ ------ ------ ------ ------ ------ ------ ------ ------ ------ ------
 Minimum   0.0   0.0   0.0   2.0   0.0  1.0  249.0  136.0  0.0  0.0  0.0   8.17    0.00   1.73   0.07   6.37  57.05  57.00  20.00  46.05  57.00  60.00  48.05   0.00
 Maximum  97.5   0.0   1.8  99.9   0.0 31.0 70243.0 44393.0 52.0 58.0 111.0 118.36    0.00  33.70  27.11  57.56  82.05  82.00  20.00  46.05  82.00  82.00  48.05   0.00
-------- ----- ----- ----- ----- ----- ---- ------ ------ ---- ---- ---- ------  ------ ------ ------ ------ ------ ------ ------ ------ ------ ------ ------ ------
Summary:
CPU:  92.30 Watts on average with standard deviation 27.22 
Note: power read from RAPL domains: uncore, pkg-0, core, psys.
These readings do not cover all the hardware in this device.

Histogram (of 38 power measurements)

  Range (Watts)   Count
  8.172 -  19.189     3 #####
 19.190 -  30.208     0 
 30.209 -  41.227     0 
 41.228 -  52.245     1 #
 52.246 -  63.264     0 
 63.265 -  74.283     1 #
 74.284 -  85.301     1 #
 85.302 -  96.320     5 ########
 96.321 - 107.339    24 ########################################
107.340 - 118.357     3 #####

Histogram (of 38 CPU utilization measurements)

 Range (%CPU)   Count
 0.083 -  9.874     4 #############
 9.875 - 19.666     7 #######################
19.667 - 29.457     1 ###
29.458 - 39.249     2 ######
39.250 - 49.041     2 ######
49.042 - 58.832     0 
58.833 - 68.624     0 
68.625 - 78.416     6 ####################
78.417 - 88.207     4 #############
88.208 - 97.999    12 ########################################

Histogram (of 38 thermal zone TCPU readings)

 Range (째C)    Count
57.050 - 59.549     3 ######
59.550 - 62.049     1 ##
62.050 - 64.549     6 ############
64.550 - 67.049    20 ########################################
67.050 - 69.549     2 ####
69.550 - 72.049     1 ##
72.050 - 74.549     0 
74.550 - 77.049     2 ####
77.050 - 79.549     0 
79.550 - 82.049     3 ######

Histogram (of 38 thermal zone x86_pkg_temp readings)

 Range (째C)    Count
57.000 - 59.499     3 ######
59.500 - 61.999     1 ##
62.000 - 64.499     7 ##############
64.500 - 66.999    19 ########################################
67.000 - 69.499     2 ####
69.500 - 71.999     1 ##
72.000 - 74.499     0 
74.500 - 76.999     2 ####
77.000 - 79.499     0 
79.500 - 81.999     3 ######

Range is zero, cannot produce histogram of thermal zone INT3400 Thermal

Range is zero, cannot produce histogram of thermal zone SEN3

Histogram (of 38 thermal zone TCPU_PCI readings)

 Range (째C)    Count
57.000 - 59.499     3 ######
59.500 - 61.999     1 ##
62.000 - 64.499     7 ##############
64.500 - 66.999    19 ########################################
67.000 - 69.499     2 ####
69.500 - 71.999     1 ##
72.000 - 74.499     0 
74.500 - 76.999     2 ####
77.000 - 79.499     0 
79.500 - 81.999     3 ######

Histogram (of 38 thermal zone iwlwifi_1 readings)

 Range (째C)    Count
60.000 - 62.199     1 #
62.200 - 64.399     0 
64.400 - 66.599    22 ########################################
66.600 - 68.799     4 #######
68.800 - 70.999     2 ###
71.000 - 73.199     7 ############
73.200 - 75.399     0 
75.400 - 77.599     0 
77.600 - 79.799     0 
79.800 - 81.999     2 ###

Range is zero, cannot produce histogram of thermal zone acpitz

Range is zero, cannot produce histogram of thermal zone SEN2
