Running for 86400.0 seconds (86400 samples at 1.0 second intervals).
Power measurements will start in 0 seconds time.

  Time    User  Nice   Sys  Idle    IO  Run Ctxt/s  IRQ/s Fork Exec Exit  Watts  uncore  pkg-0   core   psys   TCPU x86_pk INT340   SEN3 TCPU_P iwlwif acpitz   SEN2
23:35:58   0.0   0.0   0.0 100.0   0.0    1    183    322    0    0    0   4.69    0.00   1.24   0.19   3.26  51.05  51.00  20.00  41.05  51.00  69.00  41.05   0.00
23:35:59   0.0   0.0   0.0 100.0   0.0    1    158     84    0    0    0   1.79    0.00   0.50   0.07   1.22  51.05  51.00  20.00  41.05  51.00  63.00  41.05   0.00
23:36:00   0.1   0.0   0.1  99.8   0.0    2    388    202   12    6    8   5.71    0.00   1.58   0.19   3.94  49.05  49.00  20.00  41.05  49.00  63.00  41.05   0.00
23:36:01  16.7   0.0   1.0  82.2   0.0    9  48965   6362   40    0    0 107.59    0.00  31.71  26.26  49.61  71.05  71.00  20.00  41.05  71.00  56.00  41.05   0.00
23:36:02  19.1   0.0   0.7  80.1   0.1    5  37072   5265   29    4   28 101.17    0.00  29.58  23.80  47.79  72.05  72.00  20.00  41.05  72.00  56.00  40.05   0.00
23:36:03  21.2   0.0   2.2  76.5   0.0   12  83993  15725   98    5   44 104.75    0.00  30.54  24.41  49.79  61.05  61.00  20.00  41.05  61.00  71.00  40.05   0.00
23:36:04  16.3   0.0   1.4  82.4   0.0    5  69069  10940   36   42   39  93.19    0.00  27.11  21.11  44.96  56.05  56.00  20.00  41.05  56.00  71.00  40.05   0.00
23:36:05  16.0   0.0   1.0  83.0   0.0   12  53230   7116   52   48   36  97.83    0.00  28.51  22.30  47.02  64.05  64.00  20.00  41.05  64.00  66.00  40.05   0.00
23:36:06  72.1   0.0   1.9  26.0   0.0    2  63687  15908   17    0    0 104.43    0.00  30.90  24.79  48.73  54.05  54.00  20.00  41.05  54.00  66.00  40.05   0.00
23:36:07  72.0   0.0   0.8  27.2   0.0   13  21795   7289    0    0    0 104.28    0.00  30.71  24.34  49.23  60.05  60.00  20.00  41.05  60.00  66.00  41.05   0.00
23:36:08  71.5   0.0   0.6  27.9   0.0   19  19806   7338    0    0    1 104.26    0.00  30.14  23.49  50.63  60.05  60.00  20.00  41.05  60.00  62.00  41.05   0.00
23:36:09  72.8   0.0   1.0  26.3   0.0   21  17892   7104    0    0    2 103.06    0.00  30.48  24.01  48.57  60.05  60.00  20.00  41.05  60.00  60.00  41.05   0.00
23:36:10  55.9   0.0   0.5  43.6   0.0    5  14872   5731    1    0    0  93.59    0.00  27.39  21.20  45.00  66.05  66.00  20.00  41.05  66.00  60.00  41.05   0.00
23:36:11  35.2   0.0   0.4  64.4   0.0    5  20667   4828    0    0    1 109.57    0.00  32.24  26.06  51.27  71.05  71.00  20.00  41.05  71.00  61.00  41.05   0.00
23:36:12  59.0   0.0   0.6  40.4   0.0    5  26714   7452    7    0    0 103.33    0.00  30.50  24.47  48.36  58.05  58.00  20.00  41.05  58.00  61.00  41.05   0.00
23:36:13  84.3   0.0   0.8  14.9   0.0   28  17873   8447   24    0    1 105.37    0.00  31.15  24.98  49.24  60.05  60.00  20.00  41.05  60.00  66.00  41.05   0.00
23:36:14  81.5   0.0   0.6  17.8   0.0   29  11419   7859    0    0    0 101.91    0.00  30.21  24.23  47.48  58.05  58.00  20.00  41.05  60.00  66.00  41.05   0.00
23:36:15  53.0   0.0   0.8  46.2   0.0   27  51208  43407    0    0    0 102.54    0.00  30.37  24.37  47.80  59.05  59.00  20.00  41.05  60.00  60.00  41.05   0.00
23:36:16  95.2   0.0   0.7   4.1   0.0   28  11088   7615    0    0    0 101.58    0.00  29.75  23.15  48.67  61.05  61.00  20.00  41.05  61.00  60.00  41.05   0.00
23:36:17  86.8   0.0   0.5  12.7   0.0   29  14007   7920    0    0    0 100.34    0.00  29.72  23.47  47.15  61.05  60.00  20.00  41.05  60.00  60.00  41.05   0.00
23:36:18  96.8   0.0   0.5   2.7   0.0   27  12865   8506    0    0    2 100.63    0.00  29.72  23.45  47.47  59.05  59.00  20.00  41.05  60.00  60.00  41.05   0.00
23:36:19  96.8   0.0   0.7   2.5   0.0   21  13992   8456    0    0    0 101.27    0.00  29.89  23.58  47.80  58.05  58.00  20.00  41.05  58.00  60.00  41.05   0.00
23:36:20  96.2   0.0   0.5   3.2   0.0   19  15388   8194    0    0    0 100.77    0.00  29.76  23.47  47.54  60.05  60.00  20.00  41.05  60.00  60.00  41.05   0.00
23:36:21  95.8   0.0   0.7   3.6   0.0   28  11968   7747    0    0    0 100.44    0.00  29.67  23.38  47.38  60.05  60.00  20.00  41.05  60.00  60.00  41.05   0.00
23:36:22  83.3   0.0   0.4  16.3   0.0   17  10949   6920    0    0    0  96.82    0.00  28.54  22.33  45.95  68.05  68.00  20.00  41.05  68.00  60.00  41.05   0.00
23:36:23  58.6   0.0   0.4  41.0   0.0    5  12554   5807    0    0    0  86.93    0.00  25.11  19.04  42.78  65.05  65.00  20.00  41.05  65.00  60.00  41.05   0.00
23:36:24  18.1   0.0   0.1  81.8   0.0    5   8863   2308    0    0    1  69.11    0.00  18.74  12.84  37.54  66.05  66.00  20.00  41.05  66.00  60.00  41.05   0.00
23:36:25  17.6   0.0   0.2  82.1   0.0    5  11855  16851    1    0    1  77.20    0.00  21.95  16.19  39.06  69.05  69.00  20.00  41.05  69.00  66.00  41.05   0.00
23:36:26   8.9   0.0   0.5  90.6   0.0    1   7127   2610    5    4   47  53.30    0.00  15.06   9.86  28.38  55.05  54.00  20.00  41.05  54.00  66.00  41.05   0.00
-------- ----- ----- ----- ----- ----- ---- ------ ------ ---- ---- ---- ------  ------ ------ ------ ------ ------ ------ ------ ------ ------ ------ ------ ------
 Average  51.8   0.0   0.7  47.6   0.0 13.3 23780.9 8424.6 11.1  3.8  7.3  87.50    0.00  25.61  20.04  41.85  60.84  60.72  20.00  41.05  60.86  62.59  40.88   0.00
 GeoMean   0.0   0.0   0.0  29.5   0.0  8.5 12839.8 5279.9  0.0  0.0  0.0  68.50    0.00  19.88  12.95  34.08  60.56  60.44  20.00  41.05  60.58  62.47  40.88   0.00
  StdDev  34.2   0.0   0.5  34.3   0.0 10.2 21428.1 7738.4 21.6 11.4 14.7  30.69    0.00   9.13   7.65  14.01   5.88   5.92   0.00   0.00   5.88   3.88   0.38   0.00
-------- ----- ----- ----- ----- ----- ---- ------ ------ ---- ---- ---- ------  ------ ------ ------ ------ ------ ------ ------ ------ ------ ------ ------ ------
 Minimum   0.0   0.0   0.0   2.5   0.0  1.0  158.0   84.0  0.0  0.0  0.0   1.79    0.00   0.50   0.07   1.22  49.05  49.00  20.00  41.05  49.00  56.00  40.05   0.00
 Maximum  96.8   0.0   2.2 100.0   0.1 29.0 83993.0 43407.0 98.0 48.0 47.0 109.57    0.00  32.24  26.26  51.27  72.05  72.00  20.00  41.05  72.00  71.00  41.05   0.00
-------- ----- ----- ----- ----- ----- ---- ------ ------ ---- ---- ---- ------  ------ ------ ------ ------ ------ ------ ------ ------ ------ ------ ------ ------
Summary:
CPU:  87.50 Watts on average with standard deviation 30.69 
Note: power read from RAPL domains: uncore, pkg-0, core, psys.
These readings do not cover all the hardware in this device.

Histogram (of 29 power measurements)

  Range (Watts)   Count
  1.793 -  12.570     3 ######
 12.571 -  23.348     0 
 23.349 -  34.126     0 
 34.127 -  44.904     0 
 44.905 -  55.682     1 ##
 55.683 -  66.460     0 
 66.461 -  77.238     2 ####
 77.239 -  88.016     1 ##
 88.017 -  98.794     4 ########
 98.795 - 109.573    18 ########################################

Histogram (of 29 CPU utilization measurements)

 Range (%CPU)   Count
 0.000 -  9.745     4 ################################
 9.746 - 19.491     5 ########################################
19.492 - 29.237     2 ################
29.238 - 38.984     1 ########
38.985 - 48.730     0 
48.731 - 58.476     2 ################
58.477 - 68.222     2 ################
68.223 - 77.968     4 ################################
77.969 - 87.714     4 ################################
87.715 - 97.461     5 ########################################

Histogram (of 29 thermal zone TCPU readings)

 Range (°C)    Count
49.050 - 51.349     3 ###############
51.350 - 53.649     0 
53.650 - 55.949     2 ##########
55.950 - 58.249     4 ####################
58.250 - 60.549     8 ########################################
60.550 - 62.849     3 ###############
62.850 - 65.149     2 ##########
65.150 - 67.449     2 ##########
67.450 - 69.749     2 ##########
69.750 - 72.049     3 ###############

Histogram (of 29 thermal zone x86_pkg_temp readings)

 Range (°C)    Count
49.000 - 51.299     3 #############
51.300 - 53.599     0 
53.600 - 55.899     2 ########
55.900 - 58.199     4 #################
58.200 - 60.499     9 ########################################
60.500 - 62.799     2 ########
62.800 - 65.099     2 ########
65.100 - 67.399     2 ########
67.400 - 69.699     2 ########
69.700 - 71.999     3 #############

Range is zero, cannot produce histogram of thermal zone INT3400 Thermal

Range is zero, cannot produce histogram of thermal zone SEN3

Histogram (of 29 thermal zone TCPU_PCI readings)

 Range (°C)    Count
49.000 - 51.299     3 ############
51.300 - 53.599     0 
53.600 - 55.899     2 ########
55.900 - 58.199     3 ############
58.200 - 60.499    10 ########################################
60.500 - 62.799     2 ########
62.800 - 65.099     2 ########
65.100 - 67.399     2 ########
67.400 - 69.699     2 ########
69.700 - 71.999     3 ############

Histogram (of 29 thermal zone iwlwifi_1 readings)

 Range (°C)    Count
56.000 - 57.499     2 ######
57.500 - 58.999     0 
59.000 - 60.499    12 ########################################
60.500 - 61.999     3 ##########
62.000 - 63.499     2 ######
63.500 - 64.999     0 
65.000 - 66.499     7 #######################
66.500 - 67.999     0 
68.000 - 69.499     1 ###
69.500 - 70.999     2 ######

Histogram (of 29 thermal zone acpitz readings)

 Range (°C)    Count
40.050 - 40.149     5 ########
40.150 - 40.249     0 
40.250 - 40.349     0 
40.350 - 40.449     0 
40.450 - 40.549     0 
40.550 - 40.649     0 
40.650 - 40.749     0 
40.750 - 40.849     0 
40.850 - 40.949     0 
40.950 - 41.049    24 ########################################

Range is zero, cannot produce histogram of thermal zone SEN2
