Running for 86400.0 seconds (86400 samples at 1.0 second intervals).
Power measurements will start in 0 seconds time.

  Time    User  Nice   Sys  Idle    IO  Run Ctxt/s  IRQ/s Fork Exec Exit  Watts  uncore  pkg-0   core   psys   TCPU x86_pk INT340   SEN3 TCPU_P iwlwif acpitz   SEN2
16:15:33   0.0   0.0   0.0  99.9   0.1    1    258    394    2    0    2   7.03    0.00   1.86   0.17   5.00  54.05  55.00  20.00  42.05  54.00  55.00  43.05   0.00
16:15:34   0.0   0.0   0.0 100.0   0.0    1    142    101    0    0    0   2.11    0.00   0.59   0.07   1.44  54.05  54.00  20.00  42.05  54.00  63.00  43.05   0.00
16:15:35   0.0   0.0   0.1  99.9   0.0    2    285    148    6    3    3   2.82    0.00   0.79   0.16   1.86  52.05  52.00  20.00  42.05  52.00  56.00  43.05   0.00
16:15:36   4.1   0.0   0.1  95.7   0.1    2    258    667    6    0    0  37.30    0.00  11.02   5.88  20.40  59.05  59.00  20.00  42.05  59.00  56.00  43.05   0.00
16:15:37   4.2   0.0   0.0  95.8   0.0    2    144    508    0    0    0  36.16    0.00  10.81   5.88  19.46  60.05  60.00  20.00  42.05  60.00  58.00  43.05   0.00
16:15:38   4.2   0.0   0.0  95.8   0.0    2    129    452    0    0    0  36.22    0.00  10.83   5.90  19.50  59.05  59.00  20.00  42.05  59.00  58.00  43.05   0.00
16:15:39   4.2   0.0   0.0  95.8   0.0    2    202    347    0    0    0  36.10    0.00  10.81   5.88  19.41  59.05  59.00  20.00  42.05  59.00  60.00  43.05   0.00
16:15:40   4.2   0.0   0.0  95.8   0.0    2    155    334    0    0    0  35.98    0.00  10.77   5.87  19.33  59.05  59.00  20.00  42.05  59.00  60.00  43.05   0.00
16:15:41   4.2   0.0   0.0  95.8   0.0    2    162    513    0    0    0  36.14    0.00  10.79   5.88  19.46  59.05  59.00  20.00  42.05  59.00  60.00  43.05   0.00
16:15:42   4.2   0.0   0.0  95.8   0.0    2    135    351    0    0    0  37.07    0.00  10.98   5.88  20.22  59.05  59.00  20.00  42.05  59.00  60.00  43.05   0.00
16:15:43   4.2   0.0   0.0  95.8   0.0    2    169    384    0    0    0  36.13    0.00  10.81   5.88  19.44  59.05  59.00  20.00  42.05  59.00  60.00  43.05   0.00
16:15:44   4.2   0.0   0.0  95.8   0.0    2    102    315    0    0    0  36.01    0.00  10.78   5.88  19.35  59.05  59.00  20.00  42.05  59.00  60.00  43.05   0.00
16:15:45   4.2   0.0   0.0  95.8   0.0    2    134    328    0    0    0  35.98    0.00  10.77   5.87  19.33  58.05  58.00  20.00  42.05  58.00  60.00  43.05   0.00
16:15:46   4.2   0.0   0.0  95.8   0.0    2    122    330    0    0    0  35.97    0.00  10.78   5.88  19.32  59.05  59.00  20.00  42.05  59.00  60.00  43.05   0.00
16:15:47   4.2   0.0   0.0  95.8   0.0    2    188    351    0    0    0  36.10    0.00  10.82   5.88  19.40  59.05  59.00  20.00  42.05  59.00  60.00  43.05   0.00
16:15:48   4.2   0.0   0.0  95.8   0.0    2    287    489    0    0    0  38.50    0.00  11.27   6.14  21.08  59.05  59.00  20.00  42.05  59.00  60.00  43.05   0.00
16:15:49   4.2   0.0   0.0  95.8   0.0    2    122    324    0    0    0  37.91    0.00  10.84   5.87  21.20  60.05  60.00  20.00  42.05  60.00  60.00  43.05   0.00
16:15:50   4.2   0.0   0.0  95.8   0.0    2    124    333    0    0    0  37.96    0.00  10.84   5.88  21.24  59.05  59.00  20.00  42.05  59.00  60.00  43.05   0.00
16:15:51   4.2   0.0   0.0  95.7   0.1    2    227    523    1    0    0  41.34    0.00  11.25   5.91  24.18  59.05  59.00  20.00  42.05  59.00  60.00  43.05   0.00
16:15:52   4.2   0.0   0.0  95.8   0.0    2    132    328    0    0    0  37.19    0.00  10.85   5.88  20.46  60.05  60.00  20.00  42.05  60.00  60.00  43.05   0.00
16:15:53   4.2   0.0   0.0  95.8   0.0    2    120    328    0    0    0  36.00    0.00  10.79   5.88  19.33  59.05  59.00  20.00  42.05  59.00  60.00  43.05   0.00
16:15:54   4.2   0.0   0.0  95.8   0.0    2    109    324    0    0    0  36.01    0.00  10.79   5.88  19.34  59.05  59.00  20.00  42.05  59.00  60.00  43.05   0.00
16:15:55   4.2   0.0   0.0  95.8   0.0    2    200    512    0    0    0  36.26    0.00  10.84   5.92  19.50  59.05  59.00  20.00  42.05  59.00  60.00  43.05   0.00
16:15:56   4.2   0.0   0.0  95.8   0.0    2    132    334    0    0    0  36.99    0.00  10.97   5.88  20.14  60.05  60.00  20.00  42.05  60.00  60.00  43.05   0.00
16:15:57   4.2   0.0   0.0  95.8   0.0    2    440    361    0    0    0  36.23    0.00  10.83   5.89  19.51  59.05  59.00  20.00  42.05  59.00  60.00  43.05   0.00
16:15:58   4.2   0.0   0.0  95.8   0.0    2    112    326    0    0    0  35.99    0.00  10.80   5.88  19.31  59.05  59.00  20.00  42.05  59.00  60.00  43.05   0.00
16:15:59   4.2   0.0   0.0  95.8   0.0    2    174    351    0    0    0  36.05    0.00  10.81   5.88  19.36  59.05  59.00  20.00  42.05  59.00  60.00  43.05   0.00
16:16:00   4.2   0.0   0.0  95.8   0.0    2    153    520    0    0    0  36.17    0.00  10.81   5.89  19.47  59.05  59.00  20.00  42.05  59.00  60.00  43.05   0.00
16:16:01   4.2   0.0   0.0  95.8   0.0    2    140    372    0    0    0  36.04    0.00  10.79   5.88  19.37  59.05  59.00  20.00  42.05  59.00  60.00  43.05   0.00
16:16:02   4.2   0.0   0.0  95.8   0.0    2    124    336    0    0    0  35.97    0.00  10.79   5.87  19.31  59.05  59.00  20.00  42.05  59.00  60.00  43.05   0.00
16:16:03   4.2   0.0   0.0  95.8   0.0    2    181    523    0    0    0  37.26    0.00  11.04   5.89  20.33  59.05  59.00  20.00  42.05  59.00  60.00  43.05   0.00
16:16:04   4.2   0.0   0.0  95.8   0.0    2    114    319    0    0    0  35.96    0.00  10.79   5.87  19.30  59.05  59.00  20.00  42.05  59.00  60.00  43.05   0.00
16:16:05   4.2   0.0   0.0  95.8   0.0    2    136    339    0    0    0  36.01    0.00  10.80   5.88  19.33  59.05  59.00  20.00  42.05  59.00  60.00  43.05   0.00
16:16:06   4.2   0.0   0.0  95.8   0.0    2    124    329    0    0    0  36.00    0.00  10.80   5.88  19.32  59.05  59.00  20.00  42.05  59.00  60.00  43.05   0.00
16:16:07   4.2   0.0   0.0  95.8   0.0    2    172    350    0    0    0  36.13    0.00  10.84   5.88  19.41  59.05  59.00  20.00  42.05  59.00  60.00  43.05   0.00
16:16:08   4.2   0.0   0.0  95.8   0.0    2    104    314    0    0    0  35.99    0.00  10.79   5.88  19.31  58.05  58.00  20.00  42.05  58.00  60.00  42.05   0.00
16:16:09   4.2   0.0   0.0  95.8   0.0    2    166    355    0    0    0  36.08    0.00  10.81   5.90  19.38  59.05  59.00  20.00  42.05  59.00  59.00  42.05   0.00
16:16:10   4.2   0.0   0.0  95.8   0.0    2    130    337    0    0    0  36.01    0.00  10.80   5.88  19.34  60.05  60.00  20.00  42.05  60.00  59.00  42.05   0.00
16:16:11   4.2   0.0   0.0  95.8   0.0    2    198    512    0    0    0  36.22    0.00  10.83   5.88  19.50  59.05  59.00  20.00  42.05  59.00  59.00  42.05   0.00
16:16:12   4.2   0.0   0.0  95.8   0.0    2    139    452    0    0    0  36.14    0.00  10.80   5.89  19.45  58.05  58.00  20.00  42.05  58.00  59.00  42.05   0.00
16:16:13   4.2   0.0   0.0  95.8   0.0    2    120    332    0    0    0  35.98    0.00  10.77   5.88  19.33  59.05  59.00  20.00  42.05  59.00  59.00  42.05   0.00
16:16:14   4.2   0.0   0.0  95.8   0.0    2    104    323    0    0    0  35.97    0.00  10.78   5.88  19.32  58.05  58.00  20.00  42.05  58.00  59.00  42.05   0.00
16:16:15   4.2   0.0   0.0  95.8   0.0    2    172    352    0    0    0  35.99    0.00  10.78   5.88  19.33  58.05  58.00  20.00  42.05  58.00  59.00  42.05   0.00
16:16:16   4.2   0.0   0.0  95.8   0.0    2    132    324    0    0    0  36.00    0.00  10.78   5.88  19.33  59.05  59.00  20.00  42.05  59.00  59.00  42.05   0.00
16:16:17   4.2   0.0   0.0  95.8   0.0    2    132    331    0    0    0  35.93    0.00  10.76   5.87  19.30  59.05  59.00  20.00  42.05  59.00  59.00  42.05   0.00
16:16:18   4.2   0.0   0.0  95.8   0.0    2    107    323    0    0    0  35.95    0.00  10.77   5.88  19.30  58.05  58.00  20.00  42.05  58.00  59.00  42.05   0.00
16:16:19   4.2   0.0   0.0  95.8   0.0    2    158    348    0    0    0  36.08    0.00  10.82   5.88  19.38  59.05  59.00  20.00  42.05  59.00  59.00  42.05   0.00
16:16:20   4.2   0.0   0.0  95.8   0.0    2    128    493    0    0    0  36.10    0.00  10.80   5.89  19.41  59.05  59.00  20.00  42.05  59.00  59.00  42.05   0.00
16:16:21   4.2   0.0   0.0  95.8   0.0    2    158    359    0    0    0  37.06    0.00  10.97   5.88  20.21  58.05  58.00  20.00  42.05  58.00  59.00  42.05   0.00
16:16:22   4.2   0.0   0.0  95.8   0.0    2    302    483    0    0    0  37.34    0.00  11.05   6.13  20.15  60.05  60.00  20.00  42.05  60.00  59.00  42.05   0.00
16:16:23   4.2   0.0   0.0  95.8   0.0    2    160    357    0    0    0  37.93    0.00  10.84   5.88  21.22  59.05  59.00  20.00  42.05  59.00  59.00  42.05   0.00
16:16:24   4.2   0.0   0.0  95.8   0.0    2    114    317    0    0    0  37.97    0.00  10.85   5.89  21.23  59.05  59.00  20.00  42.05  59.00  59.00  43.05   0.00
16:16:25   4.2   0.0   0.0  95.8   0.0    2    137    331    0    0    0  37.99    0.00  10.85   5.89  21.26  59.05  59.00  20.00  42.05  59.00  59.00  43.05   0.00
16:16:26   4.2   0.0   0.0  95.8   0.0    2    129    343    0    0    0  36.44    0.00  10.80   5.89  19.76  59.05  59.00  20.00  42.05  59.00  59.00  43.05   0.00
16:16:27   4.2   0.0   0.0  95.8   0.0    2    512    448    0    0    0  37.21    0.00  11.02   5.91  20.28  59.05  59.00  20.00  42.05  59.00  59.00  43.05   0.00
16:16:28   4.2   0.0   0.0  95.8   0.0    2    106    507    0    0    0  36.12    0.00  10.81   5.89  19.42  59.05  59.00  20.00  42.05  58.00  59.00  43.05   0.00
16:16:29   4.2   0.0   0.0  95.8   0.0    2    128    353    0    0    0  36.01    0.00  10.79   5.88  19.34  58.05  58.00  20.00  42.05  59.00  59.00  42.05   0.00
16:16:30   4.2   0.0   0.0  95.8   0.0    2    150    341    0    0    0  35.96    0.00  10.78   5.88  19.31  59.05  59.00  20.00  42.05  59.00  59.00  42.05   0.00
16:16:31   4.2   0.0   0.0  95.8   0.0    2    190    361    0    0    0  36.01    0.00  10.79   5.88  19.34  59.05  59.00  20.00  42.05  59.00  59.00  42.05   0.00
16:16:32   4.2   0.0   0.0  95.8   0.0    2    116    317    0    0    0  36.02    0.00  10.79   5.89  19.34  59.05  59.00  20.00  42.05  58.00  59.00  42.05   0.00
16:16:33   4.2   0.0   0.0  95.8   0.0    2    128    332    0    0    0  36.00    0.00  10.79   5.88  19.32  59.05  59.00  20.00  42.05  59.00  59.00  42.05   0.00
16:16:34   4.2   0.0   0.0  95.8   0.0    2    102    332    0    0    0  35.96    0.00  10.78   5.88  19.30  59.05  59.00  20.00  42.05  59.00  59.00  42.05   0.00
16:16:35   4.2   0.0   0.0  95.8   0.0    2    182    361    0    0    0  36.02    0.00  10.79   5.89  19.34  59.05  59.00  20.00  42.05  59.00  59.00  42.05   0.00
16:16:36   4.2   0.0   0.0  95.8   0.0    2    114    448    0    0    0  36.03    0.00  10.79   5.88  19.36  59.05  59.00  20.00  42.05  59.00  59.00  42.05   0.00
16:16:37   4.2   0.0   0.0  95.8   0.0    2    140    345    0    0    0  35.99    0.00  10.79   5.88  19.32  59.05  59.00  20.00  42.05  59.00  59.00  42.05   0.00
16:16:38   4.2   0.0   0.0  95.8   0.0    2    117    464    0    0    0  36.09    0.00  10.78   5.89  19.41  59.05  59.00  20.00  42.05  59.00  59.00  42.05   0.00
16:16:39   4.2   0.0   0.0  95.8   0.0    2    174    358    0    0    0  35.97    0.00  10.78   5.88  19.31  59.05  59.00  20.00  42.05  59.00  59.00  42.05   0.00
16:16:40   4.2   0.0   0.0  95.8   0.0    2    116    321    0    0    0  35.92    0.00  10.76   5.88  19.28  59.05  59.00  20.00  42.05  59.00  59.00  42.05   0.00
16:16:41   4.2   0.0   0.0  95.8   0.0    2    158    484    0    0    0  36.04    0.00  10.78   5.89  19.38  58.05  58.00  20.00  42.05  58.00  59.00  42.05   0.00
16:16:42   4.2   0.0   0.0  95.8   0.0    2    112    335    0    0    0  36.97    0.00  10.97   5.88  20.12  58.05  58.00  20.00  42.05  58.00  59.00  42.05   0.00
16:16:43   4.2   0.0   0.0  95.8   0.0    2    184    353    0    0    0  35.92    0.00  10.77   5.88  19.27  59.05  59.00  20.00  42.05  59.00  59.00  42.05   0.00
16:16:44   4.2   0.0   0.0  95.8   0.0    2    102    314    0    0    0  35.92    0.00  10.77   5.88  19.27  58.05  58.00  20.00  42.05  59.00  59.00  42.05   0.00
16:16:45   4.2   0.0   0.0  95.8   0.0    2    148    340    0    0    0  35.90    0.00  10.76   5.88  19.26  59.05  59.00  20.00  42.05  59.00  59.00  42.05   0.00
16:16:46   4.2   0.0   0.0  95.8   0.0    2    124    335    0    0    0  35.89    0.00  10.76   5.88  19.25  58.05  58.00  20.00  42.05  58.00  59.00  42.05   0.00
16:16:47   4.2   0.0   0.0  95.8   0.0    2    185    507    0    0    0  36.03    0.00  10.77   5.89  19.38  58.05  58.00  20.00  42.05  58.00  59.00  42.05   0.00
16:16:48   4.2   0.0   0.0  95.8   0.0    2    265    546    0    0    0  38.15    0.00  11.08   6.14  20.93  59.05  59.00  20.00  42.05  59.00  59.00  42.05   0.00
16:16:49   4.2   0.0   0.0  95.8   0.0    2    130    341    0    0    0  37.91    0.00  10.83   5.88  21.20  59.05  59.00  20.00  42.05  59.00  59.00  42.05   0.00
16:16:50   4.2   0.0   0.0  95.8   0.0    2    114    330    0    0    0  37.95    0.00  10.84   5.89  21.23  58.05  58.00  20.00  42.05  58.00  59.00  42.05   0.00
16:16:51   4.2   0.0   0.0  95.8   0.0    2    208    367    0    0    0  37.40    0.00  10.81   5.88  20.71  59.05  59.00  20.00  42.05  59.00  59.00  42.05   0.00
16:16:52   4.2   0.0   0.0  95.7   0.1    2    122    327    0    0    0  37.40    0.00  11.01   5.89  20.49  58.05  58.00  20.00  42.05  58.00  59.00  42.05   0.00
16:16:53   4.2   0.0   0.0  95.8   0.0    2    134    331    0    0    0  36.02    0.00  10.79   5.89  19.33  59.05  59.00  20.00  42.05  59.00  59.00  42.05   0.00
16:16:54   4.2   0.0   0.0  95.8   0.0    2    108    327    0    0    0  36.01    0.00  10.79   5.89  19.33  59.05  59.00  20.00  42.05  59.00  59.00  42.05   0.00
16:16:55   4.2   0.0   0.0  95.8   0.0    2    176    351    0    0    0  36.02    0.00  10.79   5.89  19.35  58.05  58.00  20.00  42.05  58.00  59.00  42.05   0.00
16:16:56   4.2   0.0   0.0  95.8   0.0    2    120    317    0    0    0  35.99    0.00  10.79   5.89  19.31  59.05  59.00  20.00  42.05  59.00  59.00  42.05   0.00
16:16:57   4.2   0.0   0.0  95.8   0.0    2    148    344    0    0    0  36.02    0.00  10.78   5.89  19.34  58.05  58.00  20.00  42.05  58.00  59.00  42.05   0.00
16:16:58   4.2   0.0   0.0  95.8   0.0    2    401    357    0    0    0  36.12    0.00  10.81   5.92  19.39  58.05  58.00  20.00  42.05  58.00  59.00  42.05   0.00
16:16:59   4.2   0.0   0.0  95.8   0.0    2    170    376    0    0    0  36.01    0.00  10.79   5.89  19.33  58.05  58.00  20.00  42.05  58.00  59.00  42.05   0.00
16:17:00   4.2   0.0   0.0  95.8   0.0    2    157    518    0    0    0  36.10    0.00  10.79   5.89  19.41  58.05  58.00  20.00  42.05  58.00  59.00  42.05   0.00
16:17:01   4.2   0.0   0.0  95.8   0.0    2    286    575    3    2    3  37.95    0.00  11.15   5.92  20.88  59.05  59.00  20.00  42.05  59.00  59.00  42.05   0.00
16:17:02   4.2   0.0   0.0  95.8   0.0    2    154    353    0    0    0  36.03    0.00  10.80   5.90  19.33  58.05  58.00  20.00  42.05  58.00  59.00  42.05   0.00
16:17:03   4.2   0.0   0.0  95.8   0.0    2    179    355    0    0    0  36.01    0.00  10.79   5.90  19.32  58.05  58.00  20.00  42.05  58.00  59.00  42.05   0.00
16:17:04   4.2   0.0   0.0  95.8   0.0    2    110    417    0    0    0  36.08    0.00  10.80   5.90  19.38  58.05  58.00  20.00  42.05  58.00  59.00  42.05   0.00
16:17:05   4.2   0.0   0.0  95.8   0.0    2    140    334    0    0    0  36.00    0.00  10.79   5.89  19.32  59.05  59.00  20.00  42.05  59.00  59.00  42.05   0.00
16:17:06   4.2   0.0   0.0  95.8   0.0    2    116    325    0    0    0  35.97    0.00  10.78   5.89  19.30  58.05  58.00  20.00  42.05  58.00  59.00  42.05   0.00
16:17:07   4.2   0.0   0.0  95.8   0.0    2    200    364    0    0    0  37.03    0.00  10.98   5.89  20.16  58.05  58.00  20.00  42.05  58.00  59.00  42.05   0.00
16:17:08   4.2   0.0   0.0  95.8   0.0    2    108    313    0    0    0  35.96    0.00  10.78   5.89  19.29  59.05  59.00  20.00  42.05  59.00  59.00  42.05   0.00
16:17:09   4.2   0.0   0.0  95.8   0.0    2    184    416    0    0    0  36.15    0.00  10.82   5.92  19.41  58.05  58.00  20.00  42.05  58.00  59.00  42.05   0.00
16:17:10   4.2   0.0   0.0  95.8   0.0    2    112    332    0    0    0  35.99    0.00  10.79   5.89  19.32  58.05  58.00  20.00  42.05  58.00  59.00  42.05   0.00
16:17:11   4.2   0.0   0.0  95.8   0.0    2    202    360    0    0    0  36.09    0.00  10.83   5.89  19.37  58.05  58.00  20.00  42.05  58.00  59.00  42.05   0.00
16:17:12   4.2   0.0   0.0  95.8   0.0    2    141    385    0    0    0  36.10    0.00  10.80   5.91  19.39  58.05  58.00  20.00  42.05  58.00  59.00  42.05   0.00
16:17:13   4.2   0.0   0.0  95.8   0.0    2    146    468    0    0    0  36.07    0.00  10.78   5.90  19.39  59.05  59.00  20.00  42.05  59.00  59.00  42.05   0.00
16:17:14   4.2   0.0   0.0  95.8   0.0    2    110    326    0    0    0  35.97    0.00  10.78   5.90  19.30  59.05  59.00  20.00  42.05  59.00  59.00  42.05   0.00
16:17:15   4.2   0.0   0.0  95.8   0.0    2    170    411    0    0    0  35.97    0.00  10.77   5.89  19.31  58.05  58.00  20.00  42.05  58.00  59.00  42.05   0.00
16:17:16   4.2   0.0   0.0  95.7   0.1    2    184    354    0    0    0  37.06    0.00  10.98   5.90  20.18  59.05  59.00  20.00  42.05  59.00  59.00  42.05   0.00
16:17:17   4.2   0.0   0.0  95.8   0.0    2    140    348    0    0    0  35.98    0.00  10.77   5.90  19.31  58.05  58.00  20.00  42.05  58.00  59.00  42.05   0.00
16:17:18   4.2   0.0   0.0  95.8   0.0    2    100    332    0    0    0  35.94    0.00  10.77   5.90  19.28  58.05  58.00  20.00  42.05  58.00  59.00  42.05   0.00
16:17:19   4.2   0.0   0.0  95.8   0.0    2    164    349    0    0    0  36.12    0.00  10.83   5.90  19.38  58.05  58.00  20.00  42.05  58.00  59.00  42.05   0.00
16:17:20   4.2   0.0   0.0  95.8   0.0    2    138    327    0    0    0  35.94    0.00  10.77   5.89  19.28  58.05  58.00  20.00  42.05  58.00  59.00  42.05   0.00
16:17:21   4.2   0.0   0.0  95.8   0.0    2    168    363    0    0    0  36.99    0.00  10.96   5.90  20.13  59.05  59.00  20.00  42.05  59.00  59.00  42.05   0.00
16:17:22   4.2   0.0   0.0  95.8   0.0    2    191    373    0    0    0  36.23    0.00  10.80   5.93  19.50  59.05  59.00  20.00  42.05  59.00  59.00  42.05   0.00
16:17:23   4.2   0.0   0.0  95.8   0.0    2    298    584    0    0    0  38.91    0.00  11.10   6.15  21.66  59.05  59.00  20.00  42.05  59.00  59.00  42.05   0.00
16:17:24   4.2   0.0   0.0  95.8   0.0    2    100    314    0    0    0  37.91    0.00  10.83   5.90  21.19  58.05  58.00  20.00  42.05  58.00  59.00  42.05   0.00
16:17:25   4.2   0.0   0.0  95.8   0.0    2    136    331    0    0    0  37.95    0.00  10.84   5.90  21.21  58.05  58.00  20.00  42.05  58.00  59.00  42.05   0.00
16:17:26   4.2   0.0   0.0  95.8   0.0    2    131    335    0    0    0  36.70    0.00  10.80   5.90  19.99  58.05  58.00  20.00  42.05  59.00  58.00  42.05   0.00
16:17:27   4.2   0.0   0.0  95.8   0.0    2    181    363    0    0    0  36.08    0.00  10.78   5.90  19.39  58.05  58.00  20.00  41.05  58.00  58.00  42.05   0.00
16:17:28   4.2   0.0   0.0  95.8   0.0    2    404    470    0    0    0  36.17    0.00  10.81   5.93  19.44  58.05  58.00  20.00  41.05  58.00  59.00  42.05   0.00
16:17:29   4.2   0.0   0.0  95.8   0.0    2    126    329    0    0    0  35.98    0.00  10.78   5.90  19.30  58.05  58.00  20.00  41.05  58.00  59.00  42.05   0.00
16:17:30   4.2   0.0   0.0  95.8   0.0    2    120    333    0    0    0  36.00    0.00  10.79   5.90  19.31  58.05  58.00  20.00  41.05  58.00  59.00  42.05   0.00
16:17:31   4.2   0.0   0.0  95.8   0.0    2    188    363    0    0    0  37.03    0.00  10.98   5.90  20.14  58.05  58.00  20.00  41.05  58.00  59.00  42.05   0.00
16:17:32   4.2   0.0   0.0  95.8   0.0    2    139    320    0    0    0  35.99    0.00  10.79   5.90  19.31  58.05  58.00  20.00  42.05  58.00  59.00  42.05   0.00
16:17:33   4.2   0.0   0.0  95.8   0.0    2    136    328    0    0    0  35.98    0.00  10.78   5.90  19.29  58.05  58.00  20.00  42.05  58.00  59.00  42.05   0.00
16:17:34   4.2   0.0   0.0  95.8   0.0    2    106    479    0    0    0  36.09    0.00  10.79   5.91  19.38  58.05  58.00  20.00  42.05  58.00  59.00  42.05   0.00
16:17:35   4.2   0.0   0.0  95.8   0.0    2    170    354    0    0    0  36.14    0.00  10.84   5.90  19.40  58.05  58.00  20.00  42.05  58.00  59.00  42.05   0.00
16:17:36   4.2   0.0   0.0  95.8   0.0    2    116    316    0    0    0  35.99    0.00  10.78   5.90  19.31  58.05  58.00  20.00  42.05  58.00  59.00  42.05   0.00
16:17:37   4.2   0.0   0.0  95.8   0.0    2    140    333    0    0    0  35.99    0.00  10.78   5.90  19.31  58.05  58.00  20.00  42.05  58.00  59.00  42.05   0.00
16:17:38   4.2   0.0   0.0  95.8   0.0    2    134    445    0    0    0  36.11    0.00  10.79   5.92  19.40  58.05  58.00  20.00  42.05  58.00  59.00  42.05   0.00
16:17:39   4.2   0.0   0.0  95.8   0.0    2    170    365    0    0    0  35.98    0.00  10.77   5.90  19.30  59.05  59.00  20.00  42.05  59.00  59.00  42.05   0.00
16:17:40   4.2   0.0   0.0  95.8   0.0    2    114    320    0    0    0  35.94    0.00  10.77   5.90  19.27  58.05  58.00  20.00  42.05  58.00  59.00  42.05   0.00
16:17:41   4.2   0.0   0.0  95.8   0.0    2    158    346    0    0    0  35.97    0.00  10.77   5.90  19.29  58.05  58.00  20.00  42.05  58.00  59.00  42.05   0.00
16:17:42   4.2   0.0   0.0  95.8   0.0    2    128    341    0    0    0  36.98    0.00  10.95   5.90  20.12  59.05  59.00  20.00  42.05  58.00  59.00  42.05   0.00
16:17:43   4.2   0.0   0.0  95.8   0.0    2    181    352    0    0    0  35.95    0.00  10.77   5.90  19.28  58.05  58.00  20.00  42.05  58.00  59.00  42.05   0.00
16:17:44   4.2   0.0   0.0  95.8   0.0    2    106    314    0    0    0  35.94    0.00  10.77   5.90  19.27  57.05  57.00  20.00  42.05  57.00  59.00  42.05   0.00
16:17:45   4.2   0.0   0.0  95.8   0.0    2    140    336    0    0    0  35.92    0.00  10.76   5.90  19.25  59.05  59.00  20.00  42.05  59.00  59.00  42.05   0.00
16:17:46   4.2   0.0   0.0  95.8   0.0    2    118    327    0    0    0  35.94    0.00  10.77   5.90  19.27  59.05  59.00  20.00  42.05  59.00  59.00  42.05   0.00
16:17:47   4.2   0.0   0.0  95.8   0.0    2    173    348    0    0    0  35.93    0.00  10.76   5.90  19.27  57.05  57.00  20.00  42.05  57.00  59.00  42.05   0.00
16:17:48   4.2   0.0   0.0  95.8   0.0    2    277    504    0    0    0  37.78    0.00  11.05   6.15  20.58  58.05  58.00  20.00  41.05  58.00  59.00  42.05   0.00
16:17:49   4.2   0.0   0.0  95.8   0.0    2    134    338    0    0    0  37.90    0.00  10.83   5.90  21.17  58.05  58.00  20.00  41.05  58.00  59.00  42.05   0.00
16:17:50   4.2   0.0   0.0  95.8   0.0    2    122    341    0    0    0  37.95    0.00  10.84   5.91  21.19  59.05  59.00  20.00  41.05  59.00  59.00  41.05   0.00
16:17:51   4.2   0.0   0.0  95.8   0.0    2    223    387    0    0    0  38.69    0.00  11.02   5.90  21.77  58.05  58.00  20.00  41.05  58.00  59.00  41.05   0.00
16:17:52   4.2   0.0   0.0  95.8   0.0    2    122    448    0    0    0  36.25    0.00  10.78   5.91  19.56  57.05  57.00  20.00  41.05  57.00  59.00  41.05   0.00
16:17:53   4.2   0.0   0.0  95.8   0.0    2    124    330    0    0    0  35.99    0.00  10.79   5.91  19.29  58.05  58.00  20.00  41.05  58.00  59.00  41.05   0.00
16:17:54   4.2   0.0   0.0  95.8   0.0    2    114    327    0    0    0  35.94    0.00  10.77   5.89  19.28  58.05  58.00  20.00  41.05  58.00  59.00  41.05   0.00
16:17:55   4.2   0.0   0.0  95.8   0.0    2    214    509    0    0    0  36.23    0.00  10.84   5.95  19.44  58.05  58.00  20.00  41.05  59.00  59.00  42.05   0.00
16:17:56   4.2   0.0   0.0  95.8   0.0    2    144    331    0    0    0  36.99    0.00  10.97   5.90  20.12  57.05  57.00  20.00  41.05  57.00  58.00  42.05   0.00
16:17:57   4.2   0.0   0.0  95.8   0.0    2    136    331    0    0    0  35.95    0.00  10.78   5.90  19.27  58.05  58.00  20.00  41.05  58.00  58.00  42.05   0.00
16:17:58   4.2   0.0   0.0  95.8   0.0    2    406    382    0    0    0  36.07    0.00  10.80   5.93  19.34  58.05  58.00  20.00  42.05  58.00  58.00  42.05   0.00
16:17:59   4.2   0.0   0.0  95.8   0.0    2    160    349    0    0    0  36.16    0.00  10.85   5.91  19.40  58.05  58.00  20.00  42.05  58.00  58.00  42.05   0.00
16:18:00   4.2   0.0   0.0  95.8   0.0    2    156    499    0    0    0  36.07    0.00  10.78   5.91  19.38  58.05  58.00  20.00  42.05  58.00  58.00  42.05   0.00
16:18:01   4.2   0.0   0.0  95.8   0.0    2    152    340    0    0    0  35.95    0.00  10.79   5.90  19.26  58.05  58.00  20.00  42.05  58.00  58.00  42.05   0.00
16:18:02   4.2   0.0   0.0  95.8   0.0    2    152    350    0    0    0  35.95    0.00  10.77   5.90  19.27  58.05  58.00  20.00  42.05  58.00  58.00  42.05   0.00
16:18:03   4.2   0.0   0.0  95.8   0.0    2    162    349    0    0    0  36.12    0.00  10.85   5.90  19.37  58.05  58.00  20.00  41.05  58.00  58.00  42.05   0.00
16:18:04   4.2   0.0   0.0  95.8   0.0    2    124    436    0    0    0  37.04    0.00  10.98   5.91  20.15  58.05  58.00  20.00  41.05  58.00  58.00  42.05   0.00
16:18:05   4.2   0.0   0.0  95.8   0.0    2    138    330    0    0    0  35.95    0.00  10.78   5.90  19.28  58.05  58.00  20.00  41.05  58.00  58.00  41.05   0.00
16:18:06   4.2   0.0   0.0  95.8   0.0    2    118    326    0    0    0  35.93    0.00  10.78   5.90  19.25  58.05  58.00  20.00  41.05  58.00  59.00  41.05   0.00
16:18:07   4.2   0.0   0.0  95.8   0.0    2    187    359    0    0    0  35.93    0.00  10.77   5.90  19.26  58.05  58.00  20.00  41.05  58.00  58.00  41.05   0.00
16:18:08   4.2   0.0   0.0  95.8   0.0    2    102    312    0    0    0  35.92    0.00  10.78   5.90  19.24  58.05  58.00  20.00  41.05  58.00  58.00  41.05   0.00
16:18:09   4.2   0.0   0.0  95.8   0.0    2    170    350    0    0    0  36.03    0.00  10.80   5.92  19.31  58.05  58.00  20.00  41.05  58.00  58.00  41.05   0.00
16:18:10   4.2   0.0   0.0  95.8   0.0    2    132    337    0    0    0  35.95    0.00  10.78   5.90  19.26  58.05  58.00  20.00  41.05  58.00  58.00  41.05   0.00
16:18:11   4.2   0.0   0.0  95.8   0.0    2    199    511    0    0    0  37.07    0.00  10.98   5.91  20.18  58.05  58.00  20.00  41.05  58.00  58.00  41.05   0.00
16:18:12   4.2   0.0   0.0  95.8   0.0    2    137    476    0    0    0  36.08    0.00  10.79   5.92  19.37  58.05  58.00  20.00  41.05  58.00  58.00  41.05   0.00
16:18:13   4.2   0.0   0.0  95.8   0.0    2    144    331    0    0    0  35.89    0.00  10.76   5.90  19.23  58.05  58.00  20.00  41.05  58.00  58.00  41.05   0.00
16:18:14   4.2   0.0   0.0  95.8   0.0    2    122    332    0    0    0  35.91    0.00  10.77   5.90  19.25  58.05  58.00  20.00  41.05  58.00  58.00  41.05   0.00
16:18:15   4.2   0.0   0.0  95.8   0.0    2    174    351    0    0    0  36.09    0.00  10.84   5.90  19.35  57.05  57.00  20.00  41.05  57.00  58.00  41.05   0.00
16:18:16   4.2   0.0   0.0  95.8   0.0    2    126    318    0    0    0  35.87    0.00  10.76   5.90  19.21  58.05  58.00  20.00  41.05  58.00  58.00  41.05   0.00
16:18:17   4.2   0.0   0.0  95.8   0.0    2    154    342    0    0    0  36.91    0.00  10.95   5.89  20.07  58.05  58.00  20.00  41.05  58.00  58.00  41.05   0.00
16:18:18   4.2   0.0   0.0  95.8   0.0    2    108    329    0    0    0  35.91    0.00  10.76   5.90  19.24  57.05  57.00  20.00  41.05  58.00  58.00  41.05   0.00
16:18:19   4.2   0.0   0.0  95.8   0.0    2    170    350    0    0    0  35.88    0.00  10.75   5.89  19.24  57.05  57.00  20.00  41.05  57.00  58.00  41.05   0.00
16:18:20   4.2   0.0   0.0  95.8   0.0    2    126    324    0    0    0  35.95    0.00  10.77   5.91  19.27  57.05  57.00  20.00  41.05  58.00  58.00  41.05   0.00
16:18:21   4.2   0.0   0.0  95.8   0.0    2    148    337    0    0    0  35.88    0.00  10.76   5.90  19.23  58.05  58.00  20.00  41.05  58.00  58.00  41.05   0.00
16:18:22   4.2   0.0   0.0  95.8   0.0    2    283    549    0    0    0  38.14    0.00  11.05   6.14  20.95  58.05  58.00  20.00  41.05  58.00  58.00  41.05   0.00
16:18:23   4.2   0.0   0.0  95.8   0.0    2    164    350    0    0    0  37.91    0.00  10.83   5.90  21.17  57.05  57.00  20.00  41.05  57.00  59.00  41.05   0.00
16:18:24   4.2   0.0   0.0  95.8   0.0    2    114    314    0    0    0  37.88    0.00  10.82   5.90  21.16  58.05  58.00  20.00  41.05  58.00  59.00  41.05   0.00
16:18:25   4.2   0.0   0.0  95.8   0.0    2    142    337    0    0    0  37.29    0.00  10.81   5.90  20.58  58.05  58.00  20.00  41.05  58.00  59.00  41.05   0.00
16:18:26   4.2   0.0   0.0  95.8   0.0    2    124    330    0    0    0  36.11    0.00  10.78   5.90  19.44  58.05  58.00  20.00  41.05  58.00  58.00  41.05   0.00
16:18:27   4.2   0.0   0.0  95.8   0.0    2    175    350    0    0    0  36.13    0.00  10.85   5.90  19.38  58.05  58.00  20.00  41.05  58.00  58.00  41.05   0.00
16:18:28   4.2   0.0   0.0  95.8   0.0    2    426    519    0    0    1  36.12    0.00  10.80   5.93  19.39  58.05  58.00  20.00  41.05  58.00  58.00  41.05   0.00
16:18:29   4.2   0.0   0.0  95.8   0.0    2    124    329    0    0    0  35.92    0.00  10.77   5.90  19.24  58.05  58.00  20.00  41.05  58.00  58.00  41.05   0.00
16:18:30   4.2   0.0   0.0  95.8   0.0    2    142    341    0    0    0  35.92    0.00  10.77   5.90  19.24  57.05  57.00  20.00  41.05  57.00  58.00  41.05   0.00
16:18:31   4.2   0.0   0.0  95.8   0.0    2    178    353    0    0    0  36.10    0.00  10.85   5.90  19.35  59.05  59.00  20.00  41.05  59.00  58.00  41.05   0.00
16:18:32   4.2   0.0   0.0  95.8   0.0    2    151    363    0    0    0  38.00    0.00  11.16   5.90  20.94  57.05  57.00  20.00  41.05  57.00  58.00  41.05   0.00
16:18:33   4.2   0.0   0.0  95.8   0.0    2    132    331    0    0    0  35.90    0.00  10.78   5.90  19.23  58.05  58.00  20.00  41.05  58.00  59.00  41.05   0.00
16:18:34   4.2   0.0   0.0  95.8   0.0    2    106    328    0    0    0  35.90    0.00  10.77   5.90  19.24  57.05  57.00  20.00  41.05  57.00  59.00  41.05   0.00
16:18:35   4.2   0.0   0.0  95.8   0.0    2    166    346    0    0    0  35.92    0.00  10.77   5.90  19.26  57.05  57.00  20.00  41.05  57.00  59.00  41.05   0.00
16:18:36   4.2   0.0   0.0  95.8   0.0    2    136    323    0    0    0  35.91    0.00  10.77   5.90  19.24  59.05  59.00  20.00  41.05  59.00  58.00  41.05   0.00
16:18:37   4.2   0.0   0.0  95.8   0.0    2    150    334    0    0    0  36.66    0.00  10.91   5.90  19.85  58.05  58.00  20.00  41.05  58.00  58.00  41.05   0.00
16:18:38   4.2   0.0   0.0  95.8   0.0    2    132    489    0    0    0  36.38    0.00  10.84   5.92  19.62  57.05  57.00  20.00  41.05  57.00  58.00  41.05   0.00
16:18:39   4.2   0.0   0.0  95.8   0.0    2    156    345    0    0    0  35.89    0.00  10.76   5.90  19.24  58.05  58.00  20.00  41.05  58.00  58.00  41.05   0.00
16:18:40   4.2   0.0   0.0  95.8   0.0    2    124    323    0    0    0  35.88    0.00  10.76   5.90  19.22  57.05  57.00  20.00  41.05  57.00  58.00  41.05   0.00
16:18:41   4.2   0.0   0.0  95.8   0.0    2    142    338    0    0    0  35.87    0.00  10.75   5.90  19.22  58.05  58.00  20.00  41.05  58.00  58.00  41.05   0.00
16:18:42   4.2   0.0   0.0  95.8   0.0    2    134    347    0    0    0  35.88    0.00  10.75   5.90  19.23  58.05  58.00  20.00  41.05  58.00  58.00  41.05   0.00
16:18:43   4.2   0.0   0.0  95.8   0.0    2    184    353    0    0    0  35.88    0.00  10.75   5.90  19.23  58.05  58.00  20.00  41.05  58.00  58.00  41.05   0.00
16:18:44   4.2   0.0   0.0  95.8   0.0    2    114    314    0    0    0  35.87    0.00  10.75   5.90  19.21  58.05  58.00  20.00  41.05  58.00  58.00  41.05   0.00
16:18:45   4.2   0.0   0.0  95.8   0.0    2    130    329    0    0    0  35.86    0.00  10.75   5.90  19.21  58.05  58.00  20.00  41.05  58.00  58.00  41.05   0.00
16:18:46   4.2   0.0   0.0  95.8   0.0    2    130    329    0    0    0  35.86    0.00  10.75   5.90  19.21  58.05  58.00  20.00  41.05  58.00  58.00  41.05   0.00
16:18:47   4.2   0.0   0.0  95.8   0.0    2    180    351    0    0    0  35.90    0.00  10.75   5.90  19.26  58.05  58.00  20.00  41.05  58.00  58.00  41.05   0.00
16:18:48   4.2   0.0   0.0  95.8   0.0    2    293    594    1    0    0  38.47    0.00  11.07   6.15  21.25  58.05  58.00  20.00  41.05  58.00  58.00  41.05   0.00
16:18:49   4.2   0.0   0.0  95.8   0.0    2    124    469    0    0    0  37.93    0.00  10.83   5.91  21.19  57.05  57.00  20.00  41.05  57.00  58.00  41.05   0.00
16:18:50   4.2   0.0   0.0  95.8   0.0    2    116    336    0    0    0  37.86    0.00  10.82   5.90  21.14  57.05  57.00  20.00  41.05  57.00  58.00  41.05   0.00
16:18:51   4.2   0.0   0.0  95.8   0.0    2    190    369    0    0    0  37.04    0.00  10.80   5.90  20.34  57.05  57.00  20.00  41.05  57.00  58.00  41.05   0.00
16:18:52   4.2   0.0   0.0  95.8   0.0    2    120    318    0    0    0  36.04    0.00  10.77   5.90  19.37  58.05  58.00  20.00  41.05  58.00  58.00  41.05   0.00
16:18:53   4.2   0.0   0.0  95.8   0.0    2    143    338    0    0    0  36.92    0.00  10.96   5.90  20.06  59.05  59.00  20.00  41.05  59.00  58.00  41.05   0.00
16:18:54   4.2   0.0   0.0  95.8   0.0    2    136    341    0    0    0  35.92    0.00  10.77   5.90  19.25  58.05  58.00  20.00  41.05  58.00  58.00  41.05   0.00
16:18:55   4.2   0.0   0.0  95.8   0.0    2    178    454    0    0    0  36.17    0.00  10.85   5.90  19.42  58.05  58.00  20.00  41.05  58.00  58.00  41.05   0.00
16:18:56   4.2   0.0   0.0  95.8   0.0    2    130    326    0    0    0  36.92    0.00  10.96   5.90  20.06  57.05  57.00  20.00  41.05  57.00  58.00  41.05   0.00
16:18:57   4.2   0.0   0.0  95.8   0.0    2    130    331    0    0    0  35.91    0.00  10.77   5.90  19.24  57.05  57.00  20.00  41.05  57.00  58.00  41.05   0.00
16:18:58   4.2   0.0   0.0  95.8   0.0    2    114    334    0    0    0  35.92    0.00  10.77   5.90  19.25  57.05  57.00  20.00  41.05  57.00  58.00  41.05   0.00
16:18:59   4.2   0.0   0.0  95.8   0.0    2    457    364    0    0    0  36.26    0.00  10.87   5.92  19.47  57.05  57.00  20.00  41.05  57.00  58.00  41.05   0.00
16:19:00   4.2   0.0   0.0  95.8   0.0    2    175    521    0    0    0  36.06    0.00  10.78   5.91  19.37  58.05  58.00  20.00  41.05  58.00  58.00  41.05   0.00
16:19:01   4.2   0.0   0.0  95.8   0.0    2    146    334    0    0    0  35.93    0.00  10.77   5.90  19.26  57.05  57.00  20.00  41.05  57.00  58.00  41.05   0.00
16:19:02   4.2   0.0   0.0  95.8   0.0    2    158    503    0    0    0  36.04    0.00  10.79   5.92  19.34  57.05  57.00  20.00  41.05  57.00  58.00  41.05   0.00
16:19:03   4.2   0.0   0.0  95.8   0.0    2    158    346    0    0    0  35.93    0.00  10.77   5.90  19.25  57.05  57.00  20.00  41.05  57.00  58.00  41.05   0.00
16:19:04   4.2   0.0   0.0  95.8   0.0    2    136    473    0    0    0  37.05    0.00  10.97   5.91  20.17  57.05  57.00  20.00  41.05  57.00  58.00  41.05   0.00
16:19:05   4.2   0.0   0.0  95.8   0.0    2    134    328    0    0    0  35.91    0.00  10.77   5.90  19.24  57.05  57.00  20.00  41.05  57.00  58.00  41.05   0.00
16:19:06   4.2   0.0   0.0  95.8   0.0    2    130    327    0    0    0  35.91    0.00  10.77   5.90  19.24  57.05  57.00  20.00  41.05  57.00  58.00  41.05   0.00
16:19:07   4.2   0.0   0.0  95.8   0.0    2    195    356    0    0    0  36.04    0.00  10.82   5.91  19.31  58.05  58.00  20.00  41.05  58.00  58.00  41.05   0.00
16:19:08   4.2   0.0   0.0  95.8   0.0    2    108    315    0    0    0  35.90    0.00  10.76   5.90  19.24  57.05  57.00  20.00  41.05  57.00  58.00  41.05   0.00
16:19:09   4.2   0.0   0.0  95.8   0.0    2    162    352    0    0    0  35.97    0.00  10.79   5.92  19.26  57.05  57.00  20.00  41.05  57.00  58.00  41.05   0.00
16:19:10   4.2   0.0   0.0  95.8   0.0    2    126    333    0    0    0  35.92    0.00  10.77   5.90  19.24  57.05  57.00  20.00  41.05  57.00  58.00  41.05   0.00
16:19:11   4.2   0.0   0.0  95.8   0.0    2    204    442    0    0    0  36.99    0.00  10.96   5.91  20.12  58.05  58.00  20.00  41.05  58.00  58.00  41.05   0.00
16:19:12   4.2   0.0   0.0  95.8   0.0    2    139    421    0    0    0  36.01    0.00  10.77   5.91  19.33  57.05  57.00  20.00  41.05  57.00  58.00  41.05   0.00
16:19:13   4.2   0.0   0.0  95.8   0.0    2    118    323    0    0    0  35.84    0.00  10.75   5.90  19.20  58.05  58.00  20.00  41.05  58.00  58.00  41.05   0.00
16:19:14   4.2   0.0   0.0  95.8   0.0    2    116    328    0    0    0  35.87    0.00  10.75   5.90  19.22  58.05  58.00  20.00  41.05  58.00  58.00  41.05   0.00
16:19:15   4.2   0.0   0.0  95.8   0.0    2    164    346    0    0    0  35.92    0.00  10.77   5.90  19.25  58.05  58.00  20.00  41.05  58.00  58.00  41.05   0.00
16:19:16   4.2   0.0   0.0  95.8   0.0    2    144    324    0    0    0  35.90    0.00  10.75   5.90  19.24  57.05  57.00  20.00  41.05  57.00  58.00  41.05   0.00
16:19:17   4.2   0.0   0.0  95.8   0.0    2    142    331    0    0    0  35.87    0.00  10.76   5.90  19.21  58.05  58.00  20.00  41.05  58.00  58.00  41.05   0.00
16:19:18   4.2   0.0   0.0  95.8   0.0    2    110    323    0    0    0  35.85    0.00  10.75   5.90  19.20  57.05  57.00  20.00  41.05  57.00  58.00  41.05   0.00
16:19:19   4.2   0.0   0.0  95.8   0.0    2    152    342    0    0    0  35.85    0.00  10.74   5.90  19.21  58.05  58.00  20.00  41.05  58.00  58.00  41.05   0.00
16:19:20   4.2   0.0   0.0  95.8   0.0    2    124    326    0    0    0  35.87    0.00  10.75   5.90  19.21  58.05  58.00  20.00  41.05  57.00  58.00  41.05   0.00
16:19:21   4.2   0.0   0.0  95.8   0.0    2    157    354    0    0    0  36.90    0.00  10.94   5.90  20.05  57.05  57.00  20.00  41.05  57.00  58.00  41.05   0.00
16:19:22   4.2   0.0   0.0  95.8   0.0    2    293    494    0    0    0  37.29    0.00  11.02   6.14  20.12  58.05  58.00  20.00  41.05  58.00  58.00  41.05   0.00
16:19:23   4.2   0.0   0.0  95.8   0.0    2    164    351    0    0    0  37.84    0.00  10.82   5.90  21.13  57.05  57.00  20.00  41.05  57.00  58.00  41.05   0.00
16:19:24   4.2   0.0   0.0  95.8   0.0    2    120    317    0    0    0  37.84    0.00  10.82   5.90  21.12  57.05  57.00  20.00  41.05  57.00  58.00  41.05   0.00
16:19:25   4.2   0.0   0.0  95.8   0.0    2    124    327    0    0    0  37.84    0.00  10.82   5.90  21.12  57.05  57.00  20.00  41.05  57.00  58.00  41.05   0.00
16:19:26   4.2   0.0   0.0  95.8   0.0    2    145    349    0    0    0  36.30    0.00  10.78   5.90  19.61  57.05  57.00  20.00  41.05  57.00  58.00  41.05   0.00
16:19:27   4.2   0.0   0.0  95.8   0.0    2    172    349    0    0    0  35.92    0.00  10.77   5.90  19.25  58.05  58.00  20.00  41.05  57.00  58.00  41.05   0.00
16:19:28   4.2   0.0   0.0  95.8   0.0    2    110    316    0    0    0  35.89    0.00  10.77   5.90  19.22  57.05  57.00  20.00  41.05  57.00  58.00  41.05   0.00
16:19:29   4.2   0.0   0.0  95.8   0.0    2    433    455    0    0    0  36.08    0.00  10.79   5.92  19.37  57.05  57.00  20.00  41.05  57.00  58.00  41.05   0.00
16:19:30   4.2   0.0   0.0  95.8   0.0    2    128    347    0    0    0  36.94    0.00  10.96   5.91  20.07  57.05  57.00  20.00  41.05  57.00  58.00  41.05   0.00
16:19:31   4.2   0.0   0.0  95.8   0.0    2    176    465    0    0    0  35.96    0.00  10.77   5.91  19.27  57.05  57.00  20.00  41.05  57.00  58.00  41.05   0.00
16:19:32   4.2   0.0   0.0  95.8   0.0    2    128    322    0    0    0  35.93    0.00  10.78   5.91  19.24  57.05  57.00  20.00  41.05  57.00  58.00  41.05   0.00
16:19:33   4.2   0.0   0.0  95.8   0.0    2    112    512    0    0    0  36.03    0.00  10.78   5.91  19.34  57.05  57.00  20.00  41.05  57.00  58.00  41.05   0.00
16:19:34   4.2   0.0   0.0  95.8   0.0    2    112    331    0    0    0  35.89    0.00  10.77   5.90  19.22  57.05  57.00  20.00  41.05  57.00  58.00  41.05   0.00
16:19:35   4.2   0.0   0.0  95.8   0.0    2    181    354    0    0    0  35.89    0.00  10.77   5.90  19.22  58.05  58.00  20.00  41.05  58.00  58.00  41.05   0.00
-------- ----- ----- ----- ----- ----- ---- ------ ------ ---- ---- ---- ------  ------ ------ ------ ------ ------ ------ ------ ------ ------ ------ ------ ------
 Average   4.1   0.0   0.0  95.9   0.0  2.0  159.8  370.1  0.1  0.0  0.0  35.99    0.00  10.70   5.83  19.46  58.17  58.12  20.00  41.61  58.12  58.70  41.82   0.00
 GeoMean   0.0   0.0   0.0  95.9   0.0  2.0  151.2  363.5  0.0  0.0  0.0  35.34    0.00  10.50   5.63  19.15  58.16  58.11  20.00  41.60  58.11  58.69  41.81   0.00
  StdDev   0.5   0.0   0.0   0.5   0.0  0.1   65.1   71.5  0.6  0.2  0.3   3.67    0.00   1.08   0.64   2.00   0.93   0.92   0.00   0.50   0.93   0.80   0.71   0.00
-------- ----- ----- ----- ----- ----- ---- ------ ------ ---- ---- ---- ------  ------ ------ ------ ------ ------ ------ ------ ------ ------ ------ ------ ------
 Minimum   0.0   0.0   0.0  95.7   0.0  1.0  100.0  101.0  0.0  0.0  0.0   2.11    0.00   0.59   0.07   1.44  52.05  52.00  20.00  41.05  52.00  55.00  41.05   0.00
 Maximum   4.2   0.0   0.1 100.0   0.1  2.0  512.0  667.0  6.0  3.0  3.0  41.34    0.00  11.27   6.15  24.18  60.05  60.00  20.00  42.05  60.00  63.00  43.05   0.00
-------- ----- ----- ----- ----- ----- ---- ------ ------ ---- ---- ---- ------  ------ ------ ------ ------ ------ ------ ------ ------ ------ ------ ------ ------
Summary:
CPU:  35.99 Watts on average with standard deviation 3.67  
Note: power read from RAPL domains: uncore, pkg-0, core, psys.
These readings do not cover all the hardware in this device.

Histogram (of 243 power measurements)

 Range (Watts)  Count
 2.107 -  6.030     2 
 6.031 -  9.953     1 
 9.954 - 13.877     0 
13.878 - 17.800     0 
17.801 - 21.723     0 
21.724 - 25.647     0 
25.648 - 29.570     0 
29.571 - 33.494     0 
33.495 - 37.417   212 ########################################
37.418 - 41.341    28 #####

Histogram (of 243 CPU utilization measurements)

Range (%CPU)  Count
0.042 - 0.470     3 
0.471 - 0.899     0 
0.900 - 1.328     0 
1.329 - 1.757     0 
1.758 - 2.187     0 
2.188 - 2.616     0 
2.617 - 3.045     0 
3.046 - 3.474     0 
3.475 - 3.903     0 
3.904 - 4.332   240 ########################################

Histogram (of 243 thermal zone TCPU readings)

 Range (°C)    Count
52.050 - 52.849     1 
52.850 - 53.649     0 
53.650 - 54.449     2 
54.450 - 55.249     0 
55.250 - 56.049     0 
56.050 - 56.849     0 
56.850 - 57.649    46 ################
57.650 - 58.449   112 ########################################
58.450 - 59.249    76 ###########################
59.250 - 60.049     6 ##

Histogram (of 243 thermal zone x86_pkg_temp readings)

 Range (°C)    Count
52.000 - 52.799     1 
52.800 - 53.599     0 
53.600 - 54.399     1 
54.400 - 55.199     1 
55.200 - 55.999     0 
56.000 - 56.799     0 
56.800 - 57.599    46 ################
57.600 - 58.399   112 ########################################
58.400 - 59.199    76 ###########################
59.200 - 59.999     6 ##

Range is zero, cannot produce histogram of thermal zone INT3400 Thermal

Histogram (of 243 thermal zone SEN3 readings)

 Range (°C)    Count
41.050 - 41.149   108 ################################
41.150 - 41.249     0 
41.250 - 41.349     0 
41.350 - 41.449     0 
41.450 - 41.549     0 
41.550 - 41.649     0 
41.650 - 41.749     0 
41.750 - 41.849     0 
41.850 - 41.949     0 
41.950 - 42.049   135 ########################################

Histogram (of 243 thermal zone TCPU_PCI readings)

 Range (°C)    Count
52.000 - 52.799     1 
52.800 - 53.599     0 
53.600 - 54.399     2 
54.400 - 55.199     0 
55.200 - 55.999     0 
56.000 - 56.799     0 
56.800 - 57.599    46 ################
57.600 - 58.399   111 ########################################
58.400 - 59.199    77 ###########################
59.200 - 59.999     6 ##

Histogram (of 243 thermal zone iwlwifi_1 readings)

 Range (°C)    Count
55.000 - 55.799     1 
55.800 - 56.599     2 
56.600 - 57.399     0 
57.400 - 58.199    97 ##################################
58.200 - 58.999   112 ########################################
59.000 - 59.799     0 
59.800 - 60.599    30 ##########
60.600 - 61.399     0 
61.400 - 62.199     0 
62.200 - 62.999     1 

Histogram (of 243 thermal zone acpitz readings)

 Range (°C)    Count
41.050 - 41.249    96 ###################################
41.250 - 41.449     0 
41.450 - 41.649     0 
41.650 - 41.849     0 
41.850 - 42.049   107 ########################################
42.050 - 42.249     0 
42.250 - 42.449     0 
42.450 - 42.649     0 
42.650 - 42.849     0 
42.850 - 43.049    40 ##############

Range is zero, cannot produce histogram of thermal zone SEN2
