Running for 86400.0 seconds (86400 samples at 1.0 second intervals).
Power measurements will start in 0 seconds time.

  Time    User  Nice   Sys  Idle    IO  Run Ctxt/s  IRQ/s Fork Exec Exit  Watts  uncore  pkg-0   core   psys   TCPU x86_pk INT340   SEN3 TCPU_P iwlwif acpitz   SEN2
00:17:05   0.0   0.0   0.0 100.0   0.0    1    176    303    0    0    0   4.46    0.00   1.18   0.19   3.08  52.05  52.00  20.00  41.05  52.00  71.00  41.05   0.00
00:17:06   0.0   0.0   0.0 100.0   0.0    1    167     89    0    0    0   2.50    0.00   0.67   0.05   1.77  52.05  52.00  20.00  41.05  52.00  64.00  41.05   0.00
00:17:07   0.0   0.0   0.1  99.8   0.0    2    358    187   14    6    8   4.07    0.00   1.11   0.17   2.80  50.05  50.00  20.00  41.05  50.00  64.00  41.05   0.00
00:17:08  14.1   0.0   0.8  85.1   0.0    3  46745   5587   35    0    0  88.07    0.00  25.46  19.99  42.62  64.05  64.00  20.00  41.05  64.00  57.00  41.05   0.00
00:17:09  19.4   0.0   0.7  79.9   0.0    5  49198   5909    9    4    4 106.98    0.00  31.55  25.77  49.66  68.05  68.00  20.00  41.05  68.00  57.00  41.05   0.00
00:17:10  10.5   0.0   1.0  88.4   0.1    3  28258   6427  106    5   64  62.65    0.00  17.32  11.30  34.03  58.05  58.00  20.00  41.05  60.00  57.00  41.05   0.00
00:17:11  22.8   0.0   1.3  75.9   0.0    5  59570  13175   14    0    9  84.92    0.00  24.76  19.05  41.11  60.05  60.00  20.00  41.05  60.00  69.00  41.05   0.00
00:17:12  14.5   0.0   0.8  84.6   0.0    3  54773  10487   68   90   67  71.49    0.00  19.86  13.43  38.20  57.05  57.00  20.00  41.05  57.00  62.00  41.05   0.00
00:17:13  18.1   0.0   0.3  81.6   0.0    5  26928   3760    0    0    0  73.83    0.00  20.78  14.98  38.07  62.05  62.00  20.00  41.05  62.00  62.00  41.05   0.00
00:17:14  55.0   0.0   1.5  43.5   0.0   16  51634  13244   30    0    0 109.61    0.00  32.50  26.41  50.71  66.05  66.00  20.00  41.05  66.00  63.00  41.05   0.00
00:17:15  79.4   0.0   0.8  19.8   0.0   18  28109   8670    0    0    1 106.27    0.00  31.40  24.98  49.90  60.05  60.00  20.00  41.05  59.00  63.00  41.05   0.00
00:17:16  76.1   0.0   0.9  23.0   0.0   19  23560   7820    0    0    1 101.48    0.00  29.80  23.20  48.48  60.05  60.00  20.00  41.05  60.00  61.00  41.05   0.00
00:17:17  69.8   0.0   0.6  29.6   0.0   20  18230   7023    0    0    0 101.26    0.00  29.86  23.50  47.89  60.05  60.00  20.00  41.05  60.00  61.00  41.05   0.00
00:17:18  49.2   0.0   0.5  50.2   0.0    5  19290   5624    1    0    1  98.18    0.00  28.78  22.55  46.85  69.05  69.00  20.00  41.05  69.00  61.00  41.05   0.00
00:17:19  37.0   0.0   0.2  62.7   0.0    5  21350   4795    0    0    0 104.39    0.00  30.47  24.20  49.72  68.05  68.00  20.00  41.05  68.00  61.00  41.05   0.00
00:17:20  55.2   0.0   0.6  44.1   0.0   29  27541   7425   37    0    4 102.93    0.00  30.34  24.31  48.28  75.05  75.00  20.00  41.05  75.00  61.00  41.05   0.00
00:17:21  97.9   0.0   0.4   1.7   0.0   28   8119   8009    0    0    1 105.60    0.00  31.42  25.43  48.75  60.05  60.00  20.00  41.05  60.00  68.00  41.05   0.00
00:17:22  66.2   0.0   1.0  32.8   0.0    6  25006   7864    0    0    0  98.67    0.00  28.65  22.58  47.44  74.05  74.00  20.00  41.05  74.00  68.00  41.05   0.00
00:17:23  74.1   0.0   0.9  25.1   0.0   30  39908   8643    0    0    0 109.37    0.00  31.74  25.32  52.31  60.05  60.00  20.00  41.05  60.00  61.00  41.05   0.00
00:17:24  95.6   0.0   0.6   3.8   0.0   27  11606   8004    0    0    0 102.71    0.00  29.86  23.48  49.37  60.05  60.00  20.00  41.05  60.00  61.00  41.05   0.00
00:17:25  96.7   0.0   0.8   2.5   0.0   27  15476   9530    0    0    0 102.42    0.00  29.89  23.39  49.14  60.05  60.00  20.00  41.05  60.00  62.00  41.05   0.00
00:17:26  96.9   0.0   0.5   2.5   0.0   29  15075   9122    0    0    0 101.63    0.00  30.00  23.69  47.94  60.05  60.00  20.00  41.05  60.00  62.00  42.05   0.00
00:17:27  96.1   0.0   0.7   3.2   0.0   29  13387   8454    0    0    0 101.07    0.00  29.85  23.51  47.71  61.05  62.00  20.00  41.05  62.00  61.00  42.05   0.00
00:17:28  95.6   0.0   0.8   3.6   0.0   26  14978   9012    0    0    0 100.99    0.00  29.83  23.48  47.69  60.05  60.00  20.00  41.05  60.00  61.00  42.05   0.00
00:17:29  95.6   0.0   0.6   3.8   0.0   28  11713   8397    0    0    0 101.35    0.00  29.91  23.53  47.91  60.05  60.00  20.00  41.05  60.00  61.00  42.05   0.00
00:17:30  80.2   0.0   0.9  18.8   0.0    6  12757  65780    0    0    0  98.83    0.00  29.24  23.02  46.57  59.05  59.00  20.00  41.05  59.00  61.00  42.05   0.00
00:17:31  58.7   0.0   0.4  40.9   0.0    5  14045   6011    0    0    0  98.34    0.00  28.75  22.53  47.06  66.05  66.00  20.00  41.05  66.00  61.00  42.05   0.00
00:17:32  18.8   0.0   0.3  80.9   0.0    5  14862   2822    0    0    0 103.15    0.00  30.31  24.69  48.15  68.05  68.00  20.00  41.05  68.00  61.00  42.05   0.00
-------- ----- ----- ----- ----- ----- ---- ------ ------ ---- ---- ---- ------  ------ ------ ------ ------ ------ ------ ------ ------ ------ ------ ------ ------
 Average  53.3   0.0   0.7  46.0   0.0 13.8 23315.0 9006.2 11.2  3.8  5.7  87.40    0.00  25.55  19.95  41.90  61.80  61.79  20.00  41.05  61.82  62.21  41.30   0.00
 GeoMean   0.0   0.0   0.0  25.5   0.0  8.7 13629.6 5299.4  0.0  0.0  0.0  67.84    0.00  19.62  12.55  33.90  61.53  61.52  20.00  41.05  61.55  62.13  41.30   0.00
  StdDev  34.8   0.0   0.3  34.9   0.0 11.1 16250.9 11398.7 24.1 16.7 16.7  31.07    0.00   9.24   7.72  14.23   5.80   5.80   0.00   0.00   5.78   3.27   0.43   0.00
-------- ----- ----- ----- ----- ----- ---- ------ ------ ---- ---- ---- ------  ------ ------ ------ ------ ------ ------ ------ ------ ------ ------ ------ ------
 Minimum   0.0   0.0   0.0   1.7   0.0  1.0  167.0   89.0  0.0  0.0  0.0   2.50    0.00   0.67   0.05   1.77  50.05  50.00  20.00  41.05  50.00  57.00  41.05   0.00
 Maximum  97.9   0.0   1.5 100.0   0.1 30.0 59570.0 65780.0 106.0 90.0 67.0 109.61    0.00  32.50  26.41  52.31  75.05  75.00  20.00  41.05  75.00  71.00  42.05   0.00
-------- ----- ----- ----- ----- ----- ---- ------ ------ ---- ---- ---- ------  ------ ------ ------ ------ ------ ------ ------ ------ ------ ------ ------ ------
Summary:
CPU:  87.40 Watts on average with standard deviation 31.07 
Note: power read from RAPL domains: uncore, pkg-0, core, psys.
These readings do not cover all the hardware in this device.

Histogram (of 28 power measurements)

  Range (Watts)   Count
  2.495 -  13.206     3 #######
 13.207 -  23.918     0 
 23.919 -  34.630     0 
 34.631 -  45.342     0 
 45.343 -  56.054     0 
 56.055 -  66.766     1 ##
 66.767 -  77.478     2 #####
 77.479 -  88.190     2 #####
 88.191 -  98.902     4 ##########
 98.903 - 109.614    16 ########################################

Histogram (of 28 CPU utilization measurements)

 Range (%CPU)   Count
 0.000 -  9.831     3 #################
 9.832 - 19.664     5 ############################
19.665 - 29.496     2 ###########
29.497 - 39.328     1 #####
39.329 - 49.160     0 
49.161 - 58.993     3 #################
58.994 - 68.825     2 ###########
68.826 - 78.657     3 #################
78.658 - 88.490     2 ###########
88.491 - 98.322     7 ########################################

Histogram (of 28 thermal zone TCPU readings)

 Range (°C)    Count
50.050 - 52.549     3 #########
52.550 - 55.049     0 
55.050 - 57.549     1 ###
57.550 - 60.049    13 ########################################
60.050 - 62.549     2 ######
62.550 - 65.049     1 ###
65.050 - 67.549     2 ######
67.550 - 70.049     4 ############
70.050 - 72.549     0 
72.550 - 75.049     2 ######

Histogram (of 28 thermal zone x86_pkg_temp readings)

 Range (°C)    Count
50.000 - 52.499     3 #########
52.500 - 54.999     0 
55.000 - 57.499     1 ###
57.500 - 59.999    13 ########################################
60.000 - 62.499     2 ######
62.500 - 64.999     1 ###
65.000 - 67.499     2 ######
67.500 - 69.999     4 ############
70.000 - 72.499     0 
72.500 - 74.999     2 ######

Range is zero, cannot produce histogram of thermal zone INT3400 Thermal

Range is zero, cannot produce histogram of thermal zone SEN3

Histogram (of 28 thermal zone TCPU_PCI readings)

 Range (°C)    Count
50.000 - 52.499     3 #########
52.500 - 54.999     0 
55.000 - 57.499     1 ###
57.500 - 59.999    13 ########################################
60.000 - 62.499     2 ######
62.500 - 64.999     1 ###
65.000 - 67.499     2 ######
67.500 - 69.999     4 ############
70.000 - 72.499     0 
72.500 - 74.999     2 ######

Histogram (of 28 thermal zone iwlwifi_1 readings)

 Range (°C)    Count
57.000 - 58.399     3 #########
58.400 - 59.799     0 
59.800 - 61.199    13 ########################################
61.200 - 62.599     4 ############
62.600 - 63.999     4 ############
64.000 - 65.399     0 
65.400 - 66.799     0 
66.800 - 68.199     2 ######
68.200 - 69.599     1 ###
69.600 - 70.999     1 ###

Histogram (of 28 thermal zone acpitz readings)

 Range (°C)    Count
41.050 - 41.149    21 ########################################
41.150 - 41.249     0 
41.250 - 41.349     0 
41.350 - 41.449     0 
41.450 - 41.549     0 
41.550 - 41.649     0 
41.650 - 41.749     0 
41.750 - 41.849     0 
41.850 - 41.949     0 
41.950 - 42.049     7 #############

Range is zero, cannot produce histogram of thermal zone SEN2
