Running for 86400.0 seconds (86400 samples at 1.0 second intervals).
Power measurements will start in 0 seconds time.

  Time    User  Nice   Sys  Idle    IO  Run Ctxt/s  IRQ/s Fork Exec Exit  Watts  uncore  pkg-0   core   psys   TCPU x86_pk INT340   SEN3 TCPU_P iwlwif acpitz   SEN2
15:59:46   3.1   0.0   1.1  95.8   0.0    2    407    872    3    3    1  36.45    0.00  10.52   5.06  20.87  54.05  54.00  20.00  42.05  54.00  72.00  42.05   0.00
15:59:47   2.7   0.0   0.2  97.0   0.1    1    524    615    4    0    5  27.54    0.00   7.80   3.55  16.19  52.05  53.00  20.00  42.05  54.00  72.00  42.05   0.00
15:59:48   0.0   0.0   0.2  99.8   0.0    2    360    185   14    6    8   3.47    0.00   0.94   0.18   2.34  51.05  51.00  20.00  42.05  51.00  56.00  42.05   0.00
15:59:49  12.8   0.0   0.8  86.4   0.0    5  29792   4593   33    0    0  75.94    0.00  21.13  15.65  39.16  59.05  59.00  20.00  42.05  59.00  56.00  42.05   0.00
15:59:50  16.0   0.0   0.6  83.4   0.0    5  25934   3885    4    0    0  85.04    0.00  24.07  18.38  42.59  61.05  61.00  20.00  42.05  61.00  56.00  42.05   0.00
15:59:51  17.2   0.0   0.8  82.0   0.0    3  21807   4213   30    4   28  89.15    0.00  25.22  19.44  44.48  62.05  62.00  20.00  42.05  62.00  59.00  42.05   0.00
15:59:52  20.3   0.0   1.7  78.0   0.0    5  68548  14765   97    5   44  97.25    0.00  28.05  21.87  47.33  62.05  62.00  20.00  42.05  62.00  66.00  42.05   0.00
15:59:53  18.2   0.0   1.1  80.7   0.0    3  67434  11804    8    5    9  73.20    0.00  20.72  14.92  37.56  63.05  63.00  20.00  42.05  63.00  66.00  42.05   0.00
15:59:54  13.3   0.0   0.7  86.0   0.0    5  31795   5143   64   85   66  69.06    0.00  18.99  12.34  37.73  67.05  67.00  20.00  42.05  67.00  64.00  42.05   0.00
15:59:55  26.2   0.0   0.7  73.1   0.0   23  45763   6767   30    0    0  95.07    0.00  27.58  21.64  45.85  68.05  68.00  20.00  42.05  68.00  64.00  42.05   0.00
15:59:56  72.8   0.0   1.2  26.0   0.0   27  45004  13396    0    0    0 104.43    0.00  30.90  24.69  48.85  60.05  60.00  20.00  42.05  60.00  67.00  42.05   0.00
15:59:57  76.8   0.0   0.8  22.4   0.0   11  17740   7155    0    0    1 101.10    0.00  29.84  23.52  47.74  60.05  60.00  20.00  42.05  60.00  67.00  42.05   0.00
15:59:58  70.8   0.0   1.1  28.1   0.0   19  37539   8630    0    0    2 102.01    0.00  30.11  23.82  48.08  62.05  62.00  20.00  42.05  62.00  62.00  42.05   0.00
15:59:59  71.2   0.0   0.7  28.1   0.0   14  59161  11477    0    0    0 100.14    0.00  29.38  22.79  47.96  62.05  62.00  20.00  42.05  62.00  62.00  42.05   0.00
16:00:00  70.8   0.0   0.5  28.7   0.0   18  15132   6966    0    0    0 102.57    0.00  30.11  23.52  48.94  61.05  61.00  20.00  42.05  61.00  62.00  42.05   0.00
16:00:01  32.9   0.0   0.6  66.5   0.0    5  18159   4585    1    0    1  93.73    0.00  27.13  20.92  45.68  70.05  70.00  20.00  42.05  70.00  62.00  42.05   0.00
16:00:02  46.3   0.0   0.2  53.4   0.0    5  26053   6934    0    0    3 105.09    0.00  31.01  25.12  48.96  69.05  69.00  20.00  42.05  69.00  66.00  42.05   0.00
16:00:03  63.7   0.0   0.5  35.8   0.0    6  22893   7578   12    0    0 108.27    0.00  32.03  25.93  50.31  58.05  58.00  20.00  42.05  58.00  66.00  42.05   0.00
16:00:04  83.5   0.0   0.5  16.0   0.0   28  13329   8018   24    0    0 103.99    0.00  30.81  24.81  48.38  60.05  60.00  20.00  42.05  61.00  65.00  42.05   0.00
16:00:05  85.8   0.0   0.2  14.0   0.0    5   5628   6492    0    0    1  96.05    0.00  28.21  22.05  45.79  70.05  70.00  20.00  42.05  70.00  65.00  42.05   0.00
16:00:06  76.9   0.0   0.6  22.4   0.0   29  26430  46934    1    0    0 107.37    0.00  31.93  25.90  49.54  61.05  61.00  20.00  42.05  61.00  61.00  42.05   0.00
16:00:07  94.6   0.0   0.6   4.8   0.0   27  14622   7574    0    0    0 102.03    0.00  30.13  23.86  48.04  61.05  61.00  20.00  42.05  61.00  61.00  42.05   0.00
16:00:08  86.8   0.0   0.6  12.5   0.0   26  14521   8105    0    0    0 100.46    0.00  29.70  23.38  47.38  62.05  62.00  20.00  42.05  61.00  63.00  42.05   0.00
16:00:09  95.8   0.0   0.7   3.5   0.0   31  14753   8831    0    0    0 101.03    0.00  29.81  23.46  47.76  61.05  61.00  20.00  42.05  62.00  63.00  42.05   0.00
16:00:10  95.7   0.0   0.7   3.6   0.0   27  14159   8435    0    0    0 101.05    0.00  29.81  23.45  47.79  61.05  61.00  20.00  42.05  61.00  63.00  43.05   0.00
16:00:11  94.7   0.0   0.9   4.4   0.0   26  23274   8818    0    0    0 100.69    0.00  29.51  22.92  48.26  62.05  62.00  20.00  42.05  62.00  62.00  43.05   0.00
16:00:12  95.8   0.0   1.0   3.2   0.0   26  13572   8708    0    0    0 100.85    0.00  29.77  23.36  47.73  61.05  61.00  20.00  42.05  61.00  62.00  43.05   0.00
16:00:13  92.3   0.0   0.7   6.9   0.0   26  11387   7430    0    0    1  99.08    0.00  29.20  22.84  47.04  60.05  60.00  20.00  42.05  60.00  62.00  43.05   0.00
16:00:14  95.5   0.0   0.7   3.8   0.0   27  11990   8027    0    0    0 103.07    0.00  30.43  23.99  48.65  61.05  61.00  20.00  42.05  61.00  62.00  43.05   0.00
16:00:15  83.8   0.0   0.8  15.4   0.0   17  15112  29494    0    0    0  97.33    0.00  28.64  22.27  46.41  64.05  64.00  20.00  42.05  64.00  62.00  43.05   0.00
16:00:16  92.2   0.0   0.7   7.1   0.0   26  13034   7915    1    0    1 105.04    0.00  31.06  24.55  49.43  63.05  63.00  20.00  42.05  63.00  63.00  43.05   0.00
16:00:17  95.3   0.0   0.9   3.7   0.0   28  10332   7451    0    0    0 102.17    0.00  30.06  23.56  48.55  62.05  62.00  20.00  42.05  62.00  63.00  43.05   0.00
16:00:18  96.0   0.0   0.8   3.2   0.0   27   9877   7518    0    0    0 103.15    0.00  30.37  23.87  48.91  62.05  62.00  20.00  42.05  62.00  63.00  43.05   0.00
16:00:19  96.4   0.0   0.5   3.0   0.0   29   9803   7456    0    0    0 104.30    0.00  30.73  24.22  49.34  63.05  63.00  20.00  42.05  63.00  63.00  43.05   0.00
16:00:20  95.3   0.0   0.8   3.9   0.0   28  12027   8120    0    0    0 105.17    0.00  30.98  24.39  49.80  63.05  63.00  20.00  42.05  63.00  63.00  43.05   0.00
16:00:21  95.9   0.0   0.8   3.3   0.0   29   8096   7769    0    0    0 106.54    0.00  31.28  24.47  50.79  65.05  65.00  20.00  42.05  65.00  64.00  43.05   0.00
16:00:22  96.6   0.0   0.7   2.7   0.0   30   6416   7142    1    0    0  98.86    0.00  28.90  22.31  47.64  62.05  62.00  20.00  42.05  62.00  64.00  43.05   0.00
16:00:23  76.2   0.0   1.2  22.6   0.0   28  39293  22916    0    0    0  97.53    0.00  28.24  21.86  47.42  62.05  62.00  20.00  42.05  62.00  64.00  43.05   0.00
16:00:24  94.3   0.0   1.2   4.4   0.0   28  34173   9108    0    0    0 106.69    0.00  30.92  24.22  51.54  63.05  63.00  20.00  42.05  63.00  63.00  43.05   0.00
16:00:25  94.0   0.0   1.1   4.9   0.0   29  14162   8334    0    0    0 106.34    0.00  30.80  24.10  51.45  63.05  63.00  20.00  42.05  63.00  63.00  43.05   0.00
16:00:26  95.9   0.0   1.2   2.9   0.0   24  13215   7757    0    0    0 108.29    0.00  31.72  24.97  51.60  63.05  63.00  20.00  42.05  63.00  64.00  43.05   0.00
16:00:27  27.6   0.0   0.3  72.1   0.0    6  12945   3275    0    0    0  86.42    0.00  25.16  19.35  41.91  75.05  75.00  20.00  42.05  75.00  64.00  43.05   0.00
16:00:28   9.2   0.0   0.2  90.6   0.0    4   4408   1481    1    0    3  60.62    0.00  17.52  12.14  30.96  71.05  71.00  20.00  42.05  71.00  73.00  43.05   0.00
16:00:29  13.9   0.0   0.3  85.9   0.0    4   6893   2115    1    0    1  80.77    0.00  23.23  17.59  39.95  64.05  64.00  20.00  42.05  64.00  73.00  43.05   0.00
16:00:30   8.8   0.0   0.1  91.1   0.0    2   3751   1244    0    0    1  60.18    0.00  16.98  11.54  31.66  58.05  58.00  20.00  42.05  58.00  73.00  44.05   0.00
16:00:31   4.2   0.0   0.0  95.8   0.0    2    376    662    0    0    0  34.01    0.00  10.13   5.08  18.80  58.05  58.00  20.00  42.05  58.00  73.00  44.05   0.00
16:00:32   4.2   0.0   0.0  95.8   0.0    2    310    482    0    0    0  34.67    0.00  10.23   5.06  19.38  58.05  58.00  20.00  42.05  58.00  69.00  44.05   0.00
16:00:33   4.7   0.0   0.1  95.1   0.0    5    484    858    1    0    5  37.12    0.00  10.94   5.91  20.27  68.05  68.00  20.00  42.05  68.00  58.00  44.05   0.00
16:00:34   6.8   0.0   0.0  93.2   0.0    2    710   1005    3    0    2  45.52    0.00  12.78   7.55  25.19  56.05  56.00  20.00  42.05  56.00  58.00  44.05   0.00
16:00:35   7.4   0.0   0.1  92.5   0.0    2   2271   1473    2    0    1  51.35    0.00  14.68   9.47  27.19  56.05  56.00  20.00  42.05  56.00  61.00  44.05   0.00
16:00:36  32.0   0.0   0.6  67.5   0.0    2   4511  22084    0    0    3  74.57    0.00  22.13  16.46  35.97  56.05  56.00  20.00  42.05  56.00  61.00  44.05   0.00
16:00:37   4.4   0.0   0.0  95.5   0.0    2    434    593    0    0    2  34.78    0.00  10.29   5.26  19.23  56.05  56.00  20.00  42.05  56.00  59.00  44.05   0.00
16:00:38   4.3   0.0   0.0  95.7   0.0    2    405    586    0    0    0  33.87    0.00  10.06   5.05  18.76  55.05  55.00  20.00  42.05  55.00  59.00  44.05   0.00
16:00:39   4.2   0.0   0.0  95.8   0.0    2    382    615    0    0    0  33.26    0.00   9.93   4.94  18.39  55.05  55.00  20.00  43.05  55.00  57.00  44.05   0.00
16:00:40   8.3   0.0   0.3  91.4   0.0    2   2589   1561    8    4    0  54.44    0.00  15.88  10.38  28.18  63.05  63.00  20.00  43.05  63.00  57.00  44.05   0.00
-------- ----- ----- ----- ----- ----- ---- ------ ------ ---- ---- ---- ------  ------ ------ ------ ------ ------ ------ ------ ------ ------ ------ ------ ------
 Average  52.4   0.0   0.6  46.9   0.0 14.5 16794.9 7562.7  6.2  2.0  3.4  82.69    0.00  24.15  18.25  40.29  61.60  61.56  20.00  42.09  61.60  63.42  42.81   0.00
 GeoMean  28.5   0.0   0.0  24.4   0.0  8.8 7941.4 4498.8  0.0  0.0  0.0  74.29    0.00  21.64  15.12  37.04  61.43  61.40  20.00  42.09  61.44  63.28  42.81   0.00
  StdDev  38.5   0.0   0.4  38.7   0.0 11.5 16489.0 7787.5 16.7 11.4 11.0  27.87    0.00   8.26   7.53  12.16   4.60   4.56   0.00   0.19   4.52   4.29   0.76   0.00
-------- ----- ----- ----- ----- ----- ---- ------ ------ ---- ---- ---- ------  ------ ------ ------ ------ ------ ------ ------ ------ ------ ------ ------ ------
 Minimum   0.0   0.0   0.0   2.7   0.0  1.0  310.0  185.0  0.0  0.0  0.0   3.47    0.00   0.94   0.18   2.34  51.05  51.00  20.00  42.05  51.00  56.00  42.05   0.00
 Maximum  96.6   0.0   1.7  99.8   0.1 31.0 68548.0 46934.0 97.0 85.0 66.0 108.29    0.00  32.03  25.93  51.60  75.05  75.00  20.00  43.05  75.00  73.00  44.05   0.00
-------- ----- ----- ----- ----- ----- ---- ------ ------ ---- ---- ---- ------  ------ ------ ------ ------ ------ ------ ------ ------ ------ ------ ------ ------
Summary:
CPU:  82.69 Watts on average with standard deviation 27.87 
Note: power read from RAPL domains: uncore, pkg-0, core, psys.
These readings do not cover all the hardware in this device.

Histogram (of 55 power measurements)

  Range (Watts)   Count
  3.469 -  13.950     1 #
 13.951 -  24.433     0 
 24.434 -  34.915     6 ########
 34.916 -  45.397     2 ##
 45.398 -  55.879     3 ####
 55.880 -  66.361     2 ##
 66.362 -  76.844     4 #####
 76.845 -  87.326     3 ####
 87.327 -  97.808     7 ##########
 97.809 - 108.290    27 ########################################

Histogram (of 55 CPU utilization measurements)

 Range (%CPU)   Count
 0.208 -  9.915    14 ################################
 9.916 - 19.623     6 ##############
19.624 - 29.330     3 #######
29.331 - 39.038     2 ####
39.039 - 48.746     1 ##
48.747 - 58.453     0 
58.454 - 68.161     1 ##
68.162 - 77.869     7 ################
77.870 - 87.576     4 #########
87.577 - 97.284    17 ########################################

Histogram (of 55 thermal zone TCPU readings)

 Range (°C)    Count
51.050 - 53.449     2 ###
53.450 - 55.849     3 ####
55.850 - 58.249     8 ############
58.250 - 60.649     5 #######
60.650 - 63.049    26 ########################################
63.050 - 65.449     3 ####
65.450 - 67.849     1 #
67.850 - 70.249     5 #######
70.250 - 72.649     1 #
72.650 - 75.049     1 #

Histogram (of 55 thermal zone x86_pkg_temp readings)

 Range (°C)    Count
51.000 - 53.399     2 ###
53.400 - 55.799     3 ####
55.800 - 58.199     8 ############
58.200 - 60.599     5 #######
60.600 - 62.999    26 ########################################
63.000 - 65.399     3 ####
65.400 - 67.799     1 #
67.800 - 70.199     5 #######
70.200 - 72.599     1 #
72.600 - 74.999     1 #

Range is zero, cannot produce histogram of thermal zone INT3400 Thermal

Histogram (of 55 thermal zone SEN3 readings)

 Range (°C)    Count
42.050 - 42.149    53 ########################################
42.150 - 42.249     0 
42.250 - 42.349     0 
42.350 - 42.449     0 
42.450 - 42.549     0 
42.550 - 42.649     0 
42.650 - 42.749     0 
42.750 - 42.849     0 
42.850 - 42.949     0 
42.950 - 43.049     2 #

Histogram (of 55 thermal zone TCPU_PCI readings)

 Range (°C)    Count
51.000 - 53.399     1 #
53.400 - 55.799     4 #####
55.800 - 58.199     8 ###########
58.200 - 60.599     4 #####
60.600 - 62.999    27 ########################################
63.000 - 65.399     3 ####
65.400 - 67.799     1 #
67.800 - 70.199     5 #######
70.200 - 72.599     1 #
72.600 - 74.999     1 #

Histogram (of 55 thermal zone iwlwifi_1 readings)

 Range (°C)    Count
56.000 - 57.699     5 ###########
57.700 - 59.399     5 ###########
59.400 - 61.099     4 #########
61.100 - 62.799     9 #####################
62.800 - 64.499    17 ########################################
64.500 - 66.199     6 ##############
66.200 - 67.899     2 ####
67.900 - 69.599     1 ##
69.600 - 71.299     0 
71.300 - 72.999     6 ##############

Histogram (of 55 thermal zone acpitz readings)

 Range (°C)    Count
42.050 - 42.249    24 ########################################
42.250 - 42.449     0 
42.450 - 42.649     0 
42.650 - 42.849     0 
42.850 - 43.049    20 #################################
43.050 - 43.249     0 
43.250 - 43.449     0 
43.450 - 43.649     0 
43.650 - 43.849     0 
43.850 - 44.049    11 ##################

Range is zero, cannot produce histogram of thermal zone SEN2
